probe,press,accuracy,rt,threshold,score,run_num
2,2,1,0.777095079422,0.5,-1,0
3,3,1,0.410866975784,0.5,1,0
1,1,1,0.44123005867,0.5,1,0
4,4,1,0.416600942612,0.5,1,0
0,-1,0,0.8,0.5,-2,0
3,3,1,0.519297122955,0.5,-1,0
2,2,1,0.392081975937,0.5,1,0
4,4,1,0.51441693306,0.5,-1,0
1,1,1,0.375860929489,0.5,1,0
0,0,1,0.40061211586,0.5,1,0
2,2,1,0.342882156372,0.5,1,0
1,1,1,0.375144004822,0.5,1,0
4,4,1,0.463740110397,0.5,1,0
0,0,1,0.455078125,0.5,1,0
3,3,1,0.397712945938,0.5,1,0
4,4,1,0.424412965775,0.5,1,0
3,3,1,0.500878095627,0.5,-1,0
0,1,0,0.447540998459,0.5,-2,0
2,2,1,0.437447071075,0.5,1,0
1,1,1,0.438284158707,0.5,1,0
2,2,1,0.479629039764,0.5,1,0
3,3,1,0.32466006279,0.5,1,0
0,0,1,0.663166999817,0.5,-1,0
4,4,1,0.438901901245,0.5,1,0
1,1,1,0.438746929169,0.5,1,0
2,2,1,0.318679094315,0.5,1,0
3,3,1,0.292722940445,0.5,1,0
4,4,1,0.359166145325,0.5,1,0
0,0,1,0.379873991013,0.5,1,0
1,1,1,0.300049066544,0.5,1,0
3,3,1,0.452237844467,0.5,1,0
4,4,1,0.339990139008,0.5,1,0
2,2,1,0.395870923996,0.5,1,0
0,0,1,0.445603132248,0.5,1,0
1,1,1,0.316346168518,0.5,1,0
3,3,1,0.411531925201,0.5,1,0
2,2,1,0.340175867081,0.5,1,0
0,0,1,0.443520069122,0.5,1,0
1,1,1,0.316271066666,0.5,1,0
4,4,1,0.491236925125,0.5,1,0
0,0,1,0.412297964096,0.5,1,0
3,3,1,0.577930927277,0.5,-1,0
4,-1,0,0.8,0.5,-2,0
2,2,1,0.762774944305,0.5,-1,0
1,1,1,0.394217014313,0.5,1,0
2,2,1,0.443679094315,0.5,1,0
4,4,1,0.50453209877,0.5,-1,0
1,1,1,0.450138092041,0.5,1,0
3,3,1,0.537531852722,0.5,-1,0
0,0,1,0.459701061249,0.5,1,0
1,1,1,0.552847862244,0.5,-1,0
3,3,1,0.482949972153,0.5,1,0
4,4,1,0.29726600647,0.5,1,0
2,2,1,0.521874904633,0.5,-1,0
0,0,1,0.47145819664,0.5,1,0
1,1,1,0.591815948486,0.5,-1,0
0,0,1,0.615622997284,0.5,-1,0
2,2,1,0.47049498558,0.5,1,0
3,3,1,0.496896028519,0.5,1,0
4,4,1,0.336879014969,0.5,1,0
0,0,1,0.417279958725,0.5,1,0
4,4,1,0.433101177216,0.5,1,0
1,1,1,0.391121149063,0.5,1,0
3,3,1,0.534507989883,0.5,-1,0
2,2,1,0.344810009003,0.5,1,0
3,3,1,0.609694004059,0.5,-1,0
2,2,1,0.471982002258,0.5,1,0
1,1,1,0.319182872772,0.5,1,0
0,0,1,0.326458215714,0.5,1,0
4,4,1,0.423063993454,0.5,1,0
1,1,1,0.542119026184,0.5,-1,0
3,3,1,0.399640083313,0.5,1,0
4,4,1,0.414283037186,0.5,1,0
0,0,1,0.439449071884,0.5,1,0
2,2,1,0.519240856171,0.5,-1,0
0,1,0,0.31742477417,0.5,-2,0
3,3,1,0.430199861526,0.5,1,0
4,4,1,0.3662109375,0.5,1,0
1,1,1,0.475836992264,0.5,1,0
2,2,1,0.429759025574,0.5,1,0
4,4,1,0.462248086929,0.5,1,0
0,0,1,0.388515949249,0.5,1,0
2,2,1,0.580652952194,0.5,-1,0
3,4,0,0.373070955276,0.5,-2,0
1,1,1,0.482478141785,0.5,1,0
4,4,1,0.46973991394,0.5,1,0
2,2,1,0.579944133759,0.5,-1,0
3,3,1,0.555344104767,0.5,-1,0
1,1,1,0.499162912369,0.5,1,0
0,0,1,0.317238092422,0.5,1,0
2,2,1,0.474750995636,0.5,1,0
3,3,1,0.347544193268,0.5,1,0
4,4,1,0.371500968933,0.5,1,0
0,0,1,0.451832056046,0.5,1,0
1,1,1,0.293109893799,0.5,1,0
0,0,1,0.426508903503,0.5,1,0
4,3,0,0.379172801971,0.5,-2,0
2,2,1,0.737680912018,0.5,-1,0
3,3,1,0.458864927292,0.5,1,0
1,1,1,0.289864063263,0.5,1,0
0,0,1,0.307523965836,0.5,1,0
3,3,1,0.554064035416,0.5,-1,0
2,2,1,0.488482952118,0.5,1,0
1,1,1,0.289594173431,0.5,1,0
4,4,1,0.319869995117,0.5,1,0
1,1,1,0.535727024078,0.5,-1,0
0,0,1,0.321874141693,0.5,1,0
4,-1,0,0.8,0.5,-2,0
2,2,1,0.570880889893,0.5,-1,0
3,3,1,0.567274808884,0.5,-1,0
1,1,1,0.304626941681,0.5,1,0
4,4,1,0.561393976212,0.5,-1,0
2,2,1,0.744850873947,0.5,-1,0
3,3,1,0.60907793045,0.5,-1,0
0,0,1,0.397374153137,0.5,1,0
1,1,1,0.497466087341,0.5,1,0
0,0,1,0.425086975098,0.5,1,0
2,2,1,0.390339136124,0.5,1,0
4,4,1,0.293564081192,0.5,1,0
3,3,1,0.414126873016,0.5,1,0
2,2,1,0.420390129089,0.5,1,0
1,1,1,0.30063700676,0.5,1,0
0,0,1,0.271964073181,0.5,1,0
3,3,1,0.632117986679,0.5,-1,0
4,4,1,0.599781036377,0.5,-1,0
3,3,1,0.504503011703,0.5,-1,0
4,4,1,0.463049888611,0.5,1,0
1,1,1,0.389408826828,0.5,1,0
2,2,1,0.334310054779,0.5,1,0
0,0,1,0.428272008896,0.5,1,0
2,2,1,0.493675947189,0.5,1,0
0,0,1,0.540740013123,0.5,-1,0
3,3,1,0.445729017258,0.5,1,0
4,4,1,0.371586799622,0.5,1,0
1,1,1,0.438786029816,0.5,1,0
2,2,1,0.466592073441,0.5,1,0
0,0,1,0.426717996597,0.5,1,0
4,4,1,0.354890108109,0.5,1,0
1,0,0,0.401583909988,0.5,-2,0
3,3,1,0.650899887085,0.5,-1,0
1,1,1,0.460981845856,0.5,1,0
2,2,1,0.3330950737,0.5,1,0
0,0,1,0.458600997925,0.5,1,0
4,4,1,0.396969079971,0.5,1,0
3,3,1,0.403221130371,0.5,1,0
1,1,1,0.418573856354,0.5,1,0
4,4,1,0.49968290329,0.5,1,0
3,3,1,0.459378004074,0.5,1,0
0,0,1,0.530727148056,0.5,-1,0
2,2,1,0.480982065201,0.5,1,0
1,1,1,0.345244884491,0.5,1,0
3,3,1,0.306643009186,0.5,1,0
0,0,1,0.456994056702,0.5,1,0
2,2,1,0.385562181473,0.5,1,0
4,4,1,0.472002029419,0.5,1,0
3,3,1,0.370577096939,0.5,1,0
1,1,1,0.454701900482,0.5,1,0
0,0,1,0.529499053955,0.5,-1,0
2,2,1,0.64213514328,0.5,-1,0
4,4,1,0.465218067169,0.5,1,0
3,3,1,0.42324590683,0.5,1,0
0,0,1,0.44725894928,0.5,1,0
1,1,1,0.359127998352,0.5,1,0
2,2,1,0.280555963516,0.5,1,0
4,4,1,0.471283912659,0.5,1,0
2,2,1,0.406996965408,0.5,1,0
3,3,1,0.457170963287,0.5,1,0
1,1,1,0.366957902908,0.5,1,0
4,4,1,0.422317028046,0.5,1,0
0,0,1,0.326179027557,0.5,1,0
1,1,1,0.448992013931,0.5,1,0
4,4,1,0.448129892349,0.5,1,0
0,0,1,0.503211021423,0.5,-1,0
2,2,1,0.478394985199,0.5,1,0
3,3,1,0.364170074463,0.5,1,0
1,1,1,0.27857208252,0.5,1,0
2,2,1,0.468300104141,0.5,1,0
4,4,1,0.565414905548,0.5,-1,0
0,0,1,0.351042985916,0.5,1,0
3,3,1,0.460648775101,0.5,1,0
0,0,1,0.460638046265,0.5,1,0
3,3,1,0.446952104568,0.5,1,0
2,3,0,0.443323135376,0.5,-2,0
4,4,1,0.451382875443,0.5,1,0
1,1,1,0.316589832306,0.5,1,0
4,4,1,0.476272106171,0.5,1,0
0,0,1,0.637125015259,0.5,-1,0
1,1,1,0.513715028763,0.5,-1,0
2,2,1,0.385523080826,0.5,1,0
3,3,1,0.298717975616,0.5,1,0
4,4,1,0.307277917862,0.5,1,0
2,2,1,0.457612991333,0.5,1,0
0,0,1,0.411009788513,0.5,1,0
3,3,1,0.379058837891,0.5,1,0
1,1,1,0.307241916656,0.5,1,0
3,3,1,0.419652938843,0.5,1,0
4,4,1,0.441914081573,0.5,1,0
0,0,1,0.394378900528,0.5,1,0
1,1,1,0.473909139633,0.5,1,0
2,2,1,0.378096103668,0.5,1,0
1,1,1,0.492020130157,0.5,1,0
2,2,1,0.475938081741,0.5,1,0
3,3,1,0.363176822662,0.5,1,0
4,4,1,0.281358957291,0.5,1,0
0,0,1,0.347495794296,0.5,1,0
4,4,1,0.465788841248,0.5,1,0
1,1,1,0.336727142334,0.5,1,0
3,3,1,0.569874048233,0.5,-1,0
0,0,1,0.393687963486,0.5,1,0
2,2,1,0.466592073441,0.5,1,0
4,4,1,0.543883085251,0.5,-1,0
2,3,0,0.400251150131,0.5,-2,0
0,0,1,0.455568790436,0.5,1,0
3,3,1,0.441615104675,0.5,1,0
1,1,1,0.296945095062,0.5,1,0
4,4,1,0.462646007538,0.5,1,0
3,-1,0,0.8,0.5,-2,0
1,1,1,0.53574180603,0.5,-1,0
2,2,1,0.406416893005,0.5,1,0
0,0,1,0.494529008865,0.5,1,0
2,2,1,0.509088039398,0.5,-1,0
3,3,1,0.336184024811,0.5,1,0
4,4,1,0.431468963623,0.5,1,0
1,1,1,0.328235149384,0.5,1,0
0,0,1,0.45264005661,0.5,1,0
4,4,1,0.463412046432,0.5,1,0
3,3,1,0.416054010391,0.5,1,0
0,0,1,0.452381134033,0.5,1,0
1,1,1,0.373266935349,0.5,1,0
2,2,1,0.283478975296,0.5,1,0
3,3,1,0.349208831787,0.5,1,0
0,0,1,0.367062091827,0.5,1,0
4,4,1,0.379961967468,0.5,1,0
2,3,0,0.47581410408,0.5,-2,0
1,1,1,0.366237163544,0.5,1,0
3,3,1,0.670302152634,0.5,-1,0
0,0,1,0.629722833633,0.5,-1,0
4,4,1,0.563019990921,0.5,-1,0
1,1,1,0.357239961624,0.5,1,0
2,2,1,0.29950094223,0.5,1,0
0,0,1,0.403448104858,0.5,1,0
2,2,1,0.347425937653,0.5,1,0
4,4,1,0.509341001511,0.5,-1,0
1,1,1,0.643835067749,0.5,-1,0
3,4,0,0.404305934906,0.5,-2,0
4,4,1,0.488780975342,0.5,1,0
3,3,1,0.683127164841,0.5,-1,0
1,1,1,0.451085090637,0.5,1,0
2,2,1,0.635469913483,0.5,-1,0
0,0,1,0.428046941757,0.5,1,0
2,2,1,0.580502986908,0.5,-1,0
0,0,1,0.522612094879,0.5,-1,0
1,1,1,0.451690912247,0.5,1,0
3,3,1,0.38583278656,0.5,1,0
4,4,1,0.545869112015,0.5,-1,0
2,2,1,0.634266138077,0.5,-1,0
1,1,1,0.490282773972,0.5,1,0
3,3,1,0.664170026779,0.5,-1,0
0,0,1,0.450571060181,0.5,1,0
4,4,1,0.70308303833,0.5,-1,0
0,1,0,0.458237886429,0.5,-2,0
2,2,1,0.55334687233,0.5,-1,0
4,4,1,0.426007032394,0.5,1,0
3,3,1,0.462796926498,0.5,1,0
1,1,1,0.462584972382,0.5,1,0
3,3,1,0.503839015961,0.5,-1,0
4,4,1,0.464531898499,0.5,1,0
0,0,1,0.493081092834,0.5,1,0
2,2,1,0.392036914825,0.5,1,0
1,1,1,0.512939929962,0.5,-1,0
4,4,1,0.520173072815,0.5,-1,0
2,2,1,0.517841100693,0.5,-1,0
1,1,1,0.391718149185,0.5,1,0
3,3,1,0.584073066711,0.5,-1,0
0,0,1,0.477212905884,0.5,1,0
1,1,1,0.35888504982,0.5,1,0
4,4,1,0.476608991623,0.5,1,0
0,0,1,0.411764144897,0.5,1,0
3,3,1,0.524344921112,0.5,-1,0
2,2,1,0.61393404007,0.5,-1,0
4,-1,0,0.8,0.512248086929,-2,1
3,3,1,0.526105880737,0.507170963287,-1,1
0,-1,0,0.8,0.491484570503,-2,1
1,1,1,0.502698898315,0.344217014313,-1,1
2,2,1,0.325769901276,0.518300104141,1,1
1,1,1,0.472624063492,0.344217014313,-1,1
2,2,1,0.502351999283,0.518300104141,1,1
3,3,1,0.367270946503,0.507170963287,1,1
4,4,1,0.318113803864,0.512248086929,1,1
0,0,1,0.437263011932,0.491484570503,1,1
2,1,0,0.327229976654,0.518300104141,-2,1
0,0,1,0.53376698494,0.491484570503,-1,1
4,4,1,0.487462043762,0.512248086929,1,1
1,1,1,0.448374986649,0.344217014313,-1,1
3,3,1,0.422858953476,0.507170963287,1,1
1,1,1,0.311700105667,0.344217014313,1,1
0,0,1,0.423839092255,0.491484570503,1,1
4,4,1,0.444459915161,0.512248086929,1,1
3,3,1,0.447103023529,0.507170963287,1,1
2,2,1,0.395513057709,0.518300104141,1,1
4,4,1,0.414923191071,0.512248086929,1,1
1,1,1,0.550368785858,0.344217014313,-1,1
0,0,1,0.41515994072,0.491484570503,1,1
2,2,1,0.394582033157,0.518300104141,1,1
3,3,1,0.306313991547,0.507170963287,1,1
0,0,1,0.358765125275,0.491484570503,1,1
2,2,1,0.635748147964,0.518300104141,-1,1
1,1,1,0.358239889145,0.344217014313,-1,1
4,4,1,0.417695999146,0.512248086929,1,1
3,3,1,0.524317979813,0.507170963287,-1,1
1,1,1,0.420840024948,0.344217014313,-1,1
0,0,1,0.355102062225,0.491484570503,1,1
3,3,1,0.617003917694,0.507170963287,-1,1
4,4,1,0.371393918991,0.512248086929,1,1
2,2,1,0.612890958786,0.518300104141,-1,1
0,0,1,0.473685979843,0.491484570503,1,1
3,3,1,0.460463047028,0.507170963287,1,1
1,1,1,0.2999792099,0.344217014313,1,1
2,2,1,0.323224067688,0.518300104141,1,1
4,4,1,0.426424980164,0.512248086929,1,1
3,3,1,0.440058946609,0.507170963287,1,1
1,1,1,0.352637052536,0.344217014313,-1,1
4,4,1,0.335519790649,0.512248086929,1,1
0,0,1,0.465706825256,0.491484570503,1,1
2,2,1,0.480988025665,0.518300104141,1,1
1,1,1,0.336040019989,0.344217014313,1,1
0,0,1,0.465524196625,0.491484570503,1,1
4,4,1,0.408358097076,0.512248086929,1,1
3,3,1,0.392853975296,0.507170963287,1,1
2,1,0,0.359058141708,0.518300104141,-2,1
0,0,1,0.376778125763,0.491484570503,1,1
4,4,1,0.486994981766,0.512248086929,1,1
2,2,1,0.527173042297,0.518300104141,-1,1
3,3,1,0.465230226517,0.507170963287,1,1
1,1,1,0.496872901917,0.344217014313,-1,1
4,4,1,0.390547037125,0.512248086929,1,1
3,3,1,0.393048048019,0.507170963287,1,1
1,1,1,0.325542926788,0.344217014313,1,1
0,0,1,0.397858858109,0.491484570503,1,1
2,2,1,0.575982093811,0.518300104141,-1,1
0,0,1,0.455024003983,0.491484570503,1,1
1,1,1,0.516592025757,0.344217014313,-1,1
3,3,1,0.533801078796,0.507170963287,-1,1
4,4,1,0.428818941116,0.512248086929,1,1
2,2,1,0.555958032608,0.518300104141,-1,1
3,3,1,0.452489852905,0.507170963287,1,1
2,2,1,0.374272108078,0.518300104141,1,1
4,4,1,0.445988178253,0.512248086929,1,1
0,0,1,0.733839035034,0.491484570503,-1,1
1,1,1,0.414011955261,0.344217014313,-1,1
2,2,1,0.519021987915,0.518300104141,-1,1
3,3,1,0.343566894531,0.507170963287,1,1
0,0,1,0.420658826828,0.491484570503,1,1
4,4,1,0.46866106987,0.512248086929,1,1
1,1,1,0.339930772781,0.344217014313,1,1
4,3,0,0.37267780304,0.512248086929,-2,1
3,3,1,0.454046964645,0.507170963287,1,1
2,2,1,0.43064904213,0.518300104141,1,1
1,1,1,0.356557846069,0.344217014313,-1,1
0,0,1,0.362809896469,0.491484570503,1,1
1,1,1,0.382052183151,0.344217014313,-1,1
0,0,1,0.578768968582,0.491484570503,-1,1
3,3,1,0.461740970612,0.507170963287,1,1
2,4,0,0.349030971527,0.518300104141,-2,1
4,4,1,0.377562999725,0.512248086929,1,1
2,2,1,0.450839042664,0.518300104141,1,1
1,1,1,0.507376909256,0.344217014313,-1,1
0,0,1,0.404779911041,0.491484570503,1,1
3,3,1,0.363816976547,0.507170963287,1,1
4,4,1,0.458488941193,0.512248086929,1,1
1,1,1,0.435550928116,0.344217014313,-1,1
3,3,1,0.498509168625,0.507170963287,1,1
0,0,1,0.449738025665,0.491484570503,1,1
2,2,1,0.704134941101,0.518300104141,-1,1
4,4,1,0.458449840546,0.512248086929,1,1
2,2,1,0.504828929901,0.518300104141,1,1
3,3,1,0.448293924332,0.507170963287,1,1
0,1,0,0.346567869186,0.491484570503,-2,1
4,4,1,0.44646191597,0.512248086929,1,1
1,1,1,0.305161952972,0.344217014313,1,1
3,3,1,0.646821022034,0.507170963287,-1,1
0,0,1,0.494715929031,0.491484570503,-1,1
4,4,1,0.546542167664,0.512248086929,-1,1
2,2,1,0.425173044205,0.518300104141,1,1
1,1,1,0.313863992691,0.344217014313,1,1
3,3,1,0.375480890274,0.507170963287,1,1
0,0,1,0.470047950745,0.491484570503,1,1
2,2,1,0.406885147095,0.518300104141,1,1
4,4,1,0.526612043381,0.512248086929,-1,1
1,1,1,0.318062067032,0.344217014313,1,1
4,4,1,0.501976966858,0.512248086929,1,1
1,1,1,0.48566699028,0.344217014313,-1,1
0,0,1,0.34935092926,0.491484570503,1,1
3,3,1,0.479485988617,0.507170963287,1,1
2,2,1,0.452764987946,0.518300104141,1,1
0,0,1,0.469542980194,0.491484570503,1,1
2,1,0,0.344105958939,0.518300104141,-2,1
3,3,1,0.468382835388,0.507170963287,1,1
4,4,1,0.396010875702,0.512248086929,1,1
1,1,1,0.477430820465,0.344217014313,-1,1
2,2,1,0.484092950821,0.518300104141,1,1
0,0,1,0.483361005783,0.491484570503,1,1
1,1,1,0.414733886719,0.344217014313,-1,1
3,3,1,0.410789966583,0.507170963287,1,1
4,4,1,0.39684009552,0.512248086929,1,1
1,1,1,0.586910009384,0.344217014313,-1,1
3,3,1,0.387900114059,0.507170963287,1,1
4,4,1,0.390485048294,0.512248086929,1,1
0,1,0,0.301496982574,0.491484570503,-2,1
2,2,1,0.470355033875,0.518300104141,1,1
4,4,1,0.494039058685,0.512248086929,1,1
3,3,1,0.469650030136,0.507170963287,1,1
1,1,1,0.301416873932,0.344217014313,1,1
2,2,1,0.315379858017,0.518300104141,1,1
0,0,1,0.443897008896,0.491484570503,1,1
3,3,1,0.418815851212,0.507170963287,1,1
0,1,0,0.417483091354,0.491484570503,-2,1
2,2,1,0.466537952423,0.518300104141,1,1
4,4,1,0.545233011246,0.512248086929,-1,1
1,1,1,0.338771820068,0.344217014313,1,1
2,2,1,0.448580980301,0.518300104141,1,1
3,3,1,0.384809970856,0.507170963287,1,1
0,0,1,0.425990104675,0.491484570503,1,1
1,1,1,0.491245031357,0.344217014313,-1,1
4,4,1,0.472053050995,0.512248086929,1,1
1,1,1,0.323092937469,0.344217014313,1,1
2,2,1,0.313190937042,0.518300104141,1,1
0,0,1,0.553655862808,0.491484570503,-1,1
3,3,1,0.42293214798,0.507170963287,1,1
4,4,1,0.425148963928,0.512248086929,1,1
1,1,1,0.408753871918,0.344217014313,-1,1
2,2,1,0.306660175323,0.518300104141,1,1
3,3,1,0.281266927719,0.507170963287,1,1
4,4,1,0.48682308197,0.512248086929,1,1
0,0,1,0.385862827301,0.491484570503,1,1
2,2,1,0.552416086197,0.518300104141,-1,1
3,3,1,0.345616817474,0.507170963287,1,1
1,1,1,0.376992940903,0.344217014313,-1,1
4,4,1,0.415724992752,0.512248086929,1,1
0,0,1,0.445909023285,0.491484570503,1,1
3,3,1,0.72678399086,0.507170963287,-1,1
1,1,1,0.470067977905,0.344217014313,-1,1
4,3,0,0.543520212173,0.512248086929,-2,1
2,2,1,0.557392120361,0.518300104141,-1,1
0,0,1,0.63862991333,0.491484570503,-1,1
3,3,1,0.463500976562,0.507170963287,1,1
2,2,1,0.421126842499,0.518300104141,1,1
1,1,1,0.277980089188,0.344217014313,1,1
4,4,1,0.421325922012,0.512248086929,1,1
0,0,1,0.492662191391,0.491484570503,-1,1
3,3,1,0.421058893204,0.507170963287,1,1
2,2,1,0.453438997269,0.518300104141,1,1
0,0,1,0.419890165329,0.491484570503,1,1
4,4,1,0.510538816452,0.512248086929,1,1
1,1,1,0.406221866608,0.344217014313,-1,1
0,0,1,0.434829950333,0.491484570503,1,1
2,2,1,0.364332914352,0.518300104141,1,1
1,1,1,0.300708055496,0.344217014313,1,1
4,4,1,0.549722909927,0.512248086929,-1,1
3,3,1,0.411849021912,0.507170963287,1,1
2,2,1,0.315845012665,0.518300104141,1,1
1,1,1,0.372871160507,0.344217014313,-1,1
4,4,1,0.418788194656,0.512248086929,1,1
3,3,1,0.405558109283,0.507170963287,1,1
0,1,0,0.345476865768,0.491484570503,-2,1
2,2,1,0.52273106575,0.518300104141,-1,1
3,3,1,0.395667076111,0.507170963287,1,1
1,1,1,0.383773088455,0.344217014313,-1,1
0,0,1,0.46852183342,0.491484570503,1,1
4,4,1,0.459907054901,0.512248086929,1,1
0,0,1,0.514151096344,0.491484570503,-1,1
2,2,1,0.515746831894,0.518300104141,1,1
1,1,1,0.347419977188,0.344217014313,-1,1
4,4,1,0.522816181183,0.512248086929,-1,1
3,3,1,0.400017023087,0.507170963287,1,1
4,4,1,0.449588060379,0.512248086929,1,1
3,3,1,0.385288000107,0.507170963287,1,1
2,2,1,0.513288021088,0.518300104141,1,1
0,0,1,0.442288160324,0.491484570503,1,1
1,1,1,0.410704851151,0.344217014313,-1,1
4,4,1,0.494282960892,0.512248086929,1,1
1,1,1,0.335473060608,0.344217014313,1,1
0,0,1,0.370361089706,0.491484570503,1,1
3,3,1,0.657720804214,0.507170963287,-1,1
2,2,1,0.726310014725,0.518300104141,-1,1
1,1,1,0.566483974457,0.344217014313,-1,1
3,3,1,0.442056179047,0.507170963287,1,1
4,4,1,0.433861970901,0.512248086929,1,1
2,2,1,0.413897037506,0.518300104141,1,1
0,1,0,0.272253990173,0.491484570503,-2,1
1,1,1,0.31852388382,0.344217014313,1,1
2,2,1,0.285759925842,0.518300104141,1,1
4,4,1,0.341914892197,0.512248086929,1,1
0,0,1,0.374888896942,0.491484570503,1,1
3,3,1,0.438899040222,0.507170963287,1,1
4,4,1,0.462558031082,0.512248086929,1,1
0,0,1,0.358368873596,0.491484570503,1,1
2,2,1,0.613830089569,0.518300104141,-1,1
3,3,1,0.436665058136,0.507170963287,1,1
1,1,1,0.432132959366,0.344217014313,-1,1
3,3,1,0.308671951294,0.507170963287,1,1
0,0,1,0.358346939087,0.491484570503,1,1
1,1,1,0.391652822495,0.344217014313,-1,1
4,4,1,0.469902992249,0.512248086929,1,1
2,2,1,0.434863090515,0.518300104141,1,1
3,3,1,0.406820058823,0.507170963287,1,1
1,1,1,0.279251813889,0.344217014313,1,1
2,2,1,0.582828044891,0.518300104141,-1,1
0,1,0,0.35656619072,0.491484570503,-2,1
4,4,1,0.430186986923,0.512248086929,1,1
2,2,1,0.508861064911,0.518300104141,1,1
4,4,1,0.401913881302,0.512248086929,1,1
0,0,1,0.397742986679,0.491484570503,1,1
1,1,1,0.43305015564,0.344217014313,-1,1
3,3,1,0.365983009338,0.507170963287,1,1
0,0,1,0.404625892639,0.491484570503,1,1
1,1,1,0.305098056793,0.344217014313,1,1
4,4,1,0.395519971848,0.512248086929,1,1
2,2,1,0.572712182999,0.518300104141,-1,1
3,3,1,0.497320890427,0.507170963287,1,1
2,2,1,0.464946985245,0.518300104141,1,1
0,0,1,0.513420820236,0.491484570503,-1,1
4,4,1,0.401305913925,0.512248086929,1,1
1,1,1,0.450063943863,0.344217014313,-1,1
3,3,1,0.297188997269,0.507170963287,1,1
2,2,1,0.347789049149,0.518300104141,1,1
1,1,1,0.35302901268,0.344217014313,-1,1
3,3,1,0.409898042679,0.507170963287,1,1
4,4,1,0.399441957474,0.512248086929,1,1
0,0,1,0.299293994904,0.491484570503,1,1
2,2,1,0.353229999542,0.518300104141,1,1
0,1,0,0.480494976044,0.491484570503,-2,1
3,2,0,0.456277132034,0.507170963287,-2,1
1,1,1,0.345628023148,0.344217014313,-1,1
4,4,1,0.528611183167,0.512248086929,-1,1
1,1,1,0.329363107681,0.344217014313,1,1
4,4,1,0.37527012825,0.512248086929,1,1
3,3,1,0.45681810379,0.507170963287,1,1
0,0,1,0.502604007721,0.491484570503,-1,1
2,2,1,0.655119895935,0.518300104141,-1,1
0,0,1,0.567461967468,0.491484570503,-1,1
4,4,1,0.400945186615,0.512248086929,1,1
3,3,1,0.543344974518,0.507170963287,-1,1
2,1,0,0.325149059296,0.518300104141,-2,1
1,1,1,0.320755958557,0.344217014313,1,1
0,0,1,0.456568956375,0.491484570503,1,1
3,3,1,0.469960927963,0.507170963287,1,1
4,4,1,0.543632984161,0.512248086929,-1,1
2,2,1,0.421189069748,0.518300104141,1,1
1,1,1,0.543875932693,0.344217014313,-1,1
4,4,1,0.548650026321,0.512248086929,-1,1
0,0,1,0.486487865448,0.491484570503,1,1
2,2,1,0.349800825119,0.518300104141,1,1
1,1,1,0.386620044708,0.344217014313,-1,1
3,3,1,0.41450214386,0.507170963287,1,1
2,2,1,0.330924034119,0.518300104141,1,1
1,1,1,0.358144044876,0.344217014313,-1,1
3,3,1,0.347502946854,0.507170963287,1,1
4,4,1,0.45431804657,0.512248086929,1,1
0,0,1,0.541777133942,0.491484570503,-1,1
1,1,1,0.575481176376,0.344217014313,-1,2
0,0,1,0.366219043732,0.491484570503,1,2
4,4,1,0.511402130127,0.512248086929,1,2
2,2,1,0.605277061462,0.518300104141,-1,2
3,3,1,0.559458971024,0.507170963287,-1,2
1,1,1,0.342940092087,0.344217014313,1,2
4,4,1,0.508391141891,0.512248086929,1,2
2,2,1,0.45990896225,0.518300104141,1,2
0,0,1,0.483291864395,0.491484570503,1,2
3,3,1,0.349624156952,0.507170963287,1,2
2,2,1,0.38281917572,0.518300104141,1,2
1,1,1,0.326756954193,0.344217014313,1,2
4,4,1,0.508056163788,0.512248086929,1,2
0,0,1,0.574087142944,0.491484570503,-1,2
3,3,1,0.36234998703,0.507170963287,1,2
1,1,1,0.596228837967,0.344217014313,-1,2
0,0,1,0.469312906265,0.491484570503,1,2
4,4,1,0.547663927078,0.512248086929,-1,2
3,-1,0,0.8,0.507170963287,-2,2
2,-1,0,0.8,0.518300104141,-2,2
3,-1,0,0.8,0.507170963287,-2,2
0,-1,0,0.8,0.491484570503,-2,2
2,3,0,0.497167110443,0.518300104141,-2,2
4,4,1,0.380100011826,0.512248086929,1,2
1,1,1,0.49205493927,0.344217014313,-1,2
3,3,1,0.386002063751,0.507170963287,1,2
1,1,1,0.336356878281,0.344217014313,1,2
4,0,0,0.331095933914,0.512248086929,-2,2
2,2,1,0.441838026047,0.518300104141,1,2
0,0,1,0.37716794014,0.491484570503,1,2
1,1,1,0.521161079407,0.344217014313,-1,2
3,3,1,0.33024096489,0.507170963287,1,2
0,0,1,0.450748920441,0.491484570503,1,2
4,4,1,0.409234046936,0.512248086929,1,2
2,3,0,0.313045024872,0.518300104141,-2,2
1,1,1,0.45680308342,0.344217014313,-1,2
0,0,1,0.457978963852,0.491484570503,1,2
4,4,1,0.441307067871,0.512248086929,1,2
2,2,1,0.382322072983,0.518300104141,1,2
3,3,1,0.456815958023,0.507170963287,1,2
1,1,1,0.304105043411,0.344217014313,1,2
3,4,0,0.433343887329,0.507170963287,-2,2
4,4,1,0.477715969086,0.512248086929,1,2
0,0,1,0.464785814285,0.491484570503,1,2
2,2,1,0.43266582489,0.518300104141,1,2
3,3,1,0.310813903809,0.507170963287,1,2
1,1,1,0.321017980576,0.344217014313,1,2
2,2,1,0.352431058884,0.518300104141,1,2
0,0,1,0.42064499855,0.491484570503,1,2
4,4,1,0.439525127411,0.512248086929,1,2
3,3,1,0.44620513916,0.507170963287,1,2
4,4,1,0.487016916275,0.512248086929,1,2
0,0,1,0.379343986511,0.491484570503,1,2
2,3,0,0.462929010391,0.518300104141,-2,2
1,1,1,0.372454881668,0.344217014313,-1,2
4,4,1,0.661972045898,0.512248086929,-1,2
2,2,1,0.582912921906,0.518300104141,-1,2
3,3,1,0.426988124847,0.507170963287,1,2
1,1,1,0.300984144211,0.344217014313,1,2
0,0,1,0.370717048645,0.491484570503,1,2
1,1,1,0.32609796524,0.344217014313,1,2
2,2,1,0.291235208511,0.518300104141,1,2
0,0,1,0.59800696373,0.491484570503,-1,2
4,4,1,0.572602033615,0.512248086929,-1,2
3,3,1,0.462434053421,0.507170963287,1,2
2,2,1,0.477728128433,0.518300104141,1,2
0,0,1,0.442066907883,0.491484570503,1,2
4,4,1,0.49954199791,0.512248086929,1,2
3,3,1,0.475618839264,0.507170963287,1,2
1,1,1,0.347713947296,0.344217014313,-1,2
0,0,1,0.33328795433,0.491484570503,1,2
2,2,1,0.514270067215,0.518300104141,1,2
1,1,1,0.577764034271,0.344217014313,-1,2
4,4,1,0.39738702774,0.512248086929,1,2
3,3,1,0.370586872101,0.507170963287,1,2
0,0,1,0.41294503212,0.491484570503,1,2
1,1,1,0.387830972672,0.344217014313,-1,2
3,3,1,0.339498996735,0.507170963287,1,2
4,4,1,0.4172539711,0.512248086929,1,2
2,2,1,0.450677871704,0.518300104141,1,2
1,1,1,0.296870946884,0.344217014313,1,2
3,3,1,0.545346021652,0.507170963287,-1,2
0,0,1,0.504003047943,0.491484570503,-1,2
2,1,0,0.352076053619,0.518300104141,-2,2
4,4,1,0.59254193306,0.512248086929,-1,2
1,1,1,0.336579799652,0.344217014313,1,2
4,4,1,0.410790920258,0.512248086929,1,2
3,3,1,0.370563030243,0.507170963287,1,2
2,2,1,0.559957027435,0.518300104141,-1,2
0,0,1,0.496772050858,0.491484570503,-1,2
1,1,1,0.497491121292,0.344217014313,-1,2
0,0,1,0.438842058182,0.491484570503,1,2
3,3,1,0.41436290741,0.507170963287,1,2
4,4,1,0.463100910187,0.512248086929,1,2
2,2,1,0.425383090973,0.518300104141,1,2
3,3,1,0.592366933823,0.507170963287,-1,2
0,0,1,0.473367929459,0.491484570503,1,2
4,4,1,0.599534988403,0.512248086929,-1,2
1,1,1,0.446995973587,0.344217014313,-1,2
2,2,1,0.565897226334,0.518300104141,-1,2
0,0,1,0.566487073898,0.491484570503,-1,2
2,2,1,0.52728509903,0.518300104141,-1,2
3,3,1,0.462407112122,0.507170963287,1,2
1,1,1,0.284754037857,0.344217014313,1,2
4,4,1,0.459990978241,0.512248086929,1,2
2,2,1,0.491871118546,0.518300104141,1,2
0,1,0,0.331389904022,0.491484570503,-2,2
3,3,1,0.34959602356,0.507170963287,1,2
4,4,1,0.391542196274,0.512248086929,1,2
1,1,1,0.325278997421,0.344217014313,1,2
3,3,1,0.658896923065,0.507170963287,-1,2
1,1,1,0.356863021851,0.344217014313,-1,2
0,0,1,0.419003009796,0.491484570503,1,2
2,2,1,0.333982944489,0.518300104141,1,2
4,4,1,0.475347995758,0.512248086929,1,2
0,1,0,0.403856992722,0.491484570503,-2,2
4,4,1,0.515959024429,0.512248086929,-1,2
3,3,1,0.443639039993,0.507170963287,1,2
1,1,1,0.308756113052,0.344217014313,1,2
2,2,1,0.2749979496,0.518300104141,1,2
4,4,1,0.433315992355,0.512248086929,1,2
1,1,1,0.469016075134,0.344217014313,-1,2
0,0,1,0.378539085388,0.491484570503,1,2
2,3,0,0.491831064224,0.518300104141,-2,2
3,3,1,0.411767959595,0.507170963287,1,2
1,1,1,0.387983083725,0.344217014313,-1,2
2,2,1,0.306061983109,0.518300104141,1,2
4,4,1,0.499819993973,0.512248086929,1,2
0,-1,0,0.8,0.491484570503,-2,2
3,3,1,0.57226395607,0.507170963287,-1,2
4,4,1,0.466514825821,0.512248086929,1,2
2,2,1,0.520519971848,0.518300104141,-1,2
1,1,1,0.354372024536,0.344217014313,-1,2
0,0,1,0.30372095108,0.491484570503,1,2
3,3,1,0.399744033813,0.507170963287,1,2
4,4,1,0.521332025528,0.512248086929,-1,2
1,1,1,0.312506914139,0.344217014313,1,2
3,3,1,0.57529592514,0.507170963287,-1,2
0,0,1,0.504861116409,0.491484570503,-1,2
2,2,1,0.470638990402,0.518300104141,1,2
1,1,1,0.408515930176,0.344217014313,-1,2
3,3,1,0.301509857178,0.507170963287,1,2
0,0,1,0.437479019165,0.491484570503,1,2
2,2,1,0.535723924637,0.518300104141,-1,2
4,4,1,0.567728996277,0.512248086929,-1,2
3,3,1,0.423398017883,0.507170963287,1,2
0,0,1,0.422976016998,0.491484570503,1,2
1,1,1,0.406088113785,0.344217014313,-1,2
4,4,1,0.52712893486,0.512248086929,-1,2
2,2,1,0.486542224884,0.518300104141,1,2
4,4,1,0.461966991425,0.512248086929,1,2
1,1,1,0.439664840698,0.344217014313,-1,2
2,2,1,0.583753108978,0.518300104141,-1,2
3,3,1,0.493978023529,0.507170963287,1,2
0,0,1,0.540604114532,0.491484570503,-1,2
4,4,1,0.551255941391,0.512248086929,-1,2
3,3,1,0.470226049423,0.507170963287,1,2
1,1,1,0.291836023331,0.344217014313,1,2
0,0,1,0.387878894806,0.491484570503,1,2
2,3,0,0.379909992218,0.518300104141,-2,2
4,4,1,0.378685951233,0.512248086929,1,2
3,3,1,0.426880836487,0.507170963287,1,2
1,1,1,0.299934864044,0.344217014313,1,2
0,0,1,0.412513971329,0.491484570503,1,2
2,2,1,0.331195116043,0.518300104141,1,2
0,1,0,0.325638055801,0.491484570503,-2,2
4,4,1,0.45311498642,0.512248086929,1,2
3,3,1,0.452199220657,0.507170963287,1,2
2,2,1,0.498817920685,0.518300104141,1,2
1,1,1,0.265346050262,0.344217014313,1,2
0,0,1,0.267058134079,0.491484570503,1,2
3,3,1,0.516810178757,0.507170963287,-1,2
2,2,1,0.460736036301,0.518300104141,1,2
1,1,1,0.290524959564,0.344217014313,1,2
4,4,1,0.362231969833,0.512248086929,1,2
0,1,0,0.347800970078,0.491484570503,-2,2
4,4,1,0.463863134384,0.512248086929,1,2
3,3,1,0.420173883438,0.507170963287,1,2
2,1,0,0.35383605957,0.518300104141,-2,2
1,1,1,0.491300106049,0.344217014313,-1,2
2,2,1,0.570713996887,0.518300104141,-1,2
0,0,1,0.591634988785,0.491484570503,-1,2
4,4,1,0.443274974823,0.512248086929,1,2
3,3,1,0.337044000626,0.507170963287,1,2
1,1,1,0.450137138367,0.344217014313,-1,2
2,2,1,0.449651002884,0.518300104141,1,2
0,1,0,0.424638986588,0.491484570503,-2,2
1,1,1,0.425374031067,0.344217014313,-1,2
3,3,1,0.431188106537,0.507170963287,1,2
4,4,1,0.423882961273,0.512248086929,1,2
2,2,1,0.583209037781,0.518300104141,-1,2
1,1,1,0.352693796158,0.344217014313,-1,2
0,0,1,0.303317785263,0.491484570503,1,2
4,4,1,0.513437986374,0.512248086929,-1,2
3,3,1,0.392950057983,0.507170963287,1,2
1,1,1,0.399981975555,0.344217014313,-1,2
3,4,0,0.441823959351,0.507170963287,-2,2
2,2,1,0.519088029861,0.518300104141,-1,2
4,4,1,0.496345996857,0.512248086929,1,2
0,1,0,0.33623290062,0.491484570503,-2,2
4,4,1,0.517900943756,0.512248086929,-1,2
0,0,1,0.349306106567,0.491484570503,1,2
3,4,0,0.319672822952,0.507170963287,-2,2
1,1,1,0.304233074188,0.344217014313,1,2
2,2,1,0.295994997025,0.518300104141,1,2
3,3,1,0.316576957703,0.507170963287,1,2
1,1,1,0.437405109406,0.344217014313,-1,2
2,2,1,0.389811038971,0.518300104141,1,2
4,4,1,0.463068962097,0.512248086929,1,2
0,1,0,0.333892822266,0.491484570503,-2,2
1,1,1,0.310835838318,0.344217014313,1,2
2,2,1,0.284312009811,0.518300104141,1,2
4,4,1,0.41505408287,0.512248086929,1,2
0,1,0,0.357529878616,0.491484570503,-2,2
3,3,1,0.41231918335,0.507170963287,1,2
4,4,1,0.458881855011,0.512248086929,1,2
1,1,1,0.355839014053,0.344217014313,-1,2
0,0,1,0.410916090012,0.491484570503,1,2
3,3,1,0.493103027344,0.507170963287,1,2
2,2,1,0.508813142776,0.518300104141,1,2
3,3,1,0.411480903625,0.507170963287,1,2
4,4,1,0.600666999817,0.512248086929,-1,2
1,1,1,0.404484987259,0.344217014313,-1,2
0,0,1,0.445366859436,0.491484570503,1,2
2,2,1,0.45179605484,0.518300104141,1,2
3,3,1,0.385982990265,0.507170963287,1,2
2,2,1,0.483611106873,0.518300104141,1,2
4,4,1,0.603412866592,0.512248086929,-1,2
0,1,0,0.408282995224,0.491484570503,-2,2
1,1,1,0.320119857788,0.344217014313,1,2
2,2,1,0.290316820145,0.518300104141,1,2
4,4,1,0.432627916336,0.512248086929,1,2
3,3,1,0.351374864578,0.507170963287,1,2
0,0,1,0.528446912766,0.491484570503,-1,2
1,1,1,0.354090929031,0.344217014313,-1,2
2,2,1,0.330003976822,0.518300104141,1,2
1,1,1,0.457118988037,0.344217014313,-1,2
0,0,1,0.470904827118,0.491484570503,1,2
3,3,1,0.450356006622,0.507170963287,1,2
4,4,1,0.455851078033,0.512248086929,1,2
0,0,1,0.513345003128,0.491484570503,-1,2
3,3,1,0.464367866516,0.507170963287,1,2
4,4,1,0.505862951279,0.512248086929,1,2
2,2,1,0.511943817139,0.518300104141,1,2
1,1,1,0.270658969879,0.344217014313,1,2
4,4,1,0.425298929214,0.512248086929,1,2
1,1,1,0.463478088379,0.344217014313,-1,2
0,0,1,0.504179000854,0.491484570503,-1,2
2,2,1,0.375159025192,0.518300104141,1,2
3,3,1,0.408761978149,0.507170963287,1,2
1,1,1,0.4210460186,0.344217014313,-1,2
3,3,1,0.408849954605,0.507170963287,1,2
2,2,1,0.39858007431,0.518300104141,1,2
0,0,1,0.533263921738,0.491484570503,-1,2
4,4,1,0.536070108414,0.512248086929,-1,2
0,1,0,0.381831884384,0.491484570503,-2,2
3,3,1,0.439027070999,0.507170963287,1,2
4,4,1,0.43670296669,0.512248086929,1,2
1,1,1,0.315385818481,0.344217014313,1,2
2,2,1,0.479521036148,0.518300104141,1,2
4,4,1,0.500944137573,0.512248086929,1,2
3,3,1,0.422999858856,0.507170963287,1,2
1,1,1,0.458883047104,0.344217014313,-1,2
0,0,1,0.428069114685,0.491484570503,1,2
2,2,1,0.530565023422,0.518300104141,-1,2
0,0,1,0.482372045517,0.491484570503,1,2
2,2,1,0.315709114075,0.518300104141,1,2
1,1,1,0.338793992996,0.344217014313,1,2
4,4,1,0.380243062973,0.512248086929,1,2
3,3,1,0.347965955734,0.507170963287,1,2
1,1,1,0.329279899597,0.344217014313,1,2
0,0,1,0.48415184021,0.491484570503,1,2
3,3,1,0.402832984924,0.507170963287,1,2
2,2,1,0.61835694313,0.518300104141,-1,2
4,4,1,0.458310127258,0.512248086929,1,2
1,1,1,0.403454065323,0.344217014313,-1,2
4,4,1,0.411853075027,0.512248086929,1,2
3,3,1,0.384536027908,0.507170963287,1,2
0,0,1,0.59291601181,0.491484570503,-1,2
2,2,1,0.506482124329,0.518300104141,1,2
0,0,1,0.575703144073,0.491484570503,-1,3
4,4,1,0.418444156647,0.512248086929,1,3
1,1,1,0.472069978714,0.344217014313,-1,3
2,2,1,0.334083080292,0.518300104141,1,3
3,3,1,0.505677938461,0.507170963287,1,3
1,1,1,0.303290128708,0.344217014313,1,3
2,2,1,0.422399997711,0.518300104141,1,3
4,4,1,0.632431983948,0.512248086929,-1,3
3,3,1,0.408322095871,0.507170963287,1,3
0,0,1,0.414813995361,0.491484570503,1,3
1,1,1,0.422918081284,0.344217014313,-1,3
3,3,1,0.307966947556,0.507170963287,1,3
0,0,1,0.502960920334,0.491484570503,-1,3
4,4,1,0.534976959229,0.512248086929,-1,3
2,2,1,0.461333990097,0.518300104141,1,3
4,4,1,0.510453939438,0.512248086929,1,3
1,1,1,0.303597927094,0.344217014313,1,3
0,0,1,0.470910072327,0.491484570503,1,3
3,3,1,0.366064071655,0.507170963287,1,3
2,2,1,0.326967954636,0.518300104141,1,3
3,3,1,0.388971090317,0.507170963287,1,3
2,2,1,0.366515874863,0.518300104141,1,3
4,4,1,0.358400821686,0.512248086929,1,3
1,0,0,0.388414144516,0.344217014313,-2,3
0,0,1,0.427119016647,0.491484570503,1,3
2,2,1,0.388590812683,0.518300104141,1,3
0,0,1,0.437183141708,0.491484570503,1,3
4,4,1,0.494063138962,0.512248086929,1,3
3,3,1,0.357445001602,0.507170963287,1,3
1,1,1,0.42146396637,0.344217014313,-1,3
4,4,1,0.403058052063,0.512248086929,1,3
1,1,1,0.468052148819,0.344217014313,-1,3
2,2,1,0.37232708931,0.518300104141,1,3
0,0,1,0.388514995575,0.491484570503,1,3
3,3,1,0.394396066666,0.507170963287,1,3
0,0,1,0.460713148117,0.491484570503,1,3
2,2,1,0.483326911926,0.518300104141,1,3
3,3,1,0.40065908432,0.507170963287,1,3
4,4,1,0.506042957306,0.512248086929,1,3
1,1,1,0.44321680069,0.344217014313,-1,3
3,3,1,0.394737958908,0.507170963287,1,3
2,2,1,0.489134788513,0.518300104141,1,3
1,1,1,0.528841972351,0.344217014313,-1,3
4,4,1,0.443787097931,0.512248086929,1,3
0,0,1,0.449056148529,0.491484570503,1,3
1,1,1,0.35301399231,0.344217014313,-1,3
2,2,1,0.383063793182,0.518300104141,1,3
0,1,0,0.433721065521,0.491484570503,-2,3
3,3,1,0.538555860519,0.507170963287,-1,3
4,4,1,0.415537834167,0.512248086929,1,3
3,3,1,0.43133687973,0.507170963287,1,3
0,0,1,0.44947886467,0.491484570503,1,3
2,2,1,0.417922019958,0.518300104141,1,3
4,4,1,0.534214019775,0.512248086929,-1,3
1,1,1,0.353271007538,0.344217014313,-1,3
2,2,1,0.344354152679,0.518300104141,1,3
1,1,1,0.341922044754,0.344217014313,1,3
3,3,1,0.366791009903,0.507170963287,1,3
0,0,1,0.423942089081,0.491484570503,1,3
4,3,0,0.358513116837,0.512248086929,-2,3
0,1,0,0.391520023346,0.491484570503,-2,3
2,2,1,0.38848900795,0.518300104141,1,3
4,4,1,0.621361970901,0.512248086929,-1,3
3,3,1,0.447282075882,0.507170963287,1,3
1,1,1,0.324651956558,0.344217014313,1,3
0,0,1,0.423676013947,0.491484570503,1,3
4,4,1,0.435930967331,0.512248086929,1,3
1,1,1,0.436979055405,0.344217014313,-1,3
2,2,1,0.59126996994,0.518300104141,-1,3
3,3,1,0.335264921188,0.507170963287,1,3
0,0,1,0.478306055069,0.491484570503,1,3
2,2,1,0.364042043686,0.518300104141,1,3
1,1,1,0.286510944366,0.344217014313,1,3
3,3,1,0.445978879929,0.507170963287,1,3
4,4,1,0.510307073593,0.512248086929,1,3
1,1,1,0.301441192627,0.344217014313,1,3
2,3,0,0.356868028641,0.518300104141,-2,3
3,3,1,0.342614173889,0.507170963287,1,3
0,0,1,0.554296016693,0.491484570503,-1,3
4,4,1,0.4044880867,0.512248086929,1,3
2,2,1,0.420471191406,0.518300104141,1,3
4,3,0,0.332587957382,0.512248086929,-2,3
3,3,1,0.49344086647,0.507170963287,1,3
0,1,0,0.299106836319,0.491484570503,-2,3
1,1,1,0.277737855911,0.344217014313,1,3
4,4,1,0.417816877365,0.512248086929,1,3
2,2,1,0.458916187286,0.518300104141,1,3
1,1,1,0.363117933273,0.344217014313,-1,3
3,3,1,0.345849990845,0.507170963287,1,3
0,0,1,0.476076841354,0.491484570503,1,3
3,3,1,0.380050897598,0.507170963287,1,3
2,2,1,0.410983085632,0.518300104141,1,3
1,1,1,0.435082912445,0.344217014313,-1,3
4,4,1,0.457951068878,0.512248086929,1,3
0,0,1,0.410732984543,0.491484570503,1,3
1,1,1,0.431421995163,0.344217014313,-1,3
3,3,1,0.463465929031,0.507170963287,1,3
0,0,1,0.441396951675,0.491484570503,1,3
2,2,1,0.530029058456,0.518300104141,-1,3
4,4,1,0.434765100479,0.512248086929,1,3
0,0,1,0.463175058365,0.491484570503,1,3
1,1,1,0.352513074875,0.344217014313,-1,3
3,3,1,0.402085781097,0.507170963287,1,3
2,2,1,0.327497959137,0.518300104141,1,3
4,4,1,0.455796003342,0.512248086929,1,3
1,1,1,0.432667970657,0.344217014313,-1,3
2,2,1,0.367808818817,0.518300104141,1,3
3,3,1,0.297518968582,0.507170963287,1,3
0,0,1,0.599822998047,0.491484570503,-1,3
4,4,1,0.665214776993,0.512248086929,-1,3
3,3,1,0.456537008286,0.507170963287,1,3
0,0,1,0.383908033371,0.491484570503,1,3
1,1,1,0.342936038971,0.344217014313,1,3
2,2,1,0.286247968674,0.518300104141,1,3
4,4,1,0.432511806488,0.512248086929,1,3
3,3,1,0.343605041504,0.507170963287,1,3
2,2,1,0.285925865173,0.518300104141,1,3
1,1,1,0.260004043579,0.344217014313,1,3
0,0,1,0.294879198074,0.491484570503,1,3
4,4,1,0.479764938354,0.512248086929,1,3
2,2,1,0.436980962753,0.518300104141,1,3
4,4,1,0.539392948151,0.512248086929,-1,3
3,-1,0,0.8,0.507170963287,-2,3
0,3,0,0.324978113174,0.491484570503,-2,3
1,0,0,0.00559520721436,0.344217014313,-2,3
4,4,1,0.34717798233,0.512248086929,1,3
1,1,1,0.379270076752,0.344217014313,-1,3
0,0,1,0.4054210186,0.491484570503,1,3
3,3,1,0.485090017319,0.507170963287,1,3
2,2,1,0.413895130157,0.518300104141,1,3
0,0,1,0.426657915115,0.491484570503,1,3
2,3,0,0.443127155304,0.518300104141,-2,3
1,1,1,0.323369026184,0.344217014313,1,3
4,4,1,0.445015907288,0.512248086929,1,3
3,3,1,0.330768108368,0.507170963287,1,3
1,1,1,0.300463914871,0.344217014313,1,3
2,2,1,0.309149980545,0.518300104141,1,3
0,0,1,0.587795972824,0.491484570503,-1,3
4,4,1,0.516145944595,0.512248086929,-1,3
3,3,1,0.60377907753,0.507170963287,-1,3
4,4,1,0.568608045578,0.512248086929,-1,3
0,0,1,0.362778902054,0.491484570503,1,3
3,3,1,0.401267051697,0.507170963287,1,3
2,2,1,0.416544914246,0.518300104141,1,3
1,1,1,0.323104143143,0.344217014313,1,3
3,3,1,0.362853050232,0.507170963287,1,3
4,4,1,0.530845165253,0.512248086929,-1,3
2,2,1,0.624601840973,0.518300104141,-1,3
1,1,1,0.320724010468,0.344217014313,1,3
0,0,1,0.374494075775,0.491484570503,1,3
4,4,1,0.433365821838,0.512248086929,1,3
2,2,1,0.465494155884,0.518300104141,1,3
0,0,1,0.527675151825,0.491484570503,-1,3
3,3,1,0.329840183258,0.507170963287,1,3
1,1,1,0.538262844086,0.344217014313,-1,3
4,4,1,0.473483085632,0.512248086929,1,3
3,3,1,0.713293075562,0.507170963287,-1,3
2,2,1,0.415863990784,0.518300104141,1,3
0,0,1,0.441361904144,0.491484570503,1,3
1,1,1,0.42995095253,0.344217014313,-1,3
0,0,1,0.497371912003,0.491484570503,-1,3
1,1,1,0.352504014969,0.344217014313,-1,3
3,2,0,0.520826101303,0.507170963287,-2,3
4,4,1,0.549859046936,0.512248086929,-1,3
2,2,1,0.68056678772,0.518300104141,-1,3
3,3,1,0.500998020172,0.507170963287,1,3
0,0,1,0.478021860123,0.491484570503,1,3
2,2,1,0.395886898041,0.518300104141,1,3
4,3,0,0.427794933319,0.512248086929,-2,3
1,1,1,0.302240133286,0.344217014313,1,3
0,0,1,0.341026067734,0.491484570503,1,3
3,3,1,0.419378995895,0.507170963287,1,3
2,2,1,0.438416004181,0.518300104141,1,3
1,1,1,0.427514076233,0.344217014313,-1,3
4,4,1,0.331640958786,0.512248086929,1,3
1,1,1,0.49200296402,0.344217014313,-1,3
3,3,1,0.348101139069,0.507170963287,1,3
2,2,1,0.395895957947,0.518300104141,1,3
0,0,1,0.460430145264,0.491484570503,1,3
4,4,1,0.445876836777,0.512248086929,1,3
1,1,1,0.412889957428,0.344217014313,-1,3
0,0,1,0.465403079987,0.491484570503,1,3
3,3,1,0.386505842209,0.507170963287,1,3
4,4,1,0.485149860382,0.512248086929,1,3
2,2,1,0.49029302597,0.518300104141,1,3
4,4,1,0.675301074982,0.512248086929,-1,3
3,3,1,0.467058897018,0.507170963287,1,3
1,1,1,0.324512004852,0.344217014313,1,3
0,0,1,0.323194980621,0.491484570503,1,3
2,2,1,0.337969064713,0.518300104141,1,3
4,4,1,0.450406074524,0.512248086929,1,3
1,1,1,0.267786979675,0.344217014313,1,3
0,0,1,0.419140100479,0.491484570503,1,3
3,3,1,0.320755004883,0.507170963287,1,3
2,2,1,0.35965514183,0.518300104141,1,3
3,3,1,0.585056066513,0.507170963287,-1,3
4,4,1,0.473825931549,0.512248086929,1,3
0,0,1,0.465528011322,0.491484570503,1,3
1,1,1,0.422677993774,0.344217014313,-1,3
2,2,1,0.305058002472,0.518300104141,1,3
1,1,1,0.506311893463,0.344217014313,-1,3
0,0,1,0.53003692627,0.491484570503,-1,3
2,3,0,0.42459487915,0.518300104141,-2,3
3,3,1,0.384043931961,0.507170963287,1,3
4,4,1,0.449079990387,0.512248086929,1,3
0,1,0,0.337568044662,0.491484570503,-2,3
3,3,1,0.488958120346,0.507170963287,1,3
2,2,1,0.432512998581,0.518300104141,1,3
4,4,1,0.393347024918,0.512248086929,1,3
1,1,1,0.359064102173,0.344217014313,-1,3
3,3,1,0.343821048737,0.507170963287,1,3
2,2,1,0.351984024048,0.518300104141,1,3
1,1,1,0.334092855453,0.344217014313,1,3
4,4,1,0.407132148743,0.512248086929,1,3
0,0,1,0.366368055344,0.491484570503,1,3
4,4,1,0.444835186005,0.512248086929,1,3
2,2,1,0.502315998077,0.518300104141,1,3
1,1,1,0.392385959625,0.344217014313,-1,3
0,0,1,0.39999294281,0.491484570503,1,3
3,3,1,0.384021043777,0.507170963287,1,3
4,4,1,0.476985931396,0.512248086929,1,3
2,2,1,0.510702133179,0.518300104141,1,3
1,1,1,0.324778079987,0.344217014313,1,3
0,0,1,0.311778068542,0.491484570503,1,3
3,3,1,0.429765939713,0.507170963287,1,3
1,1,1,0.293433904648,0.344217014313,1,3
3,3,1,0.437822818756,0.507170963287,1,3
2,2,1,0.452486991882,0.518300104141,1,3
0,0,1,0.501914978027,0.491484570503,-1,3
4,4,1,0.323931932449,0.512248086929,1,3
0,0,1,0.476337909698,0.491484570503,1,3
1,1,1,0.409996986389,0.344217014313,-1,3
3,3,1,0.356029987335,0.507170963287,1,3
2,2,1,0.333749055862,0.518300104141,1,3
4,4,1,0.490483999252,0.512248086929,1,3
0,0,1,0.562225818634,0.491484570503,-1,3
3,3,1,0.524075031281,0.507170963287,-1,3
2,3,0,0.572720050812,0.518300104141,-2,3
4,4,1,0.475872993469,0.512248086929,1,3
1,1,1,0.292912960052,0.344217014313,1,3
4,4,1,0.62623500824,0.512248086929,-1,3
2,2,1,0.651646852493,0.518300104141,-1,3
0,0,1,0.450849056244,0.491484570503,1,3
1,1,1,0.531394958496,0.344217014313,-1,3
3,3,1,0.345030069351,0.507170963287,1,3
0,0,1,0.391988039017,0.491484570503,1,3
3,3,1,0.313086986542,0.507170963287,1,3
1,1,1,0.390662908554,0.344217014313,-1,3
2,2,1,0.387309074402,0.518300104141,1,3
4,4,1,0.45894408226,0.512248086929,1,3
1,1,1,0.530745983124,0.344217014313,-1,3
4,4,1,0.3436460495,0.512248086929,1,3
2,2,1,0.329887151718,0.518300104141,1,3
3,3,1,0.393940925598,0.507170963287,1,3
0,0,1,0.408116102219,0.491484570503,1,3
3,3,1,0.354587078094,0.507170963287,1,3
0,0,1,0.457120895386,0.491484570503,1,3
1,1,1,0.437927961349,0.344217014313,-1,3
2,2,1,0.422308921814,0.518300104141,1,3
4,4,1,0.559251070023,0.512248086929,-1,3
2,2,1,0.512587070465,0.518300104141,1,3
3,3,1,0.367905855179,0.507170963287,1,3
0,0,1,0.393170118332,0.491484570503,1,3
4,-1,0,0.8,0.512248086929,-2,3
1,1,1,0.365735054016,0.344217014313,-1,3
4,4,1,0.438288927078,0.512248086929,1,3
0,0,1,0.544868946075,0.491484570503,-1,3
2,2,1,0.444638967514,0.518300104141,1,3
3,3,1,0.375200986862,0.507170963287,1,3
1,1,1,0.3884100914,0.344217014313,-1,3
4,4,1,0.451333999634,0.512248086929,1,3
0,0,1,0.499533891678,0.491484570503,-1,3
2,2,1,0.477416038513,0.518300104141,1,3
3,3,1,0.32569694519,0.507170963287,1,3
1,1,1,0.27792596817,0.344217014313,1,3
3,3,1,0.484696865082,0.507170963287,1,3
1,1,1,0.37283706665,0.344217014313,-1,3
4,4,1,0.48316693306,0.512248086929,1,3
2,3,0,0.477988004684,0.518300104141,-2,3
0,0,1,0.53138589859,0.491484570503,-1,3
2,2,1,0.686387062073,0.518300104141,-1,4
4,4,1,0.446805000305,0.512248086929,1,4
0,0,1,0.443858861923,0.491484570503,1,4
3,3,1,0.499757051468,0.507170963287,1,4
1,1,1,0.275274038315,0.344217014313,1,4
0,0,1,0.108563899994,0.491484570503,1,4
2,2,1,0.508574962616,0.518300104141,1,4
3,3,1,0.445424079895,0.507170963287,1,4
1,1,1,0.283910036087,0.344217014313,1,4
4,4,1,0.429676055908,0.512248086929,1,4
3,3,1,0.46689414978,0.507170963287,1,4
0,1,0,0.316447019577,0.491484570503,-2,4
1,1,1,0.299674034119,0.344217014313,1,4
2,2,1,0.425150156021,0.518300104141,1,4
4,4,1,0.466336011887,0.512248086929,1,4
0,0,1,0.70796585083,0.491484570503,-1,4
4,3,0,0.417000055313,0.512248086929,-2,4
3,3,1,0.361304044724,0.507170963287,1,4
1,1,1,0.385707139969,0.344217014313,-1,4
2,2,1,0.34653711319,0.518300104141,1,4
4,4,1,0.442394018173,0.512248086929,1,4
1,1,1,0.338344097137,0.344217014313,1,4
3,3,1,0.376209974289,0.507170963287,1,4
2,2,1,0.387001037598,0.518300104141,1,4
0,0,1,0.450727939606,0.491484570503,1,4
1,1,1,0.441097021103,0.344217014313,-1,4
4,4,1,0.480937004089,0.512248086929,1,4
2,2,1,0.450127840042,0.518300104141,1,4
0,0,1,0.360486030579,0.491484570503,1,4
3,3,1,0.415452957153,0.507170963287,1,4
0,0,1,0.392168998718,0.491484570503,1,4
1,1,1,0.384121894836,0.344217014313,-1,4
4,3,0,0.360884904861,0.512248086929,-2,4
2,2,1,0.480458021164,0.518300104141,1,4
3,3,1,0.365566015244,0.507170963287,1,4
2,2,1,0.496138811111,0.518300104141,1,4
3,3,1,0.429827213287,0.507170963287,1,4
1,1,1,0.316925048828,0.344217014313,1,4
4,4,1,0.479592084885,0.512248086929,1,4
0,0,1,0.391725063324,0.491484570503,1,4
2,2,1,0.398038864136,0.518300104141,1,4
3,3,1,0.342053174973,0.507170963287,1,4
1,1,1,0.324131011963,0.344217014313,1,4
0,0,1,0.504258871078,0.491484570503,-1,4
4,4,1,0.444152116776,0.512248086929,1,4
0,0,1,0.437839031219,0.491484570503,1,4
3,3,1,0.357141017914,0.507170963287,1,4
1,1,1,0.284786939621,0.344217014313,1,4
2,2,1,0.341796159744,0.518300104141,1,4
4,4,1,0.381742954254,0.512248086929,1,4
1,1,1,0.741119861603,0.344217014313,-1,4
3,3,1,0.380764961243,0.507170963287,1,4
4,4,1,0.498867988586,0.512248086929,1,4
2,2,1,0.478102207184,0.518300104141,1,4
0,0,1,0.451289892197,0.491484570503,1,4
1,1,1,0.325278043747,0.344217014313,1,4
2,2,1,0.306572914124,0.518300104141,1,4
4,4,1,0.393958091736,0.512248086929,1,4
0,0,1,0.507190942764,0.491484570503,-1,4
3,3,1,0.449689865112,0.507170963287,1,4
0,0,1,0.388406991959,0.491484570503,1,4
2,2,1,0.529479026794,0.518300104141,-1,4
4,3,0,0.530466079712,0.512248086929,-2,4
3,3,1,0.426573038101,0.507170963287,1,4
1,1,1,0.316679000854,0.344217014313,1,4
3,3,1,0.467442035675,0.507170963287,1,4
2,2,1,0.403484106064,0.518300104141,1,4
1,1,1,0.305499076843,0.344217014313,1,4
4,4,1,0.465065002441,0.512248086929,1,4
0,0,1,0.522225141525,0.491484570503,-1,4
1,1,1,0.380045890808,0.344217014313,-1,4
3,3,1,0.411309957504,0.507170963287,1,4
2,2,1,0.314753055573,0.518300104141,1,4
4,4,1,0.505988836288,0.512248086929,1,4
0,0,1,0.535546064377,0.491484570503,-1,4
1,1,1,0.391619920731,0.344217014313,-1,4
4,4,1,0.423294067383,0.512248086929,1,4
3,3,1,0.503170013428,0.507170963287,1,4
0,0,1,0.544272184372,0.491484570503,-1,4
2,2,1,0.392314910889,0.518300104141,1,4
0,0,1,0.5598320961,0.491484570503,-1,4
2,2,1,0.465582132339,0.518300104141,1,4
1,1,1,0.287237167358,0.344217014313,1,4
4,4,1,0.497861146927,0.512248086929,1,4
3,3,1,0.52125287056,0.507170963287,-1,4
4,4,1,0.577661037445,0.512248086929,-1,4
1,1,1,0.373573064804,0.344217014313,-1,4
0,0,1,0.439811944962,0.491484570503,1,4
3,3,1,0.456609010696,0.507170963287,1,4
2,2,1,0.537312030792,0.518300104141,-1,4
3,3,1,0.487377166748,0.507170963287,1,4
1,1,1,0.429953098297,0.344217014313,-1,4
2,2,1,0.464546918869,0.518300104141,1,4
0,0,1,0.496649026871,0.491484570503,-1,4
4,4,1,0.471093893051,0.512248086929,1,4
2,2,1,0.557353019714,0.518300104141,-1,4
4,4,1,0.52619600296,0.512248086929,-1,4
3,2,0,0.467928886414,0.507170963287,-2,4
0,0,1,0.581784009933,0.491484570503,-1,4
1,1,1,0.359758853912,0.344217014313,-1,4
4,4,1,0.436268091202,0.512248086929,1,4
2,2,1,0.469642877579,0.518300104141,1,4
0,0,1,0.518226861954,0.491484570503,-1,4
3,3,1,0.35480093956,0.507170963287,1,4
1,1,1,0.588579893112,0.344217014313,-1,4
2,2,1,0.459406852722,0.518300104141,1,4
1,1,1,0.308135032654,0.344217014313,1,4
3,3,1,0.430742025375,0.507170963287,1,4
0,0,1,0.414361000061,0.491484570503,1,4
4,4,1,0.457909107208,0.512248086929,1,4
0,0,1,0.491701126099,0.491484570503,-1,4
4,3,0,0.435151815414,0.512248086929,-2,4
1,1,1,0.290854930878,0.344217014313,1,4
3,3,1,0.443943977356,0.507170963287,1,4
2,2,1,0.338698863983,0.518300104141,1,4
3,3,1,0.41231584549,0.507170963287,1,4
4,4,1,0.491745948792,0.512248086929,1,4
2,2,1,0.521961927414,0.518300104141,-1,4
0,0,1,0.481783866882,0.491484570503,1,4
1,1,1,0.417783021927,0.344217014313,-1,4
3,3,1,0.384408950806,0.507170963287,1,4
0,0,1,0.401365995407,0.491484570503,1,4
4,4,1,0.393187046051,0.512248086929,1,4
2,2,1,0.46426820755,0.518300104141,1,4
1,1,1,0.505506038666,0.344217014313,-1,4
3,3,1,0.351229190826,0.507170963287,1,4
1,1,1,0.367000102997,0.344217014313,-1,4
2,2,1,0.336253166199,0.518300104141,1,4
4,3,0,0.442934036255,0.512248086929,-2,4
0,1,0,0.32251906395,0.491484570503,-2,4
1,1,1,0.369744062424,0.344217014313,-1,4
4,4,1,0.609225988388,0.512248086929,-1,4
2,2,1,0.409963130951,0.518300104141,1,4
3,3,1,0.665010929108,0.507170963287,-1,4
0,0,1,0.486933946609,0.491484570503,1,4
3,3,1,0.344640016556,0.507170963287,1,4
1,1,1,0.287263154984,0.344217014313,1,4
0,0,1,0.47816991806,0.491484570503,1,4
2,2,1,0.421930074692,0.518300104141,1,4
4,4,1,0.488378047943,0.512248086929,1,4
3,3,1,0.621463060379,0.507170963287,-1,4
1,1,1,0.392067909241,0.344217014313,-1,4
2,2,1,0.320602178574,0.518300104141,1,4
4,4,1,0.446650028229,0.512248086929,1,4
0,0,1,0.496453046799,0.491484570503,-1,4
4,4,1,0.519958019257,0.512248086929,-1,4
2,2,1,0.678754091263,0.518300104141,-1,4
3,3,1,0.447720766068,0.507170963287,1,4
0,1,0,0.262320041656,0.491484570503,-2,4
1,1,1,0.302886009216,0.344217014313,1,4
3,3,1,0.462014198303,0.507170963287,1,4
4,4,1,0.431109905243,0.512248086929,1,4
1,1,1,0.358043193817,0.344217014313,-1,4
0,0,1,0.381236076355,0.491484570503,1,4
2,3,0,0.315186977386,0.518300104141,-2,4
0,1,0,0.332547187805,0.491484570503,-2,4
4,3,0,0.446645975113,0.512248086929,-2,4
2,2,1,0.581418037415,0.518300104141,-1,4
3,3,1,0.525096893311,0.507170963287,-1,4
1,1,1,0.292642116547,0.344217014313,1,4
0,0,1,0.389110088348,0.491484570503,1,4
3,3,1,0.498420953751,0.507170963287,1,4
2,2,1,0.361989021301,0.518300104141,1,4
1,0,0,0.299586057663,0.344217014313,-2,4
4,4,1,0.354241132736,0.512248086929,1,4
3,3,1,0.362681150436,0.507170963287,1,4
2,3,0,0.386984109879,0.518300104141,-2,4
1,1,1,0.322192907333,0.344217014313,1,4
0,0,1,0.322439193726,0.491484570503,1,4
4,4,1,0.408891201019,0.512248086929,1,4
2,3,0,0.298356056213,0.518300104141,-2,4
0,0,1,0.433063983917,0.491484570503,1,4
1,1,1,0.39590215683,0.344217014313,-1,4
4,4,1,0.495537042618,0.512248086929,1,4
3,3,1,0.51312994957,0.507170963287,-1,4
1,1,1,0.417917013168,0.344217014313,-1,4
4,4,1,0.649160861969,0.512248086929,-1,4
3,3,1,0.441903829575,0.507170963287,1,4
0,0,1,0.48039484024,0.491484570503,1,4
2,1,0,0.442668914795,0.518300104141,-2,4
0,0,1,0.632832050323,0.491484570503,-1,4
3,3,1,0.503158092499,0.507170963287,1,4
1,1,1,0.297856092453,0.344217014313,1,4
4,4,1,0.457087993622,0.512248086929,1,4
2,2,1,0.557817935944,0.518300104141,-1,4
4,4,1,0.513316869736,0.512248086929,-1,4
1,1,1,0.32553601265,0.344217014313,1,4
3,3,1,0.423732042313,0.507170963287,1,4
2,2,1,0.567159891129,0.518300104141,-1,4
0,0,1,0.463861942291,0.491484570503,1,4
4,4,1,0.533987998962,0.512248086929,-1,4
2,2,1,0.493224859238,0.518300104141,1,4
3,3,1,0.423913002014,0.507170963287,1,4
0,0,1,0.430248022079,0.491484570503,1,4
1,1,1,0.429603099823,0.344217014313,-1,4
4,4,1,0.413403987885,0.512248086929,1,4
1,1,1,0.463845968246,0.344217014313,-1,4
0,0,1,0.726747989655,0.491484570503,-1,4
3,3,1,0.415686130524,0.507170963287,1,4
2,2,1,0.291885852814,0.518300104141,1,4
0,0,1,0.461043119431,0.491484570503,1,4
1,1,1,0.387588024139,0.344217014313,-1,4
3,3,1,0.461593151093,0.507170963287,1,4
4,4,1,0.44738817215,0.512248086929,1,4
2,1,0,0.34046292305,0.518300104141,-2,4
3,3,1,0.428569078445,0.507170963287,1,4
1,1,1,0.382558822632,0.344217014313,-1,4
0,0,1,0.485640048981,0.491484570503,1,4
2,2,1,0.548048973083,0.518300104141,-1,4
4,3,0,0.547252178192,0.512248086929,-2,4
0,0,1,0.450616121292,0.491484570503,1,4
4,4,1,0.524996995926,0.512248086929,-1,4
1,1,1,0.323719978333,0.344217014313,1,4
3,-1,0,0.8,0.507170963287,-2,4
2,-1,0,0.8,0.518300104141,-2,4
4,4,1,0.454413890839,0.512248086929,1,4
2,1,0,0.334444046021,0.518300104141,-2,4
3,3,1,0.364444971085,0.507170963287,1,4
1,1,1,0.540503978729,0.344217014313,-1,4
0,0,1,0.396113872528,0.491484570503,1,4
3,3,1,0.373708963394,0.507170963287,1,4
4,4,1,0.47002696991,0.512248086929,1,4
2,2,1,0.750557184219,0.518300104141,-1,4
1,1,1,0.579591989517,0.344217014313,-1,4
0,0,1,0.32470202446,0.491484570503,1,4
2,3,0,0.315530061722,0.518300104141,-2,4
1,1,1,0.413331985474,0.344217014313,-1,4
4,4,1,0.37978386879,0.512248086929,1,4
0,1,0,0.298165082932,0.491484570503,-2,4
3,2,0,0.337862968445,0.507170963287,-2,4
1,1,1,0.297935009003,0.344217014313,1,4
2,2,1,0.308666944504,0.518300104141,1,4
4,3,0,0.330350875854,0.512248086929,-2,4
3,3,1,0.540267944336,0.507170963287,-1,4
0,0,1,0.427134990692,0.491484570503,1,4
3,3,1,0.59749007225,0.507170963287,-1,4
2,2,1,0.472963094711,0.518300104141,1,4
0,0,1,0.42524600029,0.491484570503,1,4
4,4,1,0.460673093796,0.512248086929,1,4
1,1,1,0.396670103073,0.344217014313,-1,4
4,4,1,0.512282848358,0.512248086929,-1,4
0,0,1,0.417557001114,0.491484570503,1,4
3,3,1,0.507858991623,0.507170963287,-1,4
2,3,0,0.40242099762,0.518300104141,-2,4
1,1,1,0.282876968384,0.344217014313,1,4
2,3,0,0.415772914886,0.518300104141,-2,4
1,1,1,0.432852983475,0.344217014313,-1,4
4,4,1,0.425309181213,0.512248086929,1,4
0,0,1,0.394487857819,0.491484570503,1,4
3,3,1,0.39217710495,0.507170963287,1,4
0,0,1,0.448010921478,0.491484570503,1,4
3,3,1,0.32948589325,0.507170963287,1,4
4,4,1,0.455096006393,0.512248086929,1,4
2,2,1,0.39886713028,0.518300104141,1,4
1,1,1,0.311318159103,0.344217014313,1,4
4,3,0,0.44960308075,0.512248086929,-2,4
3,3,1,0.392702817917,0.507170963287,1,4
2,3,0,0.399507045746,0.518300104141,-2,4
1,1,1,0.391777038574,0.344217014313,-1,4
0,0,1,0.414005994797,0.491484570503,1,4
2,2,1,0.324968099594,0.518300104141,1,4
1,1,1,0.285547971725,0.344217014313,1,4
0,0,1,0.430016040802,0.491484570503,1,4
3,3,1,0.396679162979,0.507170963287,1,4
4,4,1,0.390967130661,0.512248086929,1,4
0,1,0,0.464401960373,0.491484570503,-2,4
4,4,1,0.445719957352,0.512248086929,1,4
1,1,1,0.279752969742,0.344217014313,1,4
2,2,1,0.364964008331,0.518300104141,1,4
3,3,1,0.358272075653,0.507170963287,1,4
0,1,0,0.269948959351,0.491484570503,-2,4
2,1,0,0.301259994507,0.518300104141,-2,4
3,3,1,0.450700044632,0.507170963287,1,4
1,1,1,0.276746988297,0.344217014313,1,4
4,4,1,0.404573917389,0.512248086929,1,4
0,0,1,0.54899597168,0.491484570503,-1,4
2,2,1,0.52378487587,0.518300104141,-1,4
3,3,1,0.445707082748,0.507170963287,1,4
1,1,1,0.290884971619,0.344217014313,1,4
4,4,1,0.453965902328,0.512248086929,1,4
1,1,1,0.544433116913,0.344217014313,-1,5
2,3,0,0.439435958862,0.518300104141,-2,5
4,4,1,0.435513019562,0.512248086929,1,5
3,3,1,0.374958992004,0.507170963287,1,5
0,0,1,0.385051965714,0.491484570503,1,5
2,2,1,0.366765022278,0.518300104141,1,5
1,1,1,0.328581094742,0.344217014313,1,5
4,4,1,0.514609098434,0.512248086929,-1,5
3,3,1,0.448945999146,0.507170963287,1,5
0,0,1,0.383005142212,0.491484570503,1,5
4,4,1,0.391527891159,0.512248086929,1,5
0,1,0,0.445849895477,0.491484570503,-2,5
3,3,1,0.441008090973,0.507170963287,1,5
1,1,1,0.297214984894,0.344217014313,1,5
2,2,1,0.279875040054,0.518300104141,1,5
3,3,1,0.327279090881,0.507170963287,1,5
0,0,1,0.437461853027,0.491484570503,1,5
2,2,1,0.447159051895,0.518300104141,1,5
1,1,1,0.373459100723,0.344217014313,-1,5
4,4,1,0.469702005386,0.512248086929,1,5
0,0,1,0.484131097794,0.491484570503,1,5
3,3,1,0.486321926117,0.507170963287,1,5
1,1,1,0.359932899475,0.344217014313,-1,5
2,2,1,0.293444156647,0.518300104141,1,5
4,4,1,0.460898160934,0.512248086929,1,5
2,2,1,0.494687080383,0.518300104141,1,5
4,4,1,0.551069974899,0.512248086929,-1,5
3,3,1,0.431293010712,0.507170963287,1,5
0,0,1,0.468067169189,0.491484570503,1,5
1,1,1,0.557884931564,0.344217014313,-1,5
4,4,1,0.444431066513,0.512248086929,1,5
0,1,0,0.436088085175,0.491484570503,-2,5
2,2,1,0.507924079895,0.518300104141,1,5
1,1,1,0.533164978027,0.344217014313,-1,5
3,4,0,0.387156009674,0.507170963287,-2,5
0,0,1,0.461347103119,0.491484570503,1,5
4,4,1,0.370091915131,0.512248086929,1,5
1,1,1,0.563650846481,0.344217014313,-1,5
2,2,1,0.443912982941,0.518300104141,1,5
3,3,1,0.593413114548,0.507170963287,-1,5
0,0,1,0.499768018723,0.491484570503,-1,5
1,1,1,0.332826137543,0.344217014313,1,5
4,4,1,0.49680685997,0.512248086929,1,5
2,2,1,0.579632997513,0.518300104141,-1,5
3,3,1,0.466029882431,0.507170963287,1,5
0,0,1,0.450703859329,0.491484570503,1,5
2,3,0,0.443572998047,0.518300104141,-2,5
1,1,1,0.399854898453,0.344217014313,-1,5
4,4,1,0.504464864731,0.512248086929,1,5
3,3,1,0.432836055756,0.507170963287,1,5
4,4,1,0.579763889313,0.512248086929,-1,5
2,2,1,0.499580144882,0.518300104141,1,5
0,0,1,0.481770038605,0.491484570503,1,5
3,3,1,0.394541025162,0.507170963287,1,5
1,1,1,0.378064870834,0.344217014313,-1,5
2,2,1,0.318294048309,0.518300104141,1,5
4,3,0,0.359735012054,0.512248086929,-2,5
1,1,1,0.337606906891,0.344217014313,1,5
0,0,1,0.369349002838,0.491484570503,1,5
3,3,1,0.535087108612,0.507170963287,-1,5
4,4,1,0.718806028366,0.512248086929,-1,5
3,3,1,0.454015016556,0.507170963287,1,5
1,1,1,0.320400953293,0.344217014313,1,5
2,2,1,0.432799100876,0.518300104141,1,5
0,0,1,0.519762992859,0.491484570503,-1,5
2,3,0,0.452802181244,0.518300104141,-2,5
3,3,1,0.375746965408,0.507170963287,1,5
4,4,1,0.485888004303,0.512248086929,1,5
1,1,1,0.436959981918,0.344217014313,-1,5
0,0,1,0.415071964264,0.491484570503,1,5
2,2,1,0.38983798027,0.518300104141,1,5
3,3,1,0.390050888062,0.507170963287,1,5
4,4,1,0.428552865982,0.512248086929,1,5
0,0,1,0.463254928589,0.491484570503,1,5
1,1,1,0.351836919785,0.344217014313,-1,5
4,4,1,0.511543035507,0.512248086929,1,5
2,-1,0,0.8,0.518300104141,-2,5
3,3,1,0.405910968781,0.507170963287,1,5
1,1,1,0.27028298378,0.344217014313,1,5
0,0,1,0.429747104645,0.491484570503,1,5
1,1,1,0.42936706543,0.344217014313,-1,5
0,0,1,0.443701982498,0.491484570503,1,5
2,2,1,0.474827051163,0.518300104141,1,5
4,4,1,0.431047916412,0.512248086929,1,5
3,3,1,0.398250102997,0.507170963287,1,5
2,3,0,0.341024160385,0.518300104141,-2,5
4,4,1,0.468623876572,0.512248086929,1,5
1,1,1,0.358262062073,0.344217014313,-1,5
3,3,1,0.395570039749,0.507170963287,1,5
0,0,1,0.42741394043,0.491484570503,1,5
4,-1,0,0.8,0.512248086929,-2,5
1,1,1,0.403305053711,0.344217014313,-1,5
0,0,1,0.435988903046,0.491484570503,1,5
3,3,1,0.418730020523,0.507170963287,1,5
2,2,1,0.378803014755,0.518300104141,1,5
0,0,1,0.490644931793,0.491484570503,1,5
3,3,1,0.386444807053,0.507170963287,1,5
4,4,1,0.434496879578,0.512248086929,1,5
2,2,1,0.498025894165,0.518300104141,1,5
1,1,1,0.451890945435,0.344217014313,-1,5
3,3,1,0.385558128357,0.507170963287,1,5
1,1,1,0.286864042282,0.344217014313,1,5
2,2,1,0.297727823257,0.518300104141,1,5
4,3,0,0.375363826752,0.512248086929,-2,5
0,0,1,0.483228206635,0.491484570503,1,5
3,3,1,0.443204879761,0.507170963287,1,5
2,2,1,0.514130115509,0.518300104141,1,5
0,0,1,0.473238945007,0.491484570503,1,5
4,4,1,0.505849123001,0.512248086929,1,5
1,1,1,0.352479934692,0.344217014313,-1,5
2,2,1,0.405754089355,0.518300104141,1,5
4,4,1,0.44940495491,0.512248086929,1,5
1,1,1,0.616498947144,0.344217014313,-1,5
3,3,1,0.407742977142,0.507170963287,1,5
0,0,1,0.406555891037,0.491484570503,1,5
2,2,1,0.311175107956,0.518300104141,1,5
3,3,1,0.439053058624,0.507170963287,1,5
0,0,1,0.438179969788,0.491484570503,1,5
4,4,1,0.456937074661,0.512248086929,1,5
1,1,1,0.351233959198,0.344217014313,-1,5
3,3,1,0.302326917648,0.507170963287,1,5
2,2,1,0.452342033386,0.518300104141,1,5
4,4,1,0.605473041534,0.512248086929,-1,5
1,1,1,0.383802890778,0.344217014313,-1,5
0,0,1,0.399353981018,0.491484570503,1,5
4,4,1,0.439044952393,0.512248086929,1,5
1,1,1,0.605822086334,0.344217014313,-1,5
0,0,1,0.446827888489,0.491484570503,1,5
3,3,1,0.50146818161,0.507170963287,1,5
2,2,1,0.414417982101,0.518300104141,1,5
3,3,1,0.428185939789,0.507170963287,1,5
1,1,1,0.413029909134,0.344217014313,-1,5
0,0,1,0.460097074509,0.491484570503,1,5
4,3,0,0.381361961365,0.512248086929,-2,5
2,2,1,0.325289964676,0.518300104141,1,5
0,0,1,0.510227918625,0.491484570503,-1,5
3,3,1,0.346914052963,0.507170963287,1,5
2,2,1,0.387424945831,0.518300104141,1,5
1,1,1,0.380481004715,0.344217014313,-1,5
4,4,1,0.418437004089,0.512248086929,1,5
1,1,1,0.355581045151,0.344217014313,-1,5
0,0,1,0.491367816925,0.491484570503,1,5
4,4,1,0.488955020905,0.512248086929,1,5
3,3,1,0.475311994553,0.507170963287,1,5
2,2,1,0.572593927383,0.518300104141,-1,5
0,0,1,0.38675403595,0.491484570503,1,5
3,3,1,0.38673210144,0.507170963287,1,5
1,1,1,0.441188097,0.344217014313,-1,5
2,2,1,0.499786138535,0.518300104141,1,5
4,4,1,0.450089216232,0.512248086929,1,5
3,3,1,0.39327287674,0.507170963287,1,5
2,1,0,0.31592297554,0.518300104141,-2,5
4,4,1,0.432814121246,0.512248086929,1,5
1,1,1,0.369179010391,0.344217014313,-1,5
0,0,1,0.415748119354,0.491484570503,1,5
4,3,0,0.399540901184,0.512248086929,-2,5
1,1,1,0.319864988327,0.344217014313,1,5
2,2,1,0.351793050766,0.518300104141,1,5
0,0,1,0.366568088531,0.491484570503,1,5
3,3,1,0.383581161499,0.507170963287,1,5
0,0,1,0.465461015701,0.491484570503,1,5
1,1,1,0.449396133423,0.344217014313,-1,5
4,4,1,0.486510038376,0.512248086929,1,5
2,2,1,0.489768028259,0.518300104141,1,5
3,3,1,0.384234905243,0.507170963287,1,5
0,0,1,0.414771080017,0.491484570503,1,5
2,2,1,0.454163074493,0.518300104141,1,5
1,1,1,0.350875139236,0.344217014313,-1,5
3,3,1,0.32767701149,0.507170963287,1,5
4,4,1,0.469808101654,0.512248086929,1,5
1,1,1,0.332963943481,0.344217014313,1,5
4,4,1,0.582843065262,0.512248086929,-1,5
0,0,1,0.50469994545,0.491484570503,-1,5
3,3,1,0.62392616272,0.507170963287,-1,5
2,2,1,0.503413915634,0.518300104141,1,5
0,0,1,0.485527038574,0.491484570503,1,5
1,1,1,0.398854970932,0.344217014313,-1,5
3,3,1,0.48485994339,0.507170963287,1,5
2,2,1,0.454061031342,0.518300104141,1,5
4,3,0,0.388739824295,0.512248086929,-2,5
0,0,1,0.476626873016,0.491484570503,1,5
2,2,1,0.635033130646,0.518300104141,-1,5
1,1,1,0.382827997208,0.344217014313,-1,5
4,4,1,0.4207239151,0.512248086929,1,5
3,3,1,0.356698989868,0.507170963287,1,5
2,2,1,0.356767892838,0.518300104141,1,5
0,0,1,0.411126852036,0.491484570503,1,5
1,1,1,0.353631019592,0.344217014313,-1,5
4,4,1,0.4894490242,0.512248086929,1,5
3,3,1,0.331623077393,0.507170963287,1,5
1,1,1,0.330286026001,0.344217014313,1,5
2,2,1,0.506731033325,0.518300104141,1,5
0,0,1,0.392786026001,0.491484570503,1,5
3,3,1,0.380186796188,0.507170963287,1,5
4,4,1,0.442212104797,0.512248086929,1,5
3,3,1,0.412075996399,0.507170963287,1,5
1,1,1,0.297879934311,0.344217014313,1,5
2,2,1,0.299838066101,0.518300104141,1,5
4,4,1,0.488587856293,0.512248086929,1,5
0,0,1,0.475091934204,0.491484570503,1,5
1,1,1,0.380326032639,0.344217014313,-1,5
2,2,1,0.329936981201,0.518300104141,1,5
0,0,1,0.41036605835,0.491484570503,1,5
3,3,1,0.402376174927,0.507170963287,1,5
4,4,1,0.46737909317,0.512248086929,1,5
2,3,0,0.496825218201,0.518300104141,-2,5
1,1,1,0.362962961197,0.344217014313,-1,5
0,0,1,0.360898971558,0.491484570503,1,5
3,3,1,0.474841117859,0.507170963287,1,5
4,4,1,0.473281145096,0.512248086929,1,5
3,3,1,0.472841978073,0.507170963287,1,5
0,0,1,0.424978017807,0.491484570503,1,5
2,2,1,0.449600934982,0.518300104141,1,5
1,1,1,0.407225131989,0.344217014313,-1,5
4,4,1,0.480542182922,0.512248086929,1,5
0,0,1,0.34250998497,0.491484570503,1,5
2,2,1,0.512742042542,0.518300104141,1,5
4,4,1,0.463636875153,0.512248086929,1,5
3,3,1,0.552461147308,0.507170963287,-1,5
1,1,1,0.343409776688,0.344217014313,1,5
2,2,1,0.318952083588,0.518300104141,1,5
1,1,1,0.349428892136,0.344217014313,-1,5
4,4,1,0.481057882309,0.512248086929,1,5
0,0,1,0.500560998917,0.491484570503,-1,5
3,3,1,0.376660823822,0.507170963287,1,5
2,2,1,0.326280117035,0.518300104141,1,5
0,1,0,0.343185186386,0.491484570503,-2,5
3,3,1,0.439071893692,0.507170963287,1,5
4,4,1,0.483433961868,0.512248086929,1,5
1,1,1,0.343391895294,0.344217014313,1,5
3,2,0,0.598746061325,0.507170963287,-2,5
1,1,1,0.477854013443,0.344217014313,-1,5
2,2,1,0.300583124161,0.518300104141,1,5
0,1,0,0.446457862854,0.491484570503,-2,5
4,4,1,0.421775817871,0.512248086929,1,5
2,2,1,0.430765867233,0.518300104141,1,5
0,0,1,0.539677143097,0.491484570503,-1,5
1,1,1,0.453149080276,0.344217014313,-1,5
4,4,1,0.435142040253,0.512248086929,1,5
3,3,1,0.637485027313,0.507170963287,-1,5
1,1,1,0.355534076691,0.344217014313,-1,5
4,4,1,0.427976846695,0.512248086929,1,5
3,3,1,0.435178041458,0.507170963287,1,5
2,3,0,0.361326932907,0.518300104141,-2,5
0,0,1,0.434760093689,0.491484570503,1,5
1,1,1,0.409730195999,0.344217014313,-1,5
3,3,1,0.403775930405,0.507170963287,1,5
0,0,1,0.440345048904,0.491484570503,1,5
2,2,1,0.514597892761,0.518300104141,1,5
4,4,1,0.363005876541,0.512248086929,1,5
3,2,0,0.450594902039,0.507170963287,-2,5
0,0,1,0.482841968536,0.491484570503,1,5
2,2,1,0.42652797699,0.518300104141,1,5
4,4,1,0.280848026276,0.512248086929,1,5
1,1,1,0.626608133316,0.344217014313,-1,5
2,2,1,0.440490007401,0.518300104141,1,5
0,0,1,0.400797128677,0.491484570503,1,5
1,1,1,0.440889120102,0.344217014313,-1,5
4,4,1,0.529818058014,0.512248086929,-1,5
3,3,1,0.48991894722,0.507170963287,1,5
0,0,1,0.53634595871,0.491484570503,-1,5
1,1,1,0.503166913986,0.344217014313,-1,5
2,2,1,0.607233047485,0.518300104141,-1,5
4,4,1,0.535853862762,0.512248086929,-1,5
3,3,1,0.480581045151,0.507170963287,1,5
4,-1,0,0.8,0.512248086929,-2,5
2,1,0,0.487473964691,0.518300104141,-2,5
1,1,1,0.343486070633,0.344217014313,1,5
3,3,1,0.397212982178,0.507170963287,1,5
0,0,1,0.408529043198,0.491484570503,1,5
2,2,1,0.393268823624,0.518300104141,1,5
3,3,1,0.358592987061,0.507170963287,1,5
0,0,1,0.406311035156,0.491484570503,1,5
4,4,1,0.407451152802,0.512248086929,1,5
1,1,1,0.524851083755,0.344217014313,-1,5
4,4,1,0.527053833008,0.512248086929,-1,5
3,2,0,0.471267938614,0.507170963287,-2,5
1,1,1,0.414336204529,0.344217014313,-1,5
2,2,1,0.381780147552,0.518300104141,1,5
0,0,1,0.375320911407,0.491484570503,1,5
2,2,1,0.648661136627,0.518300104141,-1,6
4,4,1,0.363852024078,0.512248086929,1,6
3,3,1,0.384933948517,0.507170963287,1,6
1,1,1,0.378217220306,0.344217014313,-1,6
0,0,1,0.348794937134,0.491484570503,1,6
4,3,0,0.323109865189,0.512248086929,-2,6
3,3,1,0.48847413063,0.507170963287,1,6
0,0,1,0.444723844528,0.491484570503,1,6
1,1,1,0.40195608139,0.344217014313,-1,6
2,2,1,0.484009027481,0.518300104141,1,6
0,0,1,0.408777952194,0.491484570503,1,6
3,3,1,0.363118171692,0.507170963287,1,6
2,2,1,0.458675861359,0.518300104141,1,6
4,4,1,0.426022052765,0.512248086929,1,6
1,1,1,0.27953004837,0.344217014313,1,6
3,3,1,0.399225950241,0.507170963287,1,6
0,0,1,0.511063098907,0.491484570503,-1,6
4,4,1,0.482290029526,0.512248086929,1,6
2,2,1,0.442229986191,0.518300104141,1,6
1,1,1,0.289244890213,0.344217014313,1,6
2,2,1,0.466753005981,0.518300104141,1,6
3,3,1,0.279919862747,0.507170963287,1,6
1,1,1,0.305484056473,0.344217014313,1,6
0,0,1,0.368861913681,0.491484570503,1,6
4,4,1,0.413527011871,0.512248086929,1,6
1,1,1,0.399631977081,0.344217014313,-1,6
4,4,1,0.583920001984,0.512248086929,-1,6
2,2,1,0.489218950272,0.518300104141,1,6
3,3,1,0.415355920792,0.507170963287,1,6
0,0,1,0.502399206161,0.491484570503,-1,6
1,1,1,0.430473089218,0.344217014313,-1,6
3,3,1,0.452013015747,0.507170963287,1,6
2,2,1,0.476897954941,0.518300104141,1,6
4,4,1,0.479789972305,0.512248086929,1,6
0,0,1,0.510053157806,0.491484570503,-1,6
2,2,1,0.31721997261,0.518300104141,1,6
0,1,0,0.34255194664,0.491484570503,-2,6
1,1,1,0.391920089722,0.344217014313,-1,6
3,3,1,0.32546210289,0.507170963287,1,6
4,4,1,0.422730922699,0.512248086929,1,6
2,2,1,0.502080917358,0.518300104141,1,6
3,3,1,0.413182020187,0.507170963287,1,6
4,4,1,0.451772928238,0.512248086929,1,6
1,1,1,0.342127084732,0.344217014313,1,6
0,0,1,0.395303964615,0.491484570503,1,6
4,3,0,0.373472929001,0.512248086929,-2,6
2,3,0,0.299460887909,0.518300104141,-2,6
1,1,1,0.276452064514,0.344217014313,1,6
0,0,1,0.442049026489,0.491484570503,1,6
3,3,1,0.404080152512,0.507170963287,1,6
2,2,1,0.453558206558,0.518300104141,1,6
4,4,1,0.401401042938,0.512248086929,1,6
1,1,1,0.297699928284,0.344217014313,1,6
3,3,1,0.325156927109,0.507170963287,1,6
0,0,1,0.363066911697,0.491484570503,1,6
3,3,1,0.353778123856,0.507170963287,1,6
2,2,1,0.354093074799,0.518300104141,1,6
4,4,1,0.417724132538,0.512248086929,1,6
0,0,1,0.379619121552,0.491484570503,1,6
1,1,1,0.411633968353,0.344217014313,-1,6
4,4,1,0.4660551548,0.512248086929,1,6
2,2,1,0.35554599762,0.518300104141,1,6
0,0,1,0.375414848328,0.491484570503,1,6
3,3,1,0.387632131577,0.507170963287,1,6
1,1,1,0.410415887833,0.344217014313,-1,6
2,2,1,0.561423063278,0.518300104141,-1,6
3,3,1,0.471336841583,0.507170963287,1,6
1,1,1,0.289206027985,0.344217014313,1,6
0,0,1,0.463374853134,0.491484570503,1,6
4,3,0,0.671760082245,0.512248086929,-2,6
1,1,1,0.455469846725,0.344217014313,-1,6
0,0,1,0.424437999725,0.491484570503,1,6
2,3,0,0.432981014252,0.518300104141,-2,6
4,4,1,0.457002878189,0.512248086929,1,6
3,3,1,0.480273008347,0.507170963287,1,6
4,4,1,0.488996982574,0.512248086929,1,6
0,0,1,0.463347911835,0.491484570503,1,6
3,-1,0,0.8,0.507170963287,-2,6
1,1,1,0.441156864166,0.344217014313,-1,6
2,2,1,0.317768096924,0.518300104141,1,6
1,1,1,0.552023887634,0.344217014313,-1,6
0,0,1,0.496731042862,0.491484570503,-1,6
2,2,1,0.414794921875,0.518300104141,1,6
3,3,1,0.358420848846,0.507170963287,1,6
4,4,1,0.452364206314,0.512248086929,1,6
3,3,1,0.388150930405,0.507170963287,1,6
4,4,1,0.486476898193,0.512248086929,1,6
2,2,1,0.483994007111,0.518300104141,1,6
0,0,1,0.452720880508,0.491484570503,1,6
1,1,1,0.549803972244,0.344217014313,-1,6
3,3,1,0.395241975784,0.507170963287,1,6
1,2,0,0.412846088409,0.344217014313,-2,6
2,2,1,0.443015813828,0.518300104141,1,6
4,4,1,0.485285997391,0.512248086929,1,6
0,0,1,0.563204050064,0.491484570503,-1,6
3,3,1,0.395009994507,0.507170963287,1,6
4,4,1,0.451483011246,0.512248086929,1,6
1,1,1,0.374188899994,0.344217014313,-1,6
2,2,1,0.342245101929,0.518300104141,1,6
0,1,0,0.385730028152,0.491484570503,-2,6
1,1,1,0.412080049515,0.344217014313,-1,6
3,3,1,0.417655944824,0.507170963287,1,6
4,4,1,0.44509601593,0.512248086929,1,6
2,2,1,0.475155830383,0.518300104141,1,6
0,0,1,0.561155796051,0.491484570503,-1,6
3,3,1,0.396782159805,0.507170963287,1,6
4,4,1,0.46564078331,0.512248086929,1,6
2,2,1,0.532072067261,0.518300104141,-1,6
0,0,1,0.449414968491,0.491484570503,1,6
1,1,1,0.355901956558,0.344217014313,-1,6
4,3,0,0.38566493988,0.512248086929,-2,6
1,1,1,0.352614164352,0.344217014313,-1,6
3,3,1,0.319926023483,0.507170963287,1,6
0,0,1,0.376861810684,0.491484570503,1,6
2,2,1,0.384306192398,0.518300104141,1,6
1,1,1,0.425043106079,0.344217014313,-1,6
3,3,1,0.383288145065,0.507170963287,1,6
4,4,1,0.431804895401,0.512248086929,1,6
2,2,1,0.737260818481,0.518300104141,-1,6
0,0,1,0.392290115356,0.491484570503,1,6
2,2,1,0.38488483429,0.518300104141,1,6
1,1,1,0.7136490345,0.344217014313,-1,6
0,-1,0,0.8,0.491484570503,-2,6
4,3,0,0.696969985962,0.512248086929,-2,6
3,3,1,0.416511058807,0.507170963287,1,6
0,1,0,0.30459690094,0.491484570503,-2,6
1,1,1,0.309109926224,0.344217014313,1,6
3,3,1,0.614459037781,0.507170963287,-1,6
4,4,1,0.454586982727,0.512248086929,1,6
2,2,1,0.399995088577,0.518300104141,1,6
3,3,1,0.455127000809,0.507170963287,1,6
0,0,1,0.469043016434,0.491484570503,1,6
1,1,1,0.361039161682,0.344217014313,-1,6
2,2,1,0.55964589119,0.518300104141,-1,6
4,4,1,0.648490190506,0.512248086929,-1,6
3,3,1,0.477727174759,0.507170963287,1,6
0,0,1,0.397361040115,0.491484570503,1,6
1,1,1,0.35863494873,0.344217014313,-1,6
4,4,1,0.531935930252,0.512248086929,-1,6
2,2,1,0.543678998947,0.518300104141,-1,6
1,1,1,0.303306102753,0.344217014313,1,6
2,2,1,0.383283853531,0.518300104141,1,6
3,3,1,0.358340978622,0.507170963287,1,6
4,4,1,0.467474937439,0.512248086929,1,6
0,1,0,0.348165988922,0.491484570503,-2,6
1,2,0,0.405901908875,0.344217014313,-2,6
3,3,1,0.452845096588,0.507170963287,1,6
4,4,1,0.454312801361,0.512248086929,1,6
2,2,1,0.522294998169,0.518300104141,-1,6
0,0,1,0.485630989075,0.491484570503,1,6
3,3,1,0.426992177963,0.507170963287,1,6
4,4,1,0.493458986282,0.512248086929,1,6
1,1,1,0.609313964844,0.344217014313,-1,6
0,0,1,0.506849050522,0.491484570503,-1,6
2,2,1,0.412909984589,0.518300104141,1,6
3,3,1,0.363750934601,0.507170963287,1,6
0,1,0,0.417510986328,0.491484570503,-2,6
4,4,1,0.451944112778,0.512248086929,1,6
2,2,1,0.484290838242,0.518300104141,1,6
1,1,1,0.435794115067,0.344217014313,-1,6
2,3,0,0.457602977753,0.518300104141,-2,6
4,4,1,0.482784032822,0.512248086929,1,6
3,3,1,0.61982011795,0.507170963287,-1,6
0,0,1,0.522637844086,0.491484570503,-1,6
1,1,1,0.463629007339,0.344217014313,-1,6
4,4,1,0.464983940125,0.512248086929,1,6
1,1,1,0.527145147324,0.344217014313,-1,6
2,2,1,0.456429958344,0.518300104141,1,6
0,0,1,0.387074947357,0.491484570503,1,6
3,3,1,0.409134864807,0.507170963287,1,6
0,0,1,0.470484972,0.491484570503,1,6
1,1,1,0.560677051544,0.344217014313,-1,6
2,2,1,0.527907133102,0.518300104141,-1,6
3,3,1,0.32817697525,0.507170963287,1,6
4,4,1,0.582807779312,0.512248086929,-1,6
0,0,1,0.517992973328,0.491484570503,-1,6
1,1,1,0.361335039139,0.344217014313,-1,6
3,3,1,0.35133099556,0.507170963287,1,6
4,4,1,0.513079881668,0.512248086929,-1,6
2,1,0,0.287441015244,0.518300104141,-2,6
3,3,1,0.509650945663,0.507170963287,-1,6
2,2,1,0.487333059311,0.518300104141,1,6
1,1,1,0.381222963333,0.344217014313,-1,6
0,0,1,0.374142885208,0.491484570503,1,6
4,-1,0,0.8,0.512248086929,-2,6
1,1,1,0.36785197258,0.344217014313,-1,6
0,0,1,0.388216972351,0.491484570503,1,6
3,3,1,0.455646038055,0.507170963287,1,6
2,2,1,0.366605997086,0.518300104141,1,6
4,4,1,0.407444000244,0.512248086929,1,6
0,0,1,0.379642009735,0.491484570503,1,6
1,1,1,0.349744081497,0.344217014313,-1,6
2,2,1,0.28671503067,0.518300104141,1,6
3,3,1,0.275520086288,0.507170963287,1,6
4,4,1,0.427888870239,0.512248086929,1,6
2,2,1,0.554417848587,0.518300104141,-1,6
0,0,1,0.453191041946,0.491484570503,1,6
4,4,1,0.482769012451,0.512248086929,1,6
3,3,1,0.548300981522,0.507170963287,-1,6
1,1,1,0.294322967529,0.344217014313,1,6
2,2,1,0.62805891037,0.518300104141,-1,6
1,1,1,0.442924022675,0.344217014313,-1,6
3,3,1,0.353770971298,0.507170963287,1,6
4,4,1,0.426779985428,0.512248086929,1,6
0,1,0,0.28232884407,0.491484570503,-2,6
1,1,1,0.291856050491,0.344217014313,1,6
4,4,1,0.452223062515,0.512248086929,1,6
3,3,1,0.476216077805,0.507170963287,1,6
0,0,1,0.525121927261,0.491484570503,-1,6
2,3,0,0.38436794281,0.518300104141,-2,6
3,3,1,0.370245933533,0.507170963287,1,6
2,2,1,0.425065994263,0.518300104141,1,6
4,4,1,0.465756177902,0.512248086929,1,6
1,1,1,0.339304924011,0.344217014313,1,6
0,0,1,0.393707036972,0.491484570503,1,6
3,3,1,0.491175889969,0.507170963287,1,6
0,0,1,0.459072113037,0.491484570503,1,6
1,1,1,0.36138010025,0.344217014313,-1,6
4,4,1,0.518805980682,0.512248086929,-1,6
2,3,0,0.338593959808,0.518300104141,-2,6
0,0,1,0.416330814362,0.491484570503,1,6
2,3,0,0.386117935181,0.518300104141,-2,6
3,4,0,0.313457965851,0.507170963287,-2,6
4,4,1,0.432886123657,0.512248086929,1,6
1,1,1,0.321305990219,0.344217014313,1,6
0,0,1,0.295938014984,0.491484570503,1,6
4,3,0,0.368860006332,0.512248086929,-2,6
2,2,1,0.432895898819,0.518300104141,1,6
1,1,1,0.360833883286,0.344217014313,-1,6
3,3,1,0.398598909378,0.507170963287,1,6
0,0,1,0.400410890579,0.491484570503,1,6
3,4,0,0.4304459095,0.507170963287,-2,6
2,2,1,0.569066047668,0.518300104141,-1,6
1,1,1,0.390509843826,0.344217014313,-1,6
4,3,0,0.430877923965,0.512248086929,-2,6
0,0,1,0.415340900421,0.491484570503,1,6
1,1,1,0.589627027512,0.344217014313,-1,6
4,4,1,0.472378969193,0.512248086929,1,6
2,2,1,0.294914007187,0.518300104141,1,6
3,3,1,0.477730035782,0.507170963287,1,6
0,0,1,0.483762025833,0.491484570503,1,6
2,2,1,0.517632007599,0.518300104141,1,6
4,4,1,0.469744920731,0.512248086929,1,6
3,3,1,0.431413173676,0.507170963287,1,6
1,1,1,0.339276790619,0.344217014313,1,6
0,0,1,0.340005159378,0.491484570503,1,6
2,2,1,0.381421089172,0.518300104141,1,6
3,3,1,0.357869148254,0.507170963287,1,6
4,4,1,0.458571910858,0.512248086929,1,6
1,1,1,0.36461019516,0.344217014313,-1,6
2,3,0,0.274005889893,0.518300104141,-2,6
4,3,0,0.373945951462,0.512248086929,-2,6
3,3,1,0.41161608696,0.507170963287,1,6
1,1,1,0.309745073318,0.344217014313,1,6
0,0,1,0.413808822632,0.491484570503,1,6
1,1,1,0.354269981384,0.344217014313,-1,6
4,4,1,0.634516000748,0.512248086929,-1,6
2,2,1,0.516223907471,0.518300104141,1,6
0,0,1,0.45852804184,0.491484570503,1,6
3,3,1,0.41094994545,0.507170963287,1,6
1,1,1,0.331490039825,0.344217014313,1,6
4,4,1,0.49014210701,0.512248086929,1,6
0,0,1,0.384233951569,0.491484570503,1,6
2,2,1,0.299367904663,0.518300104141,1,6
3,3,1,0.475269079208,0.507170963287,1,6
1,1,1,0.355523824692,0.344217014313,-1,6
3,3,1,0.409626960754,0.507170963287,1,6
0,0,1,0.414655923843,0.491484570503,1,6
4,4,1,0.424391031265,0.512248086929,1,6
2,3,0,0.319057941437,0.518300104141,-2,6
4,4,1,0.50496506691,0.512248086929,1,6
1,1,1,0.329925060272,0.344217014313,1,6
2,2,1,0.330665111542,0.518300104141,1,6
3,3,1,0.519681930542,0.507170963287,-1,6
0,0,1,0.470828056335,0.491484570503,1,6
3,3,1,0.446850061417,0.507170963287,1,6
1,1,1,0.311033010483,0.344217014313,1,6
2,2,1,0.378101110458,0.518300104141,1,6
4,4,1,0.489440917969,0.512248086929,1,6
0,0,1,0.622893810272,0.491484570503,-1,6
2,2,1,0.555254936218,0.518300104141,-1,7
1,1,1,0.404849052429,0.344217014313,-1,7
3,3,1,0.381222963333,0.507170963287,1,7
0,0,1,0.38768196106,0.491484570503,1,7
4,4,1,0.413408994675,0.512248086929,1,7
1,1,1,0.493134975433,0.344217014313,-1,7
0,0,1,0.394332885742,0.491484570503,1,7
2,2,1,0.442162036896,0.518300104141,1,7
3,3,1,0.403471231461,0.507170963287,1,7
4,4,1,0.433933019638,0.512248086929,1,7
2,2,1,0.580025911331,0.518300104141,-1,7
0,0,1,0.514460086823,0.491484570503,-1,7
4,4,1,0.514028072357,0.512248086929,-1,7
3,3,1,0.426731109619,0.507170963287,1,7
1,1,1,0.433594942093,0.344217014313,-1,7
0,0,1,0.372197151184,0.491484570503,1,7
1,1,1,0.412374019623,0.344217014313,-1,7
2,1,0,0.380146980286,0.518300104141,-2,7
3,3,1,0.354320049286,0.507170963287,1,7
4,4,1,0.427639961243,0.512248086929,1,7
2,3,0,0.401021003723,0.518300104141,-2,7
1,1,1,0.364410877228,0.344217014313,-1,7
4,4,1,0.521274089813,0.512248086929,-1,7
3,3,1,0.487473964691,0.507170963287,1,7
0,0,1,0.37571310997,0.491484570503,1,7
3,4,0,0.450179815292,0.507170963287,-2,7
1,1,1,0.311307191849,0.344217014313,1,7
2,2,1,0.367326021194,0.518300104141,1,7
0,0,1,0.584079027176,0.491484570503,-1,7
4,4,1,0.562752008438,0.512248086929,-1,7
3,3,1,0.534417152405,0.507170963287,-1,7
4,4,1,0.462436199188,0.512248086929,1,7
1,1,1,0.321110010147,0.344217014313,1,7
0,0,1,0.463433027267,0.491484570503,1,7
2,2,1,0.422261953354,0.518300104141,1,7
4,4,1,0.479343891144,0.512248086929,1,7
2,2,1,0.477560043335,0.518300104141,1,7
0,0,1,0.415812969208,0.491484570503,1,7
1,1,1,0.438691139221,0.344217014313,-1,7
3,3,1,0.358769893646,0.507170963287,1,7
4,4,1,0.453580856323,0.512248086929,1,7
0,0,1,0.3996322155,0.491484570503,1,7
3,2,0,0.518864870071,0.507170963287,-2,7
1,1,1,0.292296886444,0.344217014313,1,7
2,2,1,0.454467058182,0.518300104141,1,7
1,1,1,0.485459089279,0.344217014313,-1,7
0,0,1,0.487837076187,0.491484570503,1,7
3,3,1,0.630241155624,0.507170963287,-1,7
4,4,1,0.5584628582,0.512248086929,-1,7
2,2,1,0.566101074219,0.518300104141,-1,7
1,1,1,0.292265176773,0.344217014313,1,7
4,4,1,0.476973056793,0.512248086929,1,7
0,0,1,0.371682167053,0.491484570503,1,7
3,3,1,0.532998085022,0.507170963287,-1,7
2,2,1,0.510519981384,0.518300104141,1,7
4,4,1,0.469101905823,0.512248086929,1,7
0,1,0,0.363973140717,0.491484570503,-2,7
2,2,1,0.442248106003,0.518300104141,1,7
1,1,1,0.395030021667,0.344217014313,-1,7
3,3,1,0.677932977676,0.507170963287,-1,7
4,4,1,0.482403993607,0.512248086929,1,7
1,1,1,0.282397031784,0.344217014313,1,7
2,1,0,0.436670064926,0.518300104141,-2,7
0,1,0,0.377621889114,0.491484570503,-2,7
3,3,1,0.355367898941,0.507170963287,1,7
2,2,1,0.388946056366,0.518300104141,1,7
1,1,1,0.321991920471,0.344217014313,1,7
3,3,1,0.40941119194,0.507170963287,1,7
0,0,1,0.300009012222,0.491484570503,1,7
4,3,0,0.48807311058,0.512248086929,-2,7
2,3,0,0.385895013809,0.518300104141,-2,7
1,1,1,0.312412977219,0.344217014313,1,7
3,3,1,0.324292898178,0.507170963287,1,7
0,0,1,0.321541070938,0.491484570503,1,7
4,4,1,0.434679985046,0.512248086929,1,7
2,2,1,0.435632944107,0.518300104141,1,7
3,3,1,0.379992008209,0.507170963287,1,7
0,0,1,0.433826208115,0.491484570503,1,7
4,3,0,0.394344091415,0.512248086929,-2,7
1,1,1,0.315661907196,0.344217014313,1,7
3,3,1,0.322816133499,0.507170963287,1,7
0,0,1,0.475275039673,0.491484570503,1,7
4,4,1,0.481333971024,0.512248086929,1,7
1,1,1,0.327703952789,0.344217014313,1,7
2,2,1,0.336682081223,0.518300104141,1,7
1,1,1,0.407996892929,0.344217014313,-1,7
0,0,1,0.54554605484,0.491484570503,-1,7
2,2,1,0.472301959991,0.518300104141,1,7
3,3,1,0.385402917862,0.507170963287,1,7
4,4,1,0.464658021927,0.512248086929,1,7
1,1,1,0.313671112061,0.344217014313,1,7
0,0,1,0.425467967987,0.491484570503,1,7
2,2,1,0.407747030258,0.518300104141,1,7
3,3,1,0.431607961655,0.507170963287,1,7
4,4,1,0.415874004364,0.512248086929,1,7
0,0,1,0.34139585495,0.491484570503,1,7
2,2,1,0.325717926025,0.518300104141,1,7
3,3,1,0.310686826706,0.507170963287,1,7
4,4,1,0.372068166733,0.512248086929,1,7
1,1,1,0.300848960876,0.344217014313,1,7
4,4,1,0.412484884262,0.512248086929,1,7
2,2,1,0.518112897873,0.518300104141,1,7
0,0,1,0.404834985733,0.491484570503,1,7
3,4,0,0.351199150085,0.507170963287,-2,7
1,1,1,0.301777839661,0.344217014313,1,7
0,0,1,0.461323022842,0.491484570503,1,7
2,2,1,0.444398164749,0.518300104141,1,7
1,1,1,0.428043842316,0.344217014313,-1,7
4,4,1,0.497891187668,0.512248086929,1,7
3,-1,0,0.8,0.507170963287,-2,7
4,4,1,0.611478090286,0.512248086929,-1,7
2,3,0,0.411391973495,0.518300104141,-2,7
3,3,1,0.398028850555,0.507170963287,1,7
0,1,0,0.300880908966,0.491484570503,-2,7
1,1,1,0.419986963272,0.344217014313,-1,7
0,0,1,0.465982913971,0.491484570503,1,7
1,1,1,0.715327978134,0.344217014313,-1,7
3,3,1,0.547935962677,0.507170963287,-1,7
2,2,1,0.392791986465,0.518300104141,1,7
4,4,1,0.402390003204,0.512248086929,1,7
2,2,1,0.411190032959,0.518300104141,1,7
1,1,1,0.323661804199,0.344217014313,1,7
0,0,1,0.411856889725,0.491484570503,1,7
3,3,1,0.489689826965,0.507170963287,1,7
4,3,0,0.48374915123,0.512248086929,-2,7
1,1,1,0.338652133942,0.344217014313,1,7
3,3,1,0.32861495018,0.507170963287,1,7
2,2,1,0.410034894943,0.518300104141,1,7
0,1,0,0.363555192947,0.491484570503,-2,7
4,3,0,0.401196956635,0.512248086929,-2,7
3,3,1,0.446743965149,0.507170963287,1,7
1,1,1,0.410696983337,0.344217014313,-1,7
4,4,1,0.429975986481,0.512248086929,1,7
2,2,1,0.466262102127,0.518300104141,1,7
0,0,1,0.448864936829,0.491484570503,1,7
3,3,1,0.441528081894,0.507170963287,1,7
1,1,1,0.455899000168,0.344217014313,-1,7
0,0,1,0.413889169693,0.491484570503,1,7
4,4,1,0.462465047836,0.512248086929,1,7
2,3,0,0.36146903038,0.518300104141,-2,7
1,1,1,0.301775217056,0.344217014313,1,7
2,2,1,0.487613916397,0.518300104141,1,7
4,4,1,0.440527915955,0.512248086929,1,7
3,2,0,0.486868858337,0.507170963287,-2,7
0,0,1,0.334542036057,0.491484570503,1,7
1,1,1,0.405380964279,0.344217014313,-1,7
3,3,1,0.422284126282,0.507170963287,1,7
2,2,1,0.349414110184,0.518300104141,1,7
0,0,1,0.501827955246,0.491484570503,-1,7
4,4,1,0.50093793869,0.512248086929,1,7
0,0,1,0.765964031219,0.491484570503,-1,7
2,2,1,0.605700969696,0.518300104141,-1,7
1,1,1,0.340419054031,0.344217014313,1,7
3,3,1,0.318886995316,0.507170963287,1,7
4,4,1,0.47770190239,0.512248086929,1,7
2,2,1,0.470240116119,0.518300104141,1,7
3,3,1,0.421787023544,0.507170963287,1,7
1,1,1,0.413254022598,0.344217014313,-1,7
4,3,0,0.525468111038,0.512248086929,-2,7
0,0,1,0.396264076233,0.491484570503,1,7
4,4,1,0.509144067764,0.512248086929,1,7
3,3,1,0.449351787567,0.507170963287,1,7
0,0,1,0.499799013138,0.491484570503,-1,7
1,1,1,0.508680105209,0.344217014313,-1,7
2,2,1,0.474722146988,0.518300104141,1,7
4,4,1,0.427402019501,0.512248086929,1,7
0,0,1,0.413484811783,0.491484570503,1,7
3,3,1,0.513425111771,0.507170963287,-1,7
2,2,1,0.552393913269,0.518300104141,-1,7
1,1,1,0.512458086014,0.344217014313,-1,7
0,0,1,0.491893053055,0.491484570503,-1,7
4,4,1,0.506196022034,0.512248086929,1,7
2,2,1,0.448493003845,0.518300104141,1,7
1,0,0,0.339393854141,0.344217014313,-2,7
3,3,1,0.44026517868,0.507170963287,1,7
2,2,1,0.489630222321,0.518300104141,1,7
1,1,1,0.352341890335,0.344217014313,-1,7
4,4,1,0.657465934753,0.512248086929,-1,7
3,3,1,0.466297149658,0.507170963287,1,7
0,0,1,0.481194972992,0.491484570503,1,7
3,3,1,0.488806009293,0.507170963287,1,7
1,1,1,0.376644134521,0.344217014313,-1,7
0,0,1,0.458601951599,0.491484570503,1,7
2,2,1,0.38436794281,0.518300104141,1,7
4,4,1,0.534424066544,0.512248086929,-1,7
3,3,1,0.442137002945,0.507170963287,1,7
2,2,1,0.449481964111,0.518300104141,1,7
0,0,1,0.433109998703,0.491484570503,1,7
1,1,1,0.525141954422,0.344217014313,-1,7
4,4,1,0.543756008148,0.512248086929,-1,7
0,0,1,0.343850135803,0.491484570503,1,7
2,2,1,0.525830030441,0.518300104141,-1,7
3,3,1,0.36025595665,0.507170963287,1,7
4,4,1,0.455102920532,0.512248086929,1,7
1,1,1,0.398918867111,0.344217014313,-1,7
0,0,1,0.311221837997,0.491484570503,1,7
1,2,0,0.420970916748,0.344217014313,-2,7
2,2,1,0.334534168243,0.518300104141,1,7
4,4,1,0.404865026474,0.512248086929,1,7
3,3,1,0.340533971786,0.507170963287,1,7
4,4,1,0.517845869064,0.512248086929,-1,7
0,1,0,0.388978004456,0.491484570503,-2,7
3,3,1,0.517383098602,0.507170963287,-1,7
2,2,1,0.438296079636,0.518300104141,1,7
1,1,1,0.317164897919,0.344217014313,1,7
4,4,1,0.468215942383,0.512248086929,1,7
2,2,1,0.502301931381,0.518300104141,1,7
3,3,1,0.475142002106,0.507170963287,1,7
1,1,1,0.373425960541,0.344217014313,-1,7
0,0,1,0.550400972366,0.491484570503,-1,7
1,1,1,0.429965019226,0.344217014313,-1,7
3,3,1,0.428748846054,0.507170963287,1,7
0,0,1,0.420150995255,0.491484570503,1,7
2,2,1,0.444669008255,0.518300104141,1,7
4,4,1,0.765272140503,0.512248086929,-1,7
3,3,1,0.625014066696,0.507170963287,-1,7
4,4,1,0.490154027939,0.512248086929,1,7
0,1,0,0.307269096375,0.491484570503,-2,7
1,1,1,0.409899950027,0.344217014313,-1,7
2,2,1,0.370193004608,0.518300104141,1,7
4,4,1,0.468283891678,0.512248086929,1,7
1,1,1,0.404057025909,0.344217014313,-1,7
2,2,1,0.362279891968,0.518300104141,1,7
3,3,1,0.420693874359,0.507170963287,1,7
0,0,1,0.391783952713,0.491484570503,1,7
1,1,1,0.37776684761,0.344217014313,-1,7
0,0,1,0.570075035095,0.491484570503,-1,7
4,-1,0,0.8,0.512248086929,-2,7
3,3,1,0.547667980194,0.507170963287,-1,7
2,2,1,0.407964944839,0.518300104141,1,7
4,4,1,0.43200802803,0.512248086929,1,7
1,1,1,0.353172063828,0.344217014313,-1,7
0,0,1,0.438837051392,0.491484570503,1,7
3,3,1,0.408143997192,0.507170963287,1,7
2,2,1,0.474837064743,0.518300104141,1,7
4,4,1,0.494672060013,0.512248086929,1,7
0,0,1,0.370703935623,0.491484570503,1,7
1,1,1,0.417824983597,0.344217014313,-1,7
3,3,1,0.410276889801,0.507170963287,1,7
2,2,1,0.326766014099,0.518300104141,1,7
1,1,1,0.41569185257,0.344217014313,-1,7
3,3,1,0.385351896286,0.507170963287,1,7
4,4,1,0.430286884308,0.512248086929,1,7
2,2,1,0.511543989182,0.518300104141,1,7
0,0,1,0.544603824615,0.491484570503,-1,7
3,3,1,0.462231874466,0.507170963287,1,7
4,-1,0,0.8,0.512248086929,-2,7
0,4,0,0.0399539470673,0.491484570503,-2,7
1,1,1,0.519551038742,0.344217014313,-1,7
2,2,1,0.451891183853,0.518300104141,1,7
1,1,1,0.416285037994,0.344217014313,-1,7
0,0,1,0.445225000381,0.491484570503,1,7
2,3,0,0.360447883606,0.518300104141,-2,7
4,4,1,0.726888179779,0.512248086929,-1,7
3,4,0,0.516873121262,0.507170963287,-2,7
0,0,1,0.475153923035,0.491484570503,1,7
2,2,1,0.350761175156,0.518300104141,1,7
1,1,1,0.467673063278,0.344217014313,-1,7
4,4,1,0.500699996948,0.512248086929,1,7
3,3,1,0.563981056213,0.507170963287,-1,7
2,2,1,0.539882898331,0.518300104141,-1,7
0,0,1,0.412901878357,0.491484570503,1,7
4,4,1,0.460361003876,0.512248086929,1,7
1,1,1,0.357963085175,0.344217014313,-1,7
3,3,1,0.422087907791,0.507170963287,1,7
4,4,1,0.473592996597,0.512248086929,1,7
3,3,1,0.428421020508,0.507170963287,1,7
0,0,1,0.385700941086,0.491484570503,1,7
1,0,0,0.489101171494,0.344217014313,-2,7
2,2,1,0.386322021484,0.518300104141,1,7
0,1,0,0.419326066971,0.491484570503,-2,7
4,3,0,0.411182165146,0.512248086929,-2,7
3,2,0,0.43578004837,0.507170963287,-2,7
1,1,1,0.322361946106,0.344217014313,1,7
2,2,1,0.322116136551,0.518300104141,1,7
0,0,1,0.433367013931,0.491484570503,1,7
3,3,1,0.39417719841,0.507170963287,1,7
4,4,1,0.482018947601,0.512248086929,1,7
1,1,1,0.320233106613,0.344217014313,1,7
2,2,1,0.306033849716,0.518300104141,1,7
