probe,press,accuracy,rt,threshold,score,run_num
1,1,1,0.555536031723,0.45,-1,0
3,3,1,0.373995065689,0.45,1,0
2,2,1,0.412821054459,0.45,1,0
0,0,1,0.347361087799,0.45,1,0
3,3,1,0.382786035538,0.45,1,0
0,0,1,0.377675056458,0.45,1,0
2,2,1,0.349045038223,0.45,1,0
3,3,1,0.334685087204,0.45,1,0
1,1,1,0.332114934921,0.45,1,0
0,0,1,0.38334608078,0.45,1,0
1,0,0,0.392998933792,0.45,-2,0
2,2,1,0.411411046982,0.45,1,0
1,1,1,0.43271613121,0.45,1,0
3,3,1,0.401778936386,0.45,1,0
0,0,1,0.390871047974,0.45,1,0
2,2,1,0.377279043198,0.45,1,0
0,0,1,0.379952907562,0.45,1,0
3,3,1,0.381982088089,0.45,1,0
2,2,1,0.412235975266,0.45,1,0
1,1,1,0.382108926773,0.45,1,0
2,2,1,0.392540931702,0.45,1,0
3,3,1,0.406160831451,0.45,1,0
1,1,1,0.391889810562,0.45,1,0
0,0,1,0.412678956985,0.45,1,0
1,0,0,0.461560964584,0.45,-2,0
2,2,1,0.443691968918,0.45,1,0
0,0,1,0.427863121033,0.45,1,0
3,3,1,0.400183916092,0.45,1,0
0,0,1,0.397510051727,0.45,1,0
2,2,1,0.413888931274,0.45,1,0
3,3,1,0.424605846405,0.45,1,0
2,2,1,0.419903993607,0.45,1,0
1,1,1,0.378535985947,0.45,1,0
3,3,1,0.404974937439,0.45,1,0
1,1,1,0.365050077438,0.45,1,0
0,0,1,0.362430095673,0.45,1,0
1,-1,0,0.7,0.45,-2,0
0,1,0,0.0583019256592,0.45,-2,0
3,3,1,0.411685943604,0.45,1,0
2,2,1,0.44108915329,0.45,1,0
3,3,1,0.466014862061,0.45,-1,0
0,0,1,0.46871805191,0.45,-1,0
2,2,1,0.431982040405,0.45,1,0
1,1,1,0.358659982681,0.45,1,0
3,3,1,0.359575986862,0.45,1,0
1,1,1,0.322891950607,0.45,1,0
2,2,1,0.292749166489,0.45,1,0
0,0,1,0.299783945084,0.45,1,0
1,1,1,0.405269861221,0.45,1,0
3,3,1,0.42348408699,0.45,1,0
0,0,1,0.387686014175,0.45,1,0
2,2,1,0.375545024872,0.45,1,0
0,0,1,0.371154069901,0.45,1,0
3,3,1,0.366207838058,0.45,1,0
2,2,1,0.398141860962,0.45,1,0
3,3,1,0.45964384079,0.45,-1,0
1,1,1,0.400341033936,0.45,1,0
0,0,1,0.347262144089,0.45,1,0
1,1,1,0.435921907425,0.45,1,0
2,2,1,0.400217056274,0.45,1,0
1,1,1,0.387954950333,0.45,1,0
0,0,1,0.334589004517,0.45,1,0
3,3,1,0.345882892609,0.45,1,0
2,2,1,0.372220993042,0.45,1,0
3,3,1,0.434515953064,0.45,1,0
0,0,1,0.402632951736,0.45,1,0
2,2,1,0.367286920547,0.45,1,0
0,0,1,0.356470108032,0.45,1,0
1,-1,0,0.7,0.45,-2,0
2,2,1,0.328896999359,0.45,1,0
1,1,1,0.626790046692,0.45,-1,0
3,3,1,0.487015008926,0.45,-1,0
1,1,1,0.491927146912,0.45,-1,0
2,-1,0,0.7,0.45,-2,0
3,3,1,0.456007957458,0.45,-1,0
0,0,1,0.412019968033,0.45,1,0
3,2,0,0.383693933487,0.45,-2,0
2,2,1,0.385694026947,0.45,1,0
0,0,1,0.360316991806,0.45,1,0
2,2,1,0.385857105255,0.45,1,0
1,1,1,0.389438152313,0.45,1,0
0,0,1,0.358648061752,0.45,1,0
1,0,0,0.379745006561,0.45,-2,0
3,3,1,0.438690900803,0.45,1,0
1,1,1,0.380289077759,0.45,1,0
3,3,1,0.373235225677,0.45,1,0
2,2,1,0.345645904541,0.45,1,0
0,0,1,0.389117002487,0.45,1,0
3,2,0,0.352750778198,0.45,-2,0
0,0,1,0.392037153244,0.45,1,0
2,2,1,0.351721048355,0.45,1,0
1,1,1,0.342885017395,0.45,1,0
2,2,1,0.340065956116,0.45,1,0
3,3,1,0.368538141251,0.45,1,0
1,1,1,0.362964868546,0.45,1,0
0,0,1,0.323781967163,0.45,1,0
1,1,1,0.425841093063,0.45,1,0
3,3,1,0.403365850449,0.45,1,0
2,2,1,0.413835048676,0.45,1,0
0,0,1,0.33823299408,0.45,1,0
3,3,1,0.440217018127,0.45,1,0
0,0,1,0.400673151016,0.45,1,0
2,2,1,0.363476037979,0.45,1,0
1,1,1,0.390110015869,0.45,1,0
2,2,1,0.372365951538,0.45,1,0
3,3,1,0.422139883041,0.45,1,0
1,1,1,0.41542506218,0.45,1,0
0,0,1,0.403573989868,0.45,1,0
1,1,1,0.416002035141,0.45,1,0
2,2,1,0.3781478405,0.45,1,0
0,0,1,0.383768081665,0.45,1,0
3,3,1,0.395210027695,0.45,1,0
0,0,1,0.38192486763,0.45,1,0
2,2,1,0.344601154327,0.45,1,0
3,3,1,0.357290029526,0.45,1,0
1,1,1,0.357409954071,0.45,1,0
3,3,1,0.393843889236,0.45,1,0
2,2,1,0.668273925781,0.45,-1,0
1,1,1,0.470340967178,0.45,-1,0
0,0,1,0.419869184494,0.45,1,0
1,0,0,0.416723012924,0.45,-2,0
2,2,1,0.417851924896,0.45,1,0
3,3,1,0.366409063339,0.45,1,0
0,0,1,0.338344097137,0.45,1,0
3,3,1,0.372511148453,0.45,1,0
2,2,1,0.463812828064,0.45,-1,0
0,0,1,0.427570104599,0.45,1,0
2,2,1,0.340385198593,0.45,1,0
1,1,1,0.313233852386,0.45,1,0
3,3,1,0.294466972351,0.45,1,0
1,1,1,0.368017911911,0.45,1,0
0,0,1,0.369915008545,0.45,1,0
1,1,1,0.455876111984,0.45,-1,0
2,2,1,0.322504997253,0.45,1,0
0,0,1,0.339944124222,0.45,1,0
3,3,1,0.386155128479,0.45,1,0
0,0,1,0.460304021835,0.45,-1,0
2,2,1,0.49414896965,0.45,-1,0
3,3,1,0.427477121353,0.45,1,0
1,1,1,0.373995065689,0.45,1,0
3,3,1,0.326896905899,0.45,1,0
2,2,1,0.389140844345,0.45,1,0
1,1,1,0.463291168213,0.45,-1,0
0,0,1,0.34441113472,0.45,1,0
1,1,1,0.422438144684,0.45,1,0
3,3,1,0.377942085266,0.45,1,0
2,2,1,0.485547065735,0.45,-1,0
0,0,1,0.429337978363,0.45,1,0
3,3,1,0.379987955093,0.45,1,0
0,0,1,0.643677949905,0.45,-1,0
2,2,1,0.442048072815,0.45,1,0
1,0,0,0.421301841736,0.45,-2,0
2,1,0,0.342407941818,0.45,-2,0
3,3,1,0.328670024872,0.45,1,0
1,1,1,0.404314994812,0.45,1,0
0,0,1,0.416805028915,0.45,1,0
1,1,1,0.506767034531,0.45,-1,0
0,0,1,0.471729040146,0.45,-1,0
2,2,1,0.433449029922,0.45,1,0
3,3,1,0.404101133347,0.45,1,0
0,0,1,0.418763160706,0.45,1,0
3,3,1,0.467777967453,0.45,-1,0
2,2,1,0.415070056915,0.45,1,0
0,0,1,0.506194114685,0.45,-1,0
1,1,1,0.525038003922,0.45,-1,0
2,2,1,0.536132097244,0.45,-1,0
1,1,1,0.48671913147,0.45,-1,0
3,3,1,0.353511810303,0.45,1,0
1,1,1,0.395862102509,0.45,1,0
2,1,0,0.41667509079,0.45,-2,0
0,0,1,0.392515897751,0.45,1,0
3,3,1,0.325736045837,0.45,1,0
2,2,1,0.383684873581,0.45,1,0
3,3,1,0.412523984909,0.45,1,0
0,0,1,0.381579875946,0.45,1,0
2,2,1,0.337166070938,0.45,1,0
1,1,1,0.350831985474,0.45,1,0
0,0,1,0.367239952087,0.45,1,0
1,1,1,0.381160974503,0.45,1,0
3,3,1,0.334921121597,0.45,1,0
1,1,1,0.444525003433,0.45,1,0
0,0,1,0.407355070114,0.45,1,0
3,3,1,0.370744943619,0.45,1,0
2,2,1,0.349988937378,0.45,1,0
0,0,1,0.326418876648,0.45,1,0
2,2,1,0.465558052063,0.45,-1,0
3,3,1,0.44012093544,0.45,1,0
0,0,1,0.378670930862,0.45,1,0
1,1,1,0.430748939514,0.45,1,0
3,3,1,0.360998868942,0.45,1,0
1,1,1,0.371095895767,0.45,1,0
2,2,1,0.447686910629,0.45,1,0
1,-1,0,0.7,0.45,-2,0
2,2,1,0.509167909622,0.45,-1,0
0,0,1,0.424912929535,0.45,1,0
3,-1,0,0.7,0.45,-2,0
0,-1,0,0.7,0.45,-2,0
2,-1,0,0.7,0.45,-2,0
3,2,0,0.171630859375,0.45,-2,0
1,1,1,0.394469022751,0.45,1,0
0,0,1,0.380548000336,0.45,1,0
1,1,1,0.407740116119,0.45,1,0
3,3,1,0.425866127014,0.45,1,0
2,2,1,0.404860973358,0.45,1,0
1,1,1,0.386751890182,0.45,1,0
2,2,1,0.413944005966,0.45,1,0
3,2,0,0.334478855133,0.45,-2,0
0,0,1,0.386136770248,0.45,1,0
3,2,0,0.351650953293,0.45,-2,0
2,2,1,0.456224918365,0.45,-1,0
0,0,1,0.374182939529,0.45,1,0
1,1,1,0.477608919144,0.45,-1,0
0,0,1,0.450734138489,0.45,-1,0
2,3,0,0.439013004303,0.45,-2,0
1,1,1,0.458389997482,0.45,-1,0
3,3,1,0.420027971268,0.45,1,0
1,1,1,0.385473966599,0.45,1,0
3,3,1,0.398943901062,0.45,1,1
1,1,1,0.354672908783,0.45,1,1
2,2,1,0.330887079239,0.45,1,1
0,0,1,0.325648069382,0.45,1,1
1,1,1,0.370954990387,0.45,1,1
0,0,1,0.379781007767,0.45,1,1
2,2,1,0.398775100708,0.45,1,1
3,3,1,0.412374973297,0.45,1,1
2,2,1,0.406606197357,0.45,1,1
1,1,1,0.403653144836,0.45,1,1
3,3,1,0.383321046829,0.45,1,1
0,0,1,0.37920498848,0.45,1,1
3,3,1,0.373935937881,0.45,1,1
1,1,1,0.426181077957,0.45,1,1
0,0,1,0.404788017273,0.45,1,1
2,2,1,0.391157865524,0.45,1,1
1,1,1,0.423859119415,0.45,1,1
2,2,1,0.429358005524,0.45,1,1
0,0,1,0.343187093735,0.45,1,1
1,1,1,0.427497148514,0.45,1,1
3,3,1,0.408854961395,0.45,1,1
2,2,1,0.41249704361,0.45,1,1
3,3,1,0.430559158325,0.45,1,1
0,0,1,0.350942850113,0.45,1,1
3,3,1,0.453468084335,0.45,-1,1
2,2,1,0.479454994202,0.45,-1,1
0,0,1,0.38522195816,0.45,1,1
1,1,1,0.403737068176,0.45,1,1
0,0,1,0.417897939682,0.45,1,1
2,2,1,0.353900909424,0.45,1,1
1,1,1,0.375000953674,0.45,1,1
2,2,1,0.330209970474,0.45,1,1
3,3,1,0.390295982361,0.45,1,1
1,1,1,0.40905380249,0.45,1,1
3,3,1,0.403878927231,0.45,1,1
0,0,1,0.400386810303,0.45,1,1
3,3,1,0.489031076431,0.45,-1,1
0,0,1,0.623676776886,0.45,-1,1
2,2,1,0.489959955215,0.45,-1,1
1,0,0,0.437453985214,0.45,-2,1
0,0,1,0.488256931305,0.45,-1,1
1,1,1,0.528994083405,0.45,-1,1
2,2,1,0.452746152878,0.45,-1,1
3,3,1,0.443146944046,0.45,1,1
2,-1,0,0.7,0.45,-2,1
0,2,0,0.136658191681,0.45,-2,1
3,3,1,0.517011880875,0.45,-1,1
1,0,0,0.629931926727,0.45,-2,1
3,3,1,0.610085010529,0.45,-1,1
1,1,1,0.484555006027,0.45,-1,1
2,2,1,0.386249065399,0.45,1,1
0,0,1,0.372712135315,0.45,1,1
2,2,1,0.45655798912,0.45,-1,1
1,1,1,0.522682189941,0.45,-1,1
0,0,1,0.493123054504,0.45,-1,1
3,3,1,0.398026943207,0.45,1,1
0,-1,0,0.7,0.45,-2,1
1,-1,0,0.7,0.45,-2,1
3,-1,0,0.7,0.45,-2,1
2,2,1,0.445939064026,0.45,1,1
3,3,1,0.562313079834,0.45,-1,1
1,1,1,0.602214097977,0.45,-1,1
2,2,1,0.430150985718,0.45,1,1
0,0,1,0.371475219727,0.45,1,1
1,1,1,0.540953874588,0.45,-1,1
0,0,1,0.480268955231,0.45,-1,1
2,2,1,0.447018146515,0.45,1,1
3,3,1,0.433710098267,0.45,1,1
0,0,1,0.369988918304,0.45,1,1
3,3,1,0.388669967651,0.45,1,1
2,2,1,0.417597055435,0.45,1,1
1,1,1,0.460190057755,0.45,-1,1
3,3,1,0.426157951355,0.45,1,1
2,2,1,0.434998989105,0.45,1,1
1,1,1,0.463909864426,0.45,-1,1
0,0,1,0.393276929855,0.45,1,1
2,2,1,0.326637983322,0.45,1,1
0,0,1,0.400136947632,0.45,1,1
1,1,1,0.419104099274,0.45,1,1
2,2,1,0.429924964905,0.45,1,1
3,3,1,0.383844852448,0.45,1,1
1,1,1,0.430680990219,0.45,1,1
3,3,1,0.391762971878,0.45,1,1
0,0,1,0.349380970001,0.45,1,1
3,3,1,0.464188098907,0.45,-1,1
2,2,1,0.50763297081,0.45,-1,1
0,0,1,0.479065179825,0.45,-1,1
1,1,1,0.498590946198,0.45,-1,1
0,0,1,0.446389198303,0.45,1,1
2,2,1,0.374490976334,0.45,1,1
1,1,1,0.417834997177,0.45,1,1
2,2,1,0.396769046783,0.45,1,1
3,3,1,0.418677091599,0.45,1,1
1,1,1,0.427160978317,0.45,1,1
3,3,1,0.417551994324,0.45,1,1
0,0,1,0.380323886871,0.45,1,1
3,3,1,0.452398061752,0.45,-1,1
0,0,1,0.417618989944,0.45,1,1
2,1,0,0.460588932037,0.45,-2,1
1,1,1,0.42183804512,0.45,1,1
0,0,1,0.404017210007,0.45,1,1
1,1,1,0.629546165466,0.45,-1,1
2,2,1,0.480104923248,0.45,-1,1
0,0,1,0.427865982056,0.45,1,1
3,3,1,0.431208848953,0.45,1,1
2,3,0,0.441561937332,0.45,-2,1
3,3,1,0.487329006195,0.45,-1,1
1,1,1,0.449089050293,0.45,1,1
3,3,1,0.365337848663,0.45,1,1
0,0,1,0.383997917175,0.45,1,1
2,2,1,0.330885887146,0.45,1,1
1,1,1,0.447950839996,0.45,1,1
0,0,1,0.449882984161,0.45,1,1
1,1,1,0.535213947296,0.45,-1,1
2,2,1,0.385156869888,0.45,1,1
0,0,1,0.418957948685,0.45,1,1
3,3,1,0.406898021698,0.45,1,1
1,1,1,0.312258958817,0.45,1,1
3,3,1,0.367435932159,0.45,1,1
2,2,1,0.338355064392,0.45,1,1
3,3,1,0.428694963455,0.45,1,1
1,1,1,0.36775302887,0.45,1,1
0,0,1,0.410359144211,0.45,1,1
2,2,1,0.327320814133,0.45,1,1
1,0,0,0.328561067581,0.45,-2,1
2,2,1,0.39853477478,0.45,1,1
0,0,1,0.34515786171,0.45,1,1
1,1,1,0.448961019516,0.45,1,1
3,3,1,0.40012216568,0.45,1,1
2,2,1,0.40030503273,0.45,1,1
3,3,1,0.446285963058,0.45,1,1
0,0,1,0.44939494133,0.45,1,1
3,3,1,0.474188804626,0.45,-1,1
0,0,1,0.400623083115,0.45,1,1
1,1,1,0.474066019058,0.45,-1,1
2,2,1,0.32733798027,0.45,1,1
1,1,1,0.279402017593,0.45,1,1
0,0,1,0.364377975464,0.45,1,1
2,2,1,0.414245843887,0.45,1,1
0,0,1,0.451266050339,0.45,-1,1
3,3,1,0.413883924484,0.45,1,1
2,1,0,0.360254764557,0.45,-2,1
3,2,0,0.437329053879,0.45,-2,1
1,1,1,0.4377617836,0.45,1,1
3,3,1,0.417391061783,0.45,1,1
0,0,1,0.478054046631,0.45,-1,1
2,2,1,0.434923887253,0.45,1,1
1,1,1,0.348644018173,0.45,1,1
0,0,1,0.361962080002,0.45,1,1
1,0,0,0.448608875275,0.45,-2,1
2,2,1,0.516825914383,0.45,-1,1
0,0,1,0.456943035126,0.45,-1,1
3,3,1,0.404615879059,0.45,1,1
2,2,1,0.408204078674,0.45,1,1
3,3,1,0.424376964569,0.45,1,1
1,0,0,0.454336166382,0.45,-2,1
3,3,1,0.433401107788,0.45,1,1
1,1,1,0.346749067307,0.45,1,1
0,0,1,0.374661922455,0.45,1,1
2,2,1,0.30112195015,0.45,1,1
0,0,1,0.461740970612,0.45,-1,1
1,0,0,0.505562067032,0.45,-2,1
2,2,1,0.435943841934,0.45,1,1
3,3,1,0.43315410614,0.45,1,1
0,0,1,0.402792930603,0.45,1,1
3,3,1,0.446552991867,0.45,1,1
2,2,1,0.480238199234,0.45,-1,1
1,1,1,0.435177087784,0.45,1,1
3,3,1,0.361913919449,0.45,1,1
1,1,1,0.315836191177,0.45,1,1
2,2,1,0.432379007339,0.45,1,1
0,0,1,0.403718948364,0.45,1,1
1,-1,0,0.7,0.45,-2,1
0,0,1,0.407721996307,0.45,1,1
2,2,1,0.41162610054,0.45,1,1
1,1,1,0.448913097382,0.45,1,1
3,3,1,0.353353977203,0.45,1,1
0,0,1,0.36559510231,0.45,1,1
3,2,0,0.359881162643,0.45,-2,1
2,2,1,0.315951108932,0.45,1,1
3,3,1,0.40011882782,0.45,1,1
2,2,1,0.35603094101,0.45,1,1
0,0,1,0.333535194397,0.45,1,1
1,1,1,0.465004920959,0.45,-1,1
0,0,1,0.429259777069,0.45,1,1
2,2,1,0.321249961853,0.45,1,1
1,1,1,0.40391087532,0.45,1,1
2,2,1,0.478205919266,0.45,-1,1
3,3,1,0.45765209198,0.45,-1,1
1,1,1,0.463465929031,0.45,-1,1
3,3,1,0.416039943695,0.45,1,1
0,0,1,0.411418199539,0.45,1,1
3,3,1,0.375344991684,0.45,1,1
2,2,1,0.340089082718,0.45,1,1
1,1,1,0.334383010864,0.45,1,1
0,0,1,0.360676050186,0.45,1,1
1,1,1,0.460812091827,0.45,-1,1
2,2,1,0.406883001328,0.45,1,1
0,0,1,0.416785001755,0.45,1,1
3,3,1,0.365458011627,0.45,1,1
1,1,1,0.329322099686,0.45,1,1
3,3,1,0.443030118942,0.45,1,1
0,0,1,0.464467048645,0.45,-1,1
2,2,1,0.386865139008,0.45,1,1
3,3,1,0.447205066681,0.45,1,1
0,0,1,0.393455028534,0.45,1,1
2,2,1,0.531920909882,0.45,-1,1
1,1,1,0.406806945801,0.45,1,1
0,0,1,0.468324184418,0.45,-1,1
1,1,1,0.676751852036,0.45,-1,1
2,2,1,0.560824155807,0.45,-1,1
3,3,1,0.452156066895,0.45,-1,1
1,1,1,0.384577035904,0.45,1,1
3,3,1,0.362651824951,0.45,1,1
2,2,1,0.621858119965,0.45,-1,1
0,0,1,0.519507884979,0.45,-1,1
3,3,1,0.443929195404,0.45,1,1
3,3,1,0.413412094116,0.45,1,2
2,2,1,0.390068054199,0.45,1,2
1,1,1,0.330631971359,0.45,1,2
0,0,1,0.308408021927,0.45,1,2
1,1,1,0.377050876617,0.45,1,2
2,2,1,0.261698961258,0.45,1,2
0,0,1,0.367474079132,0.45,1,2
3,3,1,0.321901082993,0.45,1,2
0,0,1,0.382661819458,0.45,1,2
2,2,1,0.42565202713,0.45,1,2
3,3,1,0.380249023438,0.45,1,2
1,1,1,0.370095014572,0.45,1,2
3,3,1,0.348649978638,0.45,1,2
1,1,1,0.376003980637,0.45,1,2
2,2,1,0.408308029175,0.45,1,2
0,0,1,0.381634950638,0.45,1,2
1,1,1,0.392781019211,0.45,1,2
0,2,0,0.388684988022,0.45,-2,2
2,2,1,0.380867958069,0.45,1,2
1,0,0,0.44083404541,0.45,-2,2
3,3,1,0.421256065369,0.45,1,2
0,0,1,0.472740888596,0.45,-1,2
3,3,1,0.465657949448,0.45,-1,2
2,2,1,0.424477100372,0.45,1,2
3,3,1,0.427872896194,0.45,1,2
2,2,1,0.454303979874,0.45,-1,2
1,1,1,0.51327586174,0.45,-1,2
0,0,1,0.402158975601,0.45,1,2
2,2,1,0.326636075974,0.45,1,2
0,0,1,0.412557840347,0.45,1,2
1,1,1,0.4230260849,0.45,1,2
3,3,1,0.377840995789,0.45,1,2
0,1,0,0.365737915039,0.45,-2,2
3,3,1,0.416926860809,0.45,1,2
1,1,1,0.449901103973,0.45,1,2
2,2,1,0.443437099457,0.45,1,2
3,3,1,0.422829866409,0.45,1,2
0,0,1,0.325761079788,0.45,1,2
2,2,1,0.305368900299,0.45,1,2
1,1,1,0.274107933044,0.45,1,2
0,0,1,0.324525117874,0.45,1,2
1,1,1,0.528235912323,0.45,-1,2
2,2,1,0.435438871384,0.45,1,2
3,3,1,0.358699083328,0.45,1,2
2,2,1,0.485406160355,0.45,-1,2
0,0,1,0.415246963501,0.45,1,2
3,3,1,0.447752952576,0.45,1,2
1,1,1,0.468822002411,0.45,-1,2
3,3,1,0.38375878334,0.45,1,2
0,0,1,0.42543888092,0.45,1,2
1,1,1,0.455502986908,0.45,-1,2
2,2,1,0.32251906395,0.45,1,2
0,0,1,0.38215303421,0.45,1,2
2,2,1,0.327555179596,0.45,1,2
1,1,1,0.380626916885,0.45,1,2
3,3,1,0.384479045868,0.45,1,2
2,2,1,0.465715885162,0.45,-1,2
3,3,1,0.500586032867,0.45,-1,2
1,1,1,0.450156927109,0.45,-1,2
0,0,1,0.393715858459,0.45,1,2
3,2,0,0.366875886917,0.45,-2,2
2,2,1,0.59282708168,0.45,-1,2
1,1,1,0.494474887848,0.45,-1,2
0,0,1,0.406512022018,0.45,1,2
1,1,1,0.588945150375,0.45,-1,2
2,2,1,0.449106931686,0.45,1,2
0,0,1,0.411599159241,0.45,1,2
2,2,1,0.336380004883,0.45,1,2
3,3,1,0.43559384346,0.45,1,2
1,1,1,0.36566901207,0.45,1,2
3,3,1,0.384448051453,0.45,1,2
0,0,1,0.340111970901,0.45,1,2
3,3,1,0.381633996964,0.45,1,2
1,1,1,0.433638095856,0.45,1,2
2,2,1,0.49539899826,0.45,-1,2
0,0,1,0.45769906044,0.45,-1,2
2,2,1,0.395606994629,0.45,1,2
1,1,1,0.408549070358,0.45,1,2
0,0,1,0.330097913742,0.45,1,2
1,1,1,0.45454287529,0.45,-1,2
3,2,0,0.390506029129,0.45,-2,2
0,0,1,0.395781040192,0.45,1,2
3,3,1,0.328701972961,0.45,1,2
2,3,0,0.450260162354,0.45,-2,2
3,3,1,0.511502981186,0.45,-1,2
1,1,1,0.486557006836,0.45,-1,2
2,2,1,0.493661165237,0.45,-1,2
0,0,1,0.422931909561,0.45,1,2
2,2,1,0.33651804924,0.45,1,2
1,1,1,0.431725025177,0.45,1,2
0,0,1,0.36704993248,0.45,1,2
1,1,1,0.387668132782,0.45,1,2
3,3,1,0.425843000412,0.45,1,2
2,2,1,0.530758857727,0.45,-1,2
3,3,1,0.496397018433,0.45,-1,2
0,0,1,0.554798126221,0.45,-1,2
3,3,1,0.426871061325,0.45,1,2
1,1,1,0.414613962173,0.45,1,2
2,1,0,0.378106117249,0.45,-2,2
0,0,1,0.39213180542,0.45,1,2
2,2,1,0.339210987091,0.45,1,2
1,1,1,0.31706905365,0.45,1,2
0,0,1,0.336061954498,0.45,1,2
1,1,1,0.309250831604,0.45,1,2
3,3,1,0.414475917816,0.45,1,2
0,0,1,0.377382040024,0.45,1,2
3,3,1,0.487195968628,0.45,-1,2
2,2,1,0.440370082855,0.45,1,2
3,3,1,0.436000108719,0.45,1,2
2,2,1,0.374176025391,0.45,1,2
0,0,1,0.384341955185,0.45,1,2
1,1,1,0.475875854492,0.45,-1,2
2,2,1,0.417587995529,0.45,1,2
1,1,1,0.387969017029,0.45,1,2
0,0,1,0.39050579071,0.45,1,2
3,3,1,0.425109148026,0.45,1,2
0,0,1,0.437013864517,0.45,1,2
2,2,1,0.441775083542,0.45,1,2
3,3,1,0.490748167038,0.45,-1,2
1,1,1,0.582796096802,0.45,-1,2
3,3,1,0.580139160156,0.45,-1,2
1,1,1,0.451828956604,0.45,-1,2
2,2,1,0.483485937119,0.45,-1,2
0,0,1,0.414204120636,0.45,1,2
1,2,0,0.455365896225,0.45,-2,2
0,0,1,0.538482189178,0.45,-1,2
2,2,1,0.464501857758,0.45,-1,2
3,3,1,0.376288890839,0.45,1,2
0,0,1,0.363116979599,0.45,1,2
3,3,1,0.416750907898,0.45,1,2
2,2,1,0.51681804657,0.45,-1,2
1,1,1,0.488442897797,0.45,-1,2
3,3,1,0.439363002777,0.45,1,2
1,1,1,0.366300106049,0.45,1,2
0,0,1,0.351041078568,0.45,1,2
2,2,1,0.354119062424,0.45,1,2
1,0,0,0.375741958618,0.45,-2,2
2,1,0,0.424785137177,0.45,-2,2
0,0,1,0.390654087067,0.45,1,2
3,3,1,0.39302110672,0.45,1,2
2,2,1,0.388205051422,0.45,1,2
3,3,1,0.399755954742,0.45,1,2
0,0,1,0.43665099144,0.45,1,2
1,1,1,0.467533826828,0.45,-1,2
3,3,1,0.474177122116,0.45,-1,2
2,-1,0,0.7,0.45,-2,2
1,-1,0,0.7,0.45,-2,2
0,0,1,0.298180103302,0.45,1,2
1,1,1,0.424135923386,0.45,1,2
2,2,1,0.362971782684,0.45,1,2
0,0,1,0.379641056061,0.45,1,2
2,2,1,0.4223279953,0.45,1,2
3,3,1,0.402971029282,0.45,1,2
0,0,1,0.391157150269,0.45,1,2
3,3,1,0.410372018814,0.45,1,2
1,1,1,0.315875053406,0.45,1,2
3,3,1,0.386411190033,0.45,1,2
1,1,1,0.546689987183,0.45,-1,2
2,2,1,0.477684020996,0.45,-1,2
0,0,1,0.377417802811,0.45,1,2
2,2,1,0.388907909393,0.45,1,2
1,1,1,0.430182933807,0.45,1,2
0,0,1,0.466235160828,0.45,-1,2
1,1,1,0.511455059052,0.45,-1,2
3,3,1,0.482620954514,0.45,-1,2
0,0,1,0.403767108917,0.45,1,2
3,3,1,0.377105951309,0.45,1,2
2,1,0,0.316488027573,0.45,-2,2
3,2,0,0.392677783966,0.45,-2,2
1,1,1,0.520726919174,0.45,-1,2
0,0,1,0.430477142334,0.45,1,2
2,2,1,0.40168094635,0.45,1,2
0,0,1,0.48619890213,0.45,-1,2
1,1,1,0.441517114639,0.45,1,2
2,2,1,0.401721954346,0.45,1,2
3,3,1,0.352104902267,0.45,1,2
0,0,1,0.327844142914,0.45,1,2
3,3,1,0.371845006943,0.45,1,2
2,3,0,0.48221206665,0.45,-2,2
1,1,1,0.404668092728,0.45,1,2
3,3,1,0.397639036179,0.45,1,2
2,2,1,0.481796979904,0.45,-1,2
1,1,1,0.491516113281,0.45,-1,2
0,0,1,0.330127954483,0.45,1,2
1,1,1,0.34125995636,0.45,1,2
2,2,1,0.328138113022,0.45,1,2
0,0,1,0.36331319809,0.45,1,2
2,2,1,0.374914169312,0.45,1,2
3,3,1,0.433542013168,0.45,1,2
1,1,1,0.450111865997,0.45,-1,2
3,3,1,0.471865177155,0.45,-1,2
0,1,0,0.362519979477,0.45,-2,2
3,3,1,0.38191485405,0.45,1,2
2,2,1,0.465902090073,0.45,-1,2
1,1,1,0.341950178146,0.45,1,2
0,0,1,0.28653216362,0.45,1,2
2,2,1,0.291911125183,0.45,1,2
0,0,1,0.451527833939,0.45,-1,2
1,1,1,0.430811166763,0.45,1,2
2,2,1,0.587691068649,0.45,-1,2
3,3,1,0.413775920868,0.45,1,2
1,1,1,0.426614046097,0.45,1,2
3,3,1,0.517309188843,0.45,-1,2
0,0,1,0.344314098358,0.45,1,2
3,2,0,0.390331029892,0.45,-2,2
1,0,0,0.305126905441,0.45,-2,2
0,0,1,0.29866194725,0.45,1,2
2,2,1,0.285316944122,0.45,1,2
1,1,1,0.360582113266,0.45,1,2
2,2,1,0.342548847198,0.45,1,2
0,0,1,0.344093084335,0.45,1,2
3,3,1,0.356114864349,0.45,1,2
2,2,1,0.44800901413,0.45,1,2
3,3,1,0.61191701889,0.45,-1,2
0,0,1,0.492486000061,0.45,-1,2
1,2,0,0.350441932678,0.45,-2,2
3,2,0,0.370386123657,0.45,-2,2
1,0,0,0.480970144272,0.45,-2,3
0,0,1,0.378144025803,0.45,1,3
2,2,1,0.318864107132,0.45,1,3
3,3,1,0.370112895966,0.45,1,3
2,2,1,0.603955984116,0.45,-1,3
0,0,1,0.448892116547,0.45,1,3
3,3,1,0.443658828735,0.45,1,3
1,1,1,0.334918022156,0.45,1,3
3,3,1,0.354146957397,0.45,1,3
0,0,1,0.419100046158,0.45,1,3
1,1,1,0.496863126755,0.45,-1,3
2,2,1,0.403609037399,0.45,1,3
1,1,1,0.446621894836,0.45,1,3
3,3,1,0.402512073517,0.45,1,3
0,0,1,0.403560161591,0.45,1,3
2,2,1,0.369546890259,0.45,1,3
3,3,1,0.387789964676,0.45,1,3
2,2,1,0.454418897629,0.45,-1,3
0,0,1,0.393800020218,0.45,1,3
3,3,1,0.446762084961,0.45,1,3
1,1,1,0.416589975357,0.45,1,3
0,0,1,0.39396905899,0.45,1,3
1,0,0,0.46349811554,0.45,-2,3
2,2,1,0.539983987808,0.45,-1,3
1,1,1,0.479934930801,0.45,-1,3
0,0,1,0.458420991898,0.45,-1,3
2,1,0,0.406086921692,0.45,-2,3
3,3,1,0.433676958084,0.45,1,3
2,2,1,0.473499059677,0.45,-1,3
0,0,1,0.38866019249,0.45,1,3
3,3,1,0.416692018509,0.45,1,3
0,0,1,0.443960189819,0.45,1,3
1,1,1,0.425699949265,0.45,1,3
3,3,1,0.418202161789,0.45,1,3
1,1,1,0.445315122604,0.45,1,3
2,2,1,0.434375047684,0.45,1,3
1,1,1,0.419080972672,0.45,1,3
0,0,1,0.425648927689,0.45,1,3
3,3,1,0.372241020203,0.45,1,3
2,2,1,0.421979904175,0.45,1,3
3,3,1,0.449229955673,0.45,1,3
0,0,1,0.458801031113,0.45,-1,3
2,1,0,0.369968891144,0.45,-2,3
0,0,1,0.468997001648,0.45,-1,3
1,1,1,0.495139837265,0.45,-1,3
2,2,1,0.465877771378,0.45,-1,3
1,1,1,0.373112201691,0.45,1,3
3,3,1,0.449412107468,0.45,1,3
1,1,1,0.365262031555,0.45,1,3
2,2,1,0.448107004166,0.45,1,3
3,3,1,0.420814990997,0.45,1,3
0,0,1,0.398611068726,0.45,1,3
3,3,1,0.42649102211,0.45,1,3
2,3,0,0.398025035858,0.45,-2,3
0,0,1,0.423526763916,0.45,1,3
1,1,1,0.484587907791,0.45,-1,3
0,0,1,0.438920021057,0.45,1,3
2,2,1,0.400478839874,0.45,1,3
1,1,1,0.395390987396,0.45,1,3
3,3,1,0.391366004944,0.45,1,3
1,1,1,0.402595996857,0.45,1,3
3,3,1,0.407744169235,0.45,1,3
2,2,1,0.481845140457,0.45,-1,3
0,0,1,0.445786952972,0.45,1,3
3,3,1,0.448590993881,0.45,1,3
0,0,1,0.426987886429,0.45,1,3
2,2,1,0.445446968079,0.45,1,3
1,1,1,0.410106897354,0.45,1,3
2,2,1,0.454092979431,0.45,-1,3
3,3,1,0.422919034958,0.45,1,3
1,1,1,0.398043870926,0.45,1,3
0,0,1,0.390740156174,0.45,1,3
1,1,1,0.441252946854,0.45,1,3
2,2,1,0.372590065002,0.45,1,3
3,3,1,0.432618141174,0.45,1,3
0,0,1,0.425741910934,0.45,1,3
3,3,1,0.438820123672,0.45,1,3
2,2,1,0.42622590065,0.45,1,3
0,0,1,0.427845954895,0.45,1,3
1,1,1,0.393332958221,0.45,1,3
3,3,1,0.387423038483,0.45,1,3
1,1,1,0.479342937469,0.45,-1,3
0,0,1,0.484129905701,0.45,-1,3
2,2,1,0.461052894592,0.45,-1,3
1,1,1,0.427115917206,0.45,1,3
2,1,0,0.40305185318,0.45,-2,3
0,0,1,0.440147161484,0.45,1,3
3,3,1,0.442862987518,0.45,1,3
0,0,1,0.479751110077,0.45,-1,3
2,2,1,0.440721035004,0.45,1,3
3,3,1,0.404789209366,0.45,1,3
2,2,1,0.51150393486,0.45,-1,3
1,1,1,0.572247028351,0.45,-1,3
0,0,1,0.453230857849,0.45,-1,3
1,1,1,0.441606044769,0.45,1,3
3,3,1,0.405602931976,0.45,1,3
1,1,1,0.359475135803,0.45,1,3
0,0,1,0.371710062027,0.45,1,3
3,2,0,0.35217499733,0.45,-2,3
2,2,1,0.360798120499,0.45,1,3
0,0,1,0.382291078568,0.45,1,3
2,2,1,0.522629022598,0.45,-1,3
3,3,1,0.476609945297,0.45,-1,3
1,1,1,0.445004940033,0.45,1,3
2,2,1,0.458909988403,0.45,-1,3
1,1,1,0.438024997711,0.45,1,3
3,3,1,0.425400018692,0.45,1,3
0,0,1,0.402528047562,0.45,1,3
1,0,0,0.448184013367,0.45,-2,3
2,2,1,0.45946598053,0.45,-1,3
0,0,1,0.431322097778,0.45,1,3
3,3,1,0.417474985123,0.45,1,3
0,0,1,0.444869995117,0.45,1,3
2,2,1,0.382735967636,0.45,1,3
3,3,1,0.451555013657,0.45,-1,3
2,2,1,0.470988988876,0.45,-1,3
1,1,1,0.441261053085,0.45,1,3
3,3,1,0.453537940979,0.45,-1,3
1,1,1,0.54607796669,0.45,-1,3
0,0,1,0.465852975845,0.45,-1,3
1,1,1,0.527185201645,0.45,-1,3
2,2,1,0.423799037933,0.45,1,3
0,0,1,0.431004047394,0.45,1,3
3,3,1,0.410176992416,0.45,1,3
2,2,1,0.377810955048,0.45,1,3
3,3,1,0.398343086243,0.45,1,3
0,0,1,0.379098892212,0.45,1,3
1,0,0,0.494999885559,0.45,-2,3
3,3,1,0.465975999832,0.45,-1,3
1,1,1,0.434842824936,0.45,1,3
0,0,1,0.446902990341,0.45,1,3
2,2,1,0.368835926056,0.45,1,3
1,1,1,0.324327945709,0.45,1,3
3,3,1,0.295938968658,0.45,1,3
2,2,1,0.452268838882,0.45,-1,3
0,0,1,0.478651046753,0.45,-1,3
3,3,1,0.418198108673,0.45,1,3
0,0,1,0.39680814743,0.45,1,3
2,2,1,0.336046934128,0.45,1,3
3,3,1,0.365222930908,0.45,1,3
1,1,1,0.328664779663,0.45,1,3
0,0,1,0.419887065887,0.45,1,3
1,1,1,0.525032043457,0.45,-1,3
2,2,1,0.416212081909,0.45,1,3
1,0,0,0.414788007736,0.45,-2,3
2,1,0,0.438946008682,0.45,-2,3
3,3,1,0.428653001785,0.45,1,3
0,0,1,0.42885518074,0.45,1,3
3,3,1,0.401972770691,0.45,1,3
2,2,1,0.365494012833,0.45,1,3
0,0,1,0.447453975677,0.45,1,3
1,1,1,0.49290895462,0.45,-1,3
0,0,1,0.51861000061,0.45,-1,3
2,2,1,0.480257987976,0.45,-1,3
1,1,1,0.500195980072,0.45,-1,3
3,2,0,0.423608064651,0.45,-2,3
1,1,1,0.453162908554,0.45,-1,3
3,3,1,0.375504016876,0.45,1,3
2,2,1,0.396244049072,0.45,1,3
0,1,0,0.349673032761,0.45,-2,3
2,2,1,0.479487895966,0.45,-1,3
3,3,1,0.38919711113,0.45,1,3
0,0,1,0.377528905869,0.45,1,3
1,2,0,0.379659891129,0.45,-2,3
2,2,1,0.470672130585,0.45,-1,3
1,1,1,0.601945877075,0.45,-1,3
0,0,1,0.492498159409,0.45,-1,3
3,3,1,0.471224069595,0.45,-1,3
1,1,1,0.425837993622,0.45,1,3
2,2,1,0.51143693924,0.45,-1,3
3,3,1,0.451344966888,0.45,-1,3
0,0,1,0.330425024033,0.45,1,3
3,3,1,0.327445030212,0.45,1,3
2,2,1,0.312457084656,0.45,1,3
0,0,1,0.373692989349,0.45,1,3
2,2,1,0.296758890152,0.45,1,3
1,0,0,0.43540596962,0.45,-2,3
0,0,1,0.489678859711,0.45,-1,3
1,1,1,0.68286895752,0.45,-1,3
3,3,1,0.534982204437,0.45,-1,3
1,1,1,0.503624916077,0.45,-1,3
0,0,1,0.381039142609,0.45,1,3
2,2,1,0.366937160492,0.45,1,3
3,3,1,0.426403045654,0.45,1,3
2,1,0,0.374224185944,0.45,-2,3
0,0,1,0.522965908051,0.45,-1,3
3,3,1,0.447677850723,0.45,1,3
1,0,0,0.424031019211,0.45,-2,3
3,3,1,0.453045845032,0.45,-1,3
0,0,1,0.447293996811,0.45,1,3
1,1,1,0.346844911575,0.45,1,3
2,2,1,0.34348487854,0.45,1,3
1,0,0,0.378752946854,0.45,-2,3
0,0,1,0.483743906021,0.45,-1,3
2,2,1,0.400762081146,0.45,1,3
3,2,0,0.30871295929,0.45,-2,3
0,1,0,0.391206026077,0.45,-2,3
3,3,1,0.401539087296,0.45,1,3
2,2,1,0.566633939743,0.45,-1,3
0,0,1,0.537190914154,0.45,-1,3
1,1,1,0.56258893013,0.45,-1,3
3,3,1,0.503350973129,0.45,-1,3
1,1,1,0.435112953186,0.45,1,3
2,2,1,0.355627059937,0.45,1,3
1,1,1,0.406858921051,0.45,1,3
2,2,1,0.581115961075,0.45,-1,3
0,0,1,0.525816917419,0.45,-1,3
3,3,1,0.456317901611,0.45,-1,3
2,2,1,0.428539991379,0.45,1,3
3,2,0,0.442909955978,0.45,-2,3
0,0,1,0.477494001389,0.45,-1,3
2,2,1,0.375273942947,0.45,1,3
1,1,1,0.468281984329,0.45,-1,3
3,3,1,0.647284030914,0.45,-1,3
1,1,1,0.528689861298,0.45,-1,3
0,0,1,0.475882053375,0.45,-1,3
1,1,1,0.405991792679,0.45,1,3
2,2,1,0.440576076508,0.45,1,4
0,0,1,0.387938976288,0.45,1,4
3,3,1,0.447072982788,0.45,1,4
1,1,1,0.385438919067,0.45,1,4
3,3,1,0.369043111801,0.45,1,4
0,0,1,0.381472826004,0.45,1,4
1,2,0,0.410956859589,0.45,-2,4
2,2,1,0.355179071426,0.45,1,4
1,1,1,0.40186715126,0.45,1,4
0,0,1,0.362771987915,0.45,1,4
2,2,1,0.341432094574,0.45,1,4
3,3,1,0.393179893494,0.45,1,4
2,3,0,0.430524110794,0.45,-2,4
1,1,1,0.461908817291,0.45,-1,4
3,3,1,0.469184875488,0.45,-1,4
0,0,1,0.510783910751,0.45,-1,4
3,3,1,0.460125923157,0.45,-1,4
1,1,1,0.381916046143,0.45,1,4
0,0,1,0.399230003357,0.45,1,4
2,2,1,0.362030982971,0.45,1,4
3,2,0,0.3577439785,0.45,-2,4
2,2,1,0.427220106125,0.45,1,4
0,0,1,0.39729309082,0.45,1,4
1,1,1,0.466058015823,0.45,-1,4
2,2,1,0.442862987518,0.45,1,4
3,3,1,0.366151094437,0.45,1,4
1,1,1,0.435926914215,0.45,1,4
0,0,1,0.326065063477,0.45,1,4
1,1,1,0.448651790619,0.45,1,4
3,3,1,0.444796800613,0.45,1,4
0,0,1,0.454397916794,0.45,-1,4
3,3,1,0.435204982758,0.45,1,4
2,1,0,0.340917825699,0.45,-2,4
0,0,1,0.457556009293,0.45,-1,4
2,2,1,0.437049150467,0.45,1,4
1,1,1,0.439764976501,0.45,1,4
2,2,1,0.435170173645,0.45,1,4
0,0,1,0.470936059952,0.45,-1,4
3,3,1,0.481232881546,0.45,-1,4
1,1,1,0.428332090378,0.45,1,4
0,0,1,0.391298055649,0.45,1,4
1,1,1,0.445745944977,0.45,1,4
3,3,1,0.453289031982,0.45,-1,4
2,2,1,0.49563908577,0.45,-1,4
1,1,1,0.493434906006,0.45,-1,4
2,2,1,0.462726831436,0.45,-1,4
3,3,1,0.452130079269,0.45,-1,4
0,0,1,0.409826993942,0.45,1,4
2,2,1,0.420603990555,0.45,1,4
1,1,1,0.463709115982,0.45,-1,4
0,0,1,0.442635059357,0.45,1,4
3,3,1,0.41345000267,0.45,1,4
0,0,1,0.456275939941,0.45,-1,4
1,1,1,0.498667955399,0.45,-1,4
3,3,1,0.462352991104,0.45,-1,4
1,1,1,0.400631189346,0.45,1,4
2,1,0,0.426059007645,0.45,-2,4
3,3,1,0.575690031052,0.45,-1,4
2,3,0,0.56988286972,0.45,-2,4
0,0,1,0.533163070679,0.45,-1,4
2,2,1,0.432614088058,0.45,1,4
3,3,1,0.427729129791,0.45,1,4
0,0,1,0.502935886383,0.45,-1,4
1,1,1,0.483774900436,0.45,-1,4
0,0,1,0.476490974426,0.45,-1,4
3,3,1,0.464632987976,0.45,-1,4
1,1,1,0.42950797081,0.45,1,4
3,3,1,0.446202993393,0.45,1,4
2,2,1,0.451071023941,0.45,-1,4
0,0,1,0.432955026627,0.45,1,4
2,2,1,0.378788948059,0.45,1,4
1,1,1,0.388725042343,0.45,1,4
2,2,1,0.37771987915,0.45,1,4
0,0,1,0.434848070145,0.45,1,4
1,1,1,0.461355924606,0.45,-1,4
3,3,1,0.467278003693,0.45,-1,4
0,0,1,0.509426116943,0.45,-1,4
3,3,1,0.457875967026,0.45,-1,4
1,1,1,0.546922922134,0.45,-1,4
0,0,1,0.503690958023,0.45,-1,4
2,2,1,0.434795856476,0.45,1,4
1,1,1,0.430921077728,0.45,1,4
2,2,1,0.518927097321,0.45,-1,4
3,3,1,0.485867977142,0.45,-1,4
2,2,1,0.575999975204,0.45,-1,4
0,0,1,0.459383964539,0.45,-1,4
3,3,1,0.412401199341,0.45,1,4
1,2,0,0.369413137436,0.45,-2,4
3,3,1,0.348311901093,0.45,1,4
0,0,1,0.335510969162,0.45,1,4
1,0,0,0.445633888245,0.45,-2,4
2,2,1,0.4624979496,0.45,-1,4
3,3,1,0.394187927246,0.45,1,4
2,2,1,0.518223047256,0.45,-1,4
1,1,1,0.473128080368,0.45,-1,4
0,0,1,0.401728153229,0.45,1,4
2,2,1,0.41567492485,0.45,1,4
3,3,1,0.403349876404,0.45,1,4
1,1,1,0.34031701088,0.45,1,4
0,0,1,0.423713922501,0.45,1,4
3,3,1,0.435544967651,0.45,1,4
0,0,1,0.446530103683,0.45,1,4
1,1,1,0.451284885406,0.45,-1,4
3,3,1,0.469053030014,0.45,-1,4
2,2,1,0.424702167511,0.45,1,4
0,0,1,0.418406009674,0.45,1,4
2,2,1,0.375082015991,0.45,1,4
1,1,1,0.435768127441,0.45,1,4
2,2,1,0.395416021347,0.45,1,4
0,0,1,0.442244052887,0.45,1,4
3,3,1,0.461160898209,0.45,-1,4
1,1,1,0.431472063065,0.45,1,4
3,3,1,0.418520927429,0.45,1,4
0,0,1,0.488016843796,0.45,-1,4
1,1,1,0.491923809052,0.45,-1,4
2,2,1,0.412677049637,0.45,1,4
1,1,1,0.441773891449,0.45,1,4
0,0,1,0.413182020187,0.45,1,4
2,2,1,0.350523948669,0.45,1,4
3,3,1,0.408082962036,0.45,1,4
2,2,1,0.492892026901,0.45,-1,4
1,1,1,0.423960924149,0.45,1,4
0,0,1,0.388788938522,0.45,1,4
3,3,1,0.413568019867,0.45,1,4
1,0,0,0.378807067871,0.45,-2,4
3,3,1,0.39905500412,0.45,1,4
0,0,1,0.345310926437,0.45,1,4
1,1,1,0.386765003204,0.45,1,4
2,2,1,0.454327821732,0.45,-1,4
0,0,1,0.409155845642,0.45,1,4
2,2,1,0.415336847305,0.45,1,4
3,3,1,0.40598320961,0.45,1,4
2,2,1,0.461114168167,0.45,-1,4
0,0,1,0.439259052277,0.45,1,4
1,1,1,0.514743089676,0.45,-1,4
3,3,1,0.45479798317,0.45,-1,4
0,1,0,0.458009958267,0.45,-2,4
3,3,1,0.443420886993,0.45,1,4
1,1,1,0.4558198452,0.45,-1,4
2,2,1,0.425665140152,0.45,1,4
3,3,1,0.405251026154,0.45,1,4
2,2,1,0.489687919617,0.45,-1,4
1,1,1,0.476350069046,0.45,-1,4
0,0,1,0.392637014389,0.45,1,4
2,2,1,0.346122980118,0.45,1,4
1,1,1,0.420028924942,0.45,1,4
3,3,1,0.311553001404,0.45,1,4
0,0,1,0.381316184998,0.45,1,4
3,3,1,0.351151943207,0.45,1,4
1,1,1,0.417908906937,0.45,1,4
0,0,1,0.461174964905,0.45,-1,4
1,1,1,0.49911403656,0.45,-1,4
2,2,1,0.387616872787,0.45,1,4
3,3,1,0.394727945328,0.45,1,4
2,2,1,0.38883805275,0.45,1,4
0,0,1,0.431424856186,0.45,1,4
2,2,1,0.400404930115,0.45,1,4
1,1,1,0.404283046722,0.45,1,4
3,3,1,0.432398080826,0.45,1,4
0,0,1,0.370306015015,0.45,1,4
3,3,1,0.413516044617,0.45,1,4
1,1,1,0.412858009338,0.45,1,4
0,0,1,0.430011987686,0.45,1,4
2,2,1,0.407965183258,0.45,1,4
3,3,1,0.402225971222,0.45,1,4
2,1,0,0.46512389183,0.45,-2,4
0,1,0,0.448452949524,0.45,-2,4
1,1,1,0.49538898468,0.45,-1,4
2,2,1,0.482706069946,0.45,-1,4
0,0,1,0.434108018875,0.45,1,4
3,3,1,0.430824041367,0.45,1,4
1,1,1,0.354408025742,0.45,1,4
3,2,0,0.344068050385,0.45,-2,4
0,0,1,0.426898956299,0.45,1,4
1,1,1,0.51544380188,0.45,-1,4
2,2,1,0.478229999542,0.45,-1,4
3,3,1,0.482760906219,0.45,-1,4
2,1,0,0.494694948196,0.45,-2,4
1,1,1,0.48362493515,0.45,-1,4
0,0,1,0.405037164688,0.45,1,4
2,2,1,0.394086122513,0.45,1,4
0,0,1,0.42678809166,0.45,1,4
1,1,1,0.438508033752,0.45,1,4
3,3,1,0.435701847076,0.45,1,4
0,0,1,0.422428846359,0.45,1,4
3,3,1,0.442986965179,0.45,1,4
1,1,1,0.494251966476,0.45,-1,4
2,2,1,0.409189939499,0.45,1,4
3,3,1,0.396582126617,0.45,1,4
2,2,1,0.389886856079,0.45,1,4
1,1,1,0.336113929749,0.45,1,4
0,0,1,0.317389965057,0.45,1,4
2,2,1,0.285759925842,0.45,1,4
3,3,1,0.288400888443,0.45,1,4
1,1,1,0.358497142792,0.45,1,4
0,0,1,0.338451147079,0.45,1,4
3,2,0,0.332859039307,0.45,-2,4
0,0,1,0.408001899719,0.45,1,4
1,1,1,0.449756860733,0.45,1,4
3,3,1,0.36377286911,0.45,1,4
2,2,1,0.510697126389,0.45,-1,4
1,1,1,0.411802053452,0.45,1,4
2,2,1,0.442170143127,0.45,1,4
0,0,1,0.451805114746,0.45,-1,4
2,2,1,0.429125070572,0.45,1,4
3,3,1,0.442192077637,0.45,1,4
0,0,1,0.414897918701,0.45,1,4
1,1,1,0.489365100861,0.45,-1,4
0,0,1,0.474831819534,0.45,-1,4
3,3,1,0.464911937714,0.45,-1,4
1,1,1,0.4093708992,0.45,1,4
3,3,1,0.399930000305,0.45,1,4
2,2,1,0.424736976624,0.45,1,4
1,1,1,0.340672016144,0.45,1,4
2,2,1,0.399660110474,0.45,1,4
0,0,1,0.424481868744,0.45,1,4
2,2,1,0.374540090561,0.45,1,4
1,1,1,0.418666124344,0.45,1,5
3,3,1,0.446362018585,0.45,1,5
2,2,1,0.408164024353,0.45,1,5
0,0,1,0.363353013992,0.45,1,5
2,2,1,0.365993022919,0.45,1,5
3,3,1,0.379128932953,0.45,1,5
0,0,1,0.398761987686,0.45,1,5
3,3,1,0.376678943634,0.45,1,5
1,1,1,0.346391916275,0.45,1,5
0,0,1,0.37464094162,0.45,1,5
1,1,1,0.457035064697,0.45,-1,5
2,2,1,0.397650957108,0.45,1,5
1,1,1,0.416765213013,0.45,1,5
3,3,1,0.369996070862,0.45,1,5
0,0,1,0.368476867676,0.45,1,5
2,2,1,0.369804143906,0.45,1,5
0,0,1,0.435513019562,0.45,1,5
3,3,1,0.431589126587,0.45,1,5
2,2,1,0.460776805878,0.45,-1,5
1,1,1,0.420916080475,0.45,1,5
0,0,1,0.355288028717,0.45,1,5
1,1,1,0.459874868393,0.45,-1,5
2,2,1,0.377433776855,0.45,1,5
3,3,1,0.339437961578,0.45,1,5
1,1,1,0.38219499588,0.45,1,5
3,3,1,0.370841026306,0.45,1,5
0,0,1,0.436667919159,0.45,1,5
2,2,1,0.418148994446,0.45,1,5
3,3,1,0.4269759655,0.45,1,5
2,2,1,0.432866096497,0.45,1,5
0,0,1,0.410852909088,0.45,1,5
1,0,0,0.471425056458,0.45,-2,5
0,0,1,0.466173887253,0.45,-1,5
3,3,1,0.470309019089,0.45,-1,5
1,1,1,0.471852064133,0.45,-1,5
2,2,1,0.393984079361,0.45,1,5
1,1,1,0.460946083069,0.45,-1,5
0,0,1,0.416225910187,0.45,1,5
3,3,1,0.40533208847,0.45,1,5
2,2,1,0.495409965515,0.45,-1,5
3,3,1,0.562975883484,0.45,-1,5
0,0,1,0.543117046356,0.45,-1,5
2,2,1,0.43247294426,0.45,1,5
0,0,1,0.387580871582,0.45,1,5
1,1,1,0.362865209579,0.45,1,5
2,2,1,0.443191051483,0.45,1,5
1,1,1,0.477515935898,0.45,-1,5
3,3,1,0.472875118256,0.45,-1,5
1,1,1,0.421059131622,0.45,1,5
2,2,1,0.560057163239,0.45,-1,5
0,0,1,0.402266025543,0.45,1,5
3,3,1,0.294206857681,0.45,1,5
0,0,1,0.483535051346,0.45,-1,5
2,2,1,0.430641174316,0.45,1,5
3,2,0,0.424064874649,0.45,-2,5
2,2,1,0.453473806381,0.45,-1,5
1,1,1,0.373974084854,0.45,1,5
0,0,1,0.379469156265,0.45,1,5
1,1,1,0.517946004868,0.45,-1,5
3,3,1,0.457365989685,0.45,-1,5
1,1,1,0.513982057571,0.45,-1,5
0,0,1,0.455016136169,0.45,-1,5
2,2,1,0.369459867477,0.45,1,5
3,3,1,0.334093809128,0.45,1,5
2,1,0,0.529829978943,0.45,-2,5
0,0,1,0.548207998276,0.45,-1,5
3,3,1,0.518900156021,0.45,-1,5
1,1,1,0.484575986862,0.45,-1,5
3,2,0,0.384716033936,0.45,-2,5
0,0,1,0.570566177368,0.45,-1,5
1,1,1,0.493200063705,0.45,-1,5
2,2,1,0.416897058487,0.45,1,5
1,1,1,0.435387849808,0.45,1,5
3,3,1,0.352707862854,0.45,1,5
0,0,1,0.385947942734,0.45,1,5
2,2,1,0.404912948608,0.45,1,5
3,3,1,0.424712181091,0.45,1,5
2,2,1,0.476104021072,0.45,-1,5
0,0,1,0.455012083054,0.45,-1,5
3,3,1,0.40841794014,0.45,1,5
1,1,1,0.517341852188,0.45,-1,5
0,0,1,0.521193981171,0.45,-1,5
1,1,1,0.476692914963,0.45,-1,5
2,2,1,0.398593902588,0.45,1,5
1,1,1,0.538213968277,0.45,-1,5
0,0,1,0.447614908218,0.45,1,5
3,3,1,0.391247034073,0.45,1,5
2,2,1,0.405377149582,0.45,1,5
3,3,1,0.416808128357,0.45,1,5
0,0,1,0.371084928513,0.45,1,5
2,2,1,0.349263906479,0.45,1,5
1,0,0,0.378463983536,0.45,-2,5
3,3,1,0.444508075714,0.45,1,5
1,1,1,0.431872844696,0.45,1,5
2,2,1,0.387863874435,0.45,1,5
0,0,1,0.36060500145,0.45,1,5
1,1,1,0.392527103424,0.45,1,5
3,3,1,0.403301954269,0.45,1,5
2,2,1,0.426069021225,0.45,1,5
0,0,1,0.436278104782,0.45,1,5
2,2,1,0.399477005005,0.45,1,5
3,3,1,0.379038095474,0.45,1,5
0,0,1,0.43782377243,0.45,1,5
3,3,1,0.494228124619,0.45,-1,5
1,1,1,0.445306062698,0.45,1,5
2,2,1,0.358869075775,0.45,1,5
1,0,0,0.378365039825,0.45,-2,5
0,0,1,0.397264957428,0.45,1,5
1,1,1,0.40886092186,0.45,1,5
3,3,1,0.473908185959,0.45,-1,5
0,0,1,0.511775016785,0.45,-1,5
2,2,1,0.428570985794,0.45,1,5
0,0,1,0.486149072647,0.45,-1,5
3,3,1,0.458191871643,0.45,-1,5
2,2,1,0.484782934189,0.45,-1,5
3,3,1,0.529474973679,0.45,-1,5
1,0,0,0.441954135895,0.45,-2,5
0,0,1,0.416347980499,0.45,1,5
1,1,1,0.600619077682,0.45,-1,5
2,2,1,0.564357042313,0.45,-1,5
1,1,1,0.510343790054,0.45,-1,5
3,3,1,0.42813706398,0.45,1,5
0,0,1,0.404841184616,0.45,1,5
2,1,0,0.416770935059,0.45,-2,5
0,0,1,0.453335046768,0.45,-1,5
3,3,1,0.437647104263,0.45,1,5
2,2,1,0.40412402153,0.45,1,5
1,1,1,0.389348983765,0.45,1,5
0,0,1,0.402631998062,0.45,1,5
1,1,1,0.533874034882,0.45,-1,5
2,2,1,0.502072095871,0.45,-1,5
3,3,1,0.40208697319,0.45,1,5
1,1,1,0.391347885132,0.45,1,5
3,3,1,0.402749061584,0.45,1,5
0,0,1,0.414068937302,0.45,1,5
2,2,1,0.456521034241,0.45,-1,5
3,3,1,0.417979001999,0.45,1,5
2,2,1,0.431596040726,0.45,1,5
0,0,1,0.396646022797,0.45,1,5
1,1,1,0.500360012054,0.45,-1,5
0,0,1,0.497241973877,0.45,-1,5
3,3,1,0.501795053482,0.45,-1,5
1,1,1,0.473842859268,0.45,-1,5
2,2,1,0.41731595993,0.45,1,5
1,1,1,0.668529987335,0.45,-1,5
3,2,0,0.568320035934,0.45,-2,5
0,3,0,0.0590779781342,0.45,-2,5
2,2,1,0.525495052338,0.45,-1,5
0,0,1,0.489289045334,0.45,-1,5
3,3,1,0.496001005173,0.45,-1,5
2,2,1,0.448342084885,0.45,1,5
3,3,1,0.442120075226,0.45,1,5
1,1,1,0.432567834854,0.45,1,5
0,0,1,0.403896093369,0.45,1,5
1,1,1,0.588248968124,0.45,-1,5
2,2,1,0.488770008087,0.45,-1,5
1,1,1,0.460962057114,0.45,-1,5
3,3,1,0.410762786865,0.45,1,5
2,2,1,0.402257919312,0.45,1,5
0,0,1,0.397503137589,0.45,1,5
2,2,1,0.379787921906,0.45,1,5
3,3,1,0.662911891937,0.45,-1,5
0,0,1,0.554766893387,0.45,-1,5
3,3,1,0.468641996384,0.45,-1,5
1,1,1,0.48046207428,0.45,-1,5
2,2,1,0.353595972061,0.45,1,5
1,1,1,0.335505008698,0.45,1,5
0,0,1,0.342533826828,0.45,1,5
1,1,1,0.372708082199,0.45,1,5
0,0,1,0.406533956528,0.45,1,5
3,3,1,0.433091163635,0.45,1,5
2,2,1,0.398733854294,0.45,1,5
3,3,1,0.430780887604,0.45,1,5
0,0,1,0.476165056229,0.45,-1,5
2,2,1,0.414921998978,0.45,1,5
1,0,0,0.387218952179,0.45,-2,5
3,2,0,0.444869995117,0.45,-2,5
1,1,1,0.570009946823,0.45,-1,5
2,2,1,0.539834022522,0.45,-1,5
0,0,1,0.437950134277,0.45,1,5
1,1,1,0.476390123367,0.45,-1,5
3,3,1,0.413376092911,0.45,1,5
2,2,1,0.415746927261,0.45,1,5
0,0,1,0.350930929184,0.45,1,5
2,2,1,0.335994958878,0.45,1,5
3,3,1,0.38756608963,0.45,1,5
0,0,1,0.428992033005,0.45,1,5
3,3,1,0.375971078873,0.45,1,5
1,1,1,0.390474081039,0.45,1,5
0,0,1,0.481380939484,0.45,-1,5
1,1,1,0.412220001221,0.45,1,5
2,2,1,0.413788080215,0.45,1,5
1,1,1,0.491737127304,0.45,-1,5
2,2,1,0.467891931534,0.45,-1,5
3,3,1,0.416838884354,0.45,1,5
0,0,1,0.354902029037,0.45,1,5
3,2,0,0.438477993011,0.45,-2,5
2,2,1,0.467085123062,0.45,-1,5
0,0,1,0.412343025208,0.45,1,5
1,1,1,0.400231122971,0.45,1,5
0,2,0,0.3497569561,0.45,-2,5
2,2,1,0.319775104523,0.45,1,5
1,1,1,0.458858013153,0.45,-1,5
3,2,0,0.424342155457,0.45,-2,5
1,1,1,0.442550182343,0.45,1,5
0,0,1,0.370726108551,0.45,1,5
2,2,1,0.343128919601,0.45,1,5
3,3,1,0.370388031006,0.45,1,5
0,0,1,0.396920919418,0.45,1,5
3,3,1,0.411091089249,0.45,1,5
2,2,1,0.373616933823,0.45,1,5
1,1,1,0.311735153198,0.45,1,5
3,3,1,0.338066101074,0.45,1,5
1,1,1,0.294147968292,0.45,1,5
2,2,1,0.49906206131,0.45,-1,5
0,0,1,0.454743862152,0.45,-1,5
1,1,1,0.447088956833,0.45,1,5
0,0,1,0.449997186661,0.45,1,6
3,3,1,0.445098161697,0.45,1,6
1,1,1,0.36731505394,0.45,1,6
2,2,1,0.337630987167,0.45,1,6
1,1,1,0.351102828979,0.45,1,6
3,2,0,0.343687057495,0.45,-2,6
2,2,1,0.354308843613,0.45,1,6
3,3,1,0.433267116547,0.45,1,6
0,0,1,0.393509149551,0.45,1,6
2,2,1,0.333143949509,0.45,1,6
0,0,1,0.368119001389,0.45,1,6
1,1,1,0.427464008331,0.45,1,6
0,0,1,0.4539539814,0.45,-1,6
1,1,1,0.507680892944,0.45,-1,6
3,3,1,0.454267978668,0.45,-1,6
2,2,1,0.440001010895,0.45,1,6
1,1,1,0.501450061798,0.45,-1,6
2,2,1,0.446636915207,0.45,1,6
3,3,1,0.443033218384,0.45,1,6
0,0,1,0.428047895432,0.45,1,6
3,3,1,0.369379043579,0.45,1,6
1,0,0,0.341922044754,0.45,-2,6
0,0,1,0.36009311676,0.45,1,6
2,2,1,0.386877059937,0.45,1,6
0,0,1,0.415766000748,0.45,1,6
2,2,1,0.393669128418,0.45,1,6
3,3,1,0.411716938019,0.45,1,6
1,1,1,0.424592971802,0.45,1,6
2,2,1,0.54598903656,0.45,-1,6
1,1,1,0.495099067688,0.45,-1,6
3,3,1,0.443377971649,0.45,1,6
0,0,1,0.4049680233,0.45,1,6
3,-1,0,0.7,0.45,-2,6
2,3,0,0.140654087067,0.45,-2,6
0,0,1,0.471750974655,0.45,-1,6
1,0,0,0.507217884064,0.45,-2,6
0,0,1,0.461067914963,0.45,-1,6
2,2,1,0.394901037216,0.45,1,6
3,2,0,0.417773962021,0.45,-2,6
1,1,1,0.447789907455,0.45,1,6
3,3,1,0.379935026169,0.45,1,6
2,2,1,0.477120876312,0.45,-1,6
1,1,1,0.392195940018,0.45,1,6
2,2,1,0.446733236313,0.45,1,6
0,0,1,0.424455881119,0.45,1,6
3,3,1,0.449666023254,0.45,1,6
0,0,1,0.439628839493,0.45,1,6
1,1,1,0.441172122955,0.45,1,6
0,0,1,0.507173061371,0.45,-1,6
2,2,1,0.409424066544,0.45,1,6
3,3,1,0.346994161606,0.45,1,6
1,1,1,0.397812843323,0.45,1,6
3,3,1,0.400968074799,0.45,1,6
2,2,1,0.452330112457,0.45,-1,6
1,1,1,0.442090034485,0.45,1,6
0,0,1,0.317063093185,0.45,1,6
3,3,1,0.384093046188,0.45,1,6
0,0,1,0.443169116974,0.45,1,6
1,1,1,0.407061100006,0.45,1,6
2,2,1,0.31242609024,0.45,1,6
0,0,1,0.37069606781,0.45,1,6
3,3,1,0.343774080276,0.45,1,6
2,2,1,0.315363883972,0.45,1,6
1,1,1,0.478291988373,0.45,-1,6
3,3,1,0.438258171082,0.45,1,6
1,1,1,0.403659105301,0.45,1,6
2,2,1,0.445695161819,0.45,1,6
3,3,1,0.444293022156,0.45,1,6
0,0,1,0.343548059464,0.45,1,6
2,2,1,0.360328912735,0.45,1,6
0,0,1,0.445978164673,0.45,1,6
1,1,1,0.637943983078,0.45,-1,6
0,-1,0,0.7,0.45,-2,6
1,1,1,0.527549982071,0.45,-1,6
2,2,1,0.431803941727,0.45,1,6
3,3,1,0.371011972427,0.45,1,6
1,1,1,0.326290130615,0.45,1,6
3,3,1,0.394919872284,0.45,1,6
2,2,1,0.624455213547,0.45,-1,6
1,1,1,0.504547834396,0.45,-1,6
0,0,1,0.4299659729,0.45,1,6
2,2,1,0.367287874222,0.45,1,6
0,0,1,0.433588027954,0.45,1,6
3,3,1,0.429594993591,0.45,1,6
0,0,1,0.379412174225,0.45,1,6
1,1,1,0.396255016327,0.45,1,6
3,3,1,0.317966938019,0.45,1,6
2,2,1,0.348317861557,0.45,1,6
1,1,1,0.382082939148,0.45,1,6
2,2,1,0.386897087097,0.45,1,6
3,3,1,0.397561788559,0.45,1,6
1,1,1,0.3598279953,0.45,1,6
0,0,1,0.324393987656,0.45,1,6
3,3,1,0.337990045547,0.45,1,6
0,1,0,0.441714048386,0.45,-2,6
2,-1,0,0.7,0.45,-2,6
0,0,1,0.448848962784,0.45,1,6
3,3,1,0.555572032928,0.45,-1,6
2,2,1,0.441462039948,0.45,1,6
1,1,1,0.364084005356,0.45,1,6
2,2,1,0.431509017944,0.45,1,6
3,3,1,0.384004116058,0.45,1,6
1,1,1,0.379994153976,0.45,1,6
0,0,1,0.392790079117,0.45,1,6
2,2,1,0.321781873703,0.45,1,6
0,0,1,0.503184080124,0.45,-1,6
1,1,1,0.579693078995,0.45,-1,6
3,3,1,0.453861951828,0.45,-1,6
0,0,1,0.55905008316,0.45,-1,6
3,3,1,0.473608016968,0.45,-1,6
2,2,1,0.533811092377,0.45,-1,6
1,1,1,0.387233018875,0.45,1,6
3,3,1,0.365107059479,0.45,1,6
1,1,1,0.362679958344,0.45,1,6
2,2,1,0.371335029602,0.45,1,6
3,3,1,0.462255954742,0.45,-1,6
0,0,1,0.433618068695,0.45,1,6
1,1,1,0.406259059906,0.45,1,6
0,0,1,0.464951038361,0.45,-1,6
2,2,1,0.486298084259,0.45,-1,6
0,0,1,0.416579961777,0.45,1,6
2,2,1,0.3471159935,0.45,1,6
3,3,1,0.365226984024,0.45,1,6
1,1,1,0.321090936661,0.45,1,6
3,3,1,0.460506916046,0.45,-1,6
2,1,0,0.425740003586,0.45,-2,6
1,1,1,0.353484869003,0.45,1,6
2,2,1,0.395905017853,0.45,1,6
0,0,1,0.459313154221,0.45,-1,6
1,0,0,0.418836116791,0.45,-2,6
0,0,1,0.390161991119,0.45,1,6
3,2,0,0.323549985886,0.45,-2,6
0,0,1,0.445171833038,0.45,1,6
1,1,1,0.52871799469,0.45,-1,6
3,3,1,0.418744802475,0.45,1,6
2,2,1,0.391110897064,0.45,1,6
1,1,1,0.385084152222,0.45,1,6
2,2,1,0.384217023849,0.45,1,6
3,3,1,0.393523931503,0.45,1,6
1,1,1,0.39568901062,0.45,1,6
0,0,1,0.327913999557,0.45,1,6
3,3,1,0.373683214188,0.45,1,6
0,0,1,0.398611068726,0.45,1,6
2,2,1,0.345226049423,0.45,1,6
0,0,1,0.373074054718,0.45,1,6
1,1,1,0.649984836578,0.45,-1,6
2,2,1,0.549534082413,0.45,-1,6
3,3,1,0.510990858078,0.45,-1,6
1,1,1,0.43387389183,0.45,1,6
3,3,1,0.429301977158,0.45,1,6
2,3,0,0.431422233582,0.45,-2,6
0,0,1,0.389549016953,0.45,1,6
3,2,0,0.344763994217,0.45,-2,6
0,0,1,0.313395023346,0.45,1,6
2,2,1,0.383185863495,0.45,1,6
1,1,1,0.33761382103,0.45,1,6
0,0,1,0.446445941925,0.45,1,6
2,2,1,0.353168010712,0.45,1,6
1,1,1,0.300118923187,0.45,1,6
3,2,0,0.316756010056,0.45,-2,6
1,1,1,0.289525985718,0.45,1,6
2,2,1,0.412414073944,0.45,1,6
3,3,1,0.423951148987,0.45,1,6
2,2,1,0.451068162918,0.45,-1,6
0,0,1,0.453814983368,0.45,-1,6
1,1,1,0.45817399025,0.45,-1,6
0,0,1,0.429212093353,0.45,1,6
3,2,0,0.36675786972,0.45,-2,6
0,0,1,0.489219903946,0.45,-1,6
3,3,1,0.423510074615,0.45,1,6
2,2,1,0.364190816879,0.45,1,6
1,1,1,0.486253023148,0.45,-1,6
2,2,1,0.441699981689,0.45,1,6
3,3,1,0.362734079361,0.45,1,6
1,1,1,0.511201858521,0.45,-1,6
3,3,1,0.424649000168,0.45,1,6
0,0,1,0.371280908585,0.45,1,6
2,2,1,0.370510816574,0.45,1,6
0,0,1,0.414828062057,0.45,1,6
1,0,0,0.432224988937,0.45,-2,6
0,0,1,0.420109987259,0.45,1,6
1,1,1,0.403905153275,0.45,1,6
2,2,1,0.335289001465,0.45,1,6
3,3,1,0.582176923752,0.45,-1,6
2,3,0,0.520972013474,0.45,-2,6
1,1,1,0.473964929581,0.45,-1,6
3,2,0,0.416285991669,0.45,-2,6
1,1,1,0.46672296524,0.45,-1,6
0,0,1,0.413415908813,0.45,1,6
3,3,1,0.405599832535,0.45,1,6
0,0,1,0.465715885162,0.45,-1,6
2,2,1,0.452938079834,0.45,-1,6
0,0,1,0.440404891968,0.45,1,6
2,2,1,0.382567167282,0.45,1,6
1,1,1,0.369886159897,0.45,1,6
3,3,1,0.449648141861,0.45,1,6
2,2,1,0.437099218369,0.45,1,6
3,3,1,0.513287782669,0.45,-1,6
1,1,1,0.466933012009,0.45,-1,6
2,2,1,0.410484075546,0.45,1,6
0,0,1,0.373402833939,0.45,1,6
3,3,1,0.449048042297,0.45,1,6
0,0,1,0.633615016937,0.45,-1,6
1,1,1,0.526452064514,0.45,-1,6
0,0,1,0.480812072754,0.45,-1,6
2,2,1,0.412876844406,0.45,1,6
3,3,1,0.393327951431,0.45,1,6
1,1,1,0.386034965515,0.45,1,6
3,3,1,0.358615875244,0.45,1,6
2,2,1,0.651129007339,0.45,-1,6
1,1,1,0.579590082169,0.45,-1,6
2,2,1,0.455796003342,0.45,-1,6
0,0,1,0.40270280838,0.45,1,6
3,3,1,0.351298093796,0.45,1,6
0,0,1,0.48853302002,0.45,-1,6
1,-1,0,0.7,0.45,-2,6
0,1,0,0.217283010483,0.45,-2,6
3,3,1,0.438209056854,0.45,1,7
2,2,1,0.318910121918,0.45,1,7
0,0,1,0.33180809021,0.45,1,7
1,1,1,0.384235143661,0.45,1,7
0,0,1,0.401056051254,0.45,1,7
2,1,0,0.342097997665,0.45,-2,7
1,1,1,0.423415899277,0.45,1,7
3,3,1,0.41672706604,0.45,1,7
1,1,1,0.388673067093,0.45,1,7
2,2,1,0.321035861969,0.45,1,7
3,2,0,0.347400903702,0.45,-2,7
0,0,1,0.367256164551,0.45,1,7
3,3,1,0.370635032654,0.45,1,7
0,0,1,0.381802082062,0.45,1,7
1,1,1,0.449810028076,0.45,1,7
2,2,1,0.347497940063,0.45,1,7
1,1,1,0.406929969788,0.45,1,7
0,0,1,0.389214992523,0.45,1,7
2,2,1,0.438726186752,0.45,1,7
0,0,1,0.378159999847,0.45,1,7
3,3,1,0.398396015167,0.45,1,7
1,1,1,0.48019695282,0.45,-1,7
3,3,1,0.433982849121,0.45,1,7
2,2,1,0.614078044891,0.45,-1,7
3,3,1,0.488145828247,0.45,-1,7
2,2,1,0.431208133698,0.45,1,7
1,1,1,0.376625061035,0.45,1,7
0,0,1,0.323924064636,0.45,1,7
2,2,1,0.333992958069,0.45,1,7
0,0,1,0.380342006683,0.45,1,7
1,1,1,0.392241001129,0.45,1,7
3,3,1,0.3305311203,0.45,1,7
1,1,1,0.4682970047,0.45,-1,7
2,1,0,0.430756092072,0.45,-2,7
3,3,1,0.484888076782,0.45,-1,7
0,0,1,0.511090993881,0.45,-1,7
3,3,1,0.440346002579,0.45,1,7
0,0,1,0.436414003372,0.45,1,7
1,2,0,0.358814001083,0.45,-2,7
2,2,1,0.320777177811,0.45,1,7
1,1,1,0.451849937439,0.45,-1,7
0,0,1,0.447618961334,0.45,1,7
2,2,1,0.434427976608,0.45,1,7
0,0,1,0.430805921555,0.45,1,7
3,3,1,0.434987068176,0.45,1,7
1,1,1,0.406337022781,0.45,1,7
3,3,1,0.337653875351,0.45,1,7
2,3,0,0.383086919785,0.45,-2,7
3,2,0,0.346081972122,0.45,-2,7
1,1,1,0.53385591507,0.45,-1,7
0,0,1,0.493145227432,0.45,-1,7
2,2,1,0.459240913391,0.45,-1,7
0,0,1,0.43113899231,0.45,1,7
1,1,1,0.442367076874,0.45,1,7
2,2,1,0.387913942337,0.45,1,7
3,3,1,0.377381086349,0.45,1,7
2,2,1,0.449435949326,0.45,1,7
1,1,1,0.383445978165,0.45,1,7
3,3,1,0.530905008316,0.45,-1,7
0,0,1,0.412271976471,0.45,1,7
3,3,1,0.325381040573,0.45,1,7
2,2,1,0.316517114639,0.45,1,7
0,0,1,0.404294013977,0.45,1,7
1,1,1,0.481850862503,0.45,-1,7
2,2,1,0.427242040634,0.45,1,7
1,1,1,0.425379991531,0.45,1,7
0,0,1,0.413927078247,0.45,1,7
2,1,0,0.384469985962,0.45,-2,7
3,3,1,0.43417596817,0.45,1,7
0,0,1,0.398125886917,0.45,1,7
3,2,0,0.360657930374,0.45,-2,7
1,1,1,0.437098026276,0.45,1,7
3,3,1,0.391725063324,0.45,1,7
0,0,1,0.562586784363,0.45,-1,7
1,1,1,0.558481931686,0.45,-1,7
2,2,1,0.472707986832,0.45,-1,7
1,1,1,0.454004049301,0.45,-1,7
0,0,1,0.416825056076,0.45,1,7
2,-1,0,0.7,0.45,-2,7
0,0,1,0.45469212532,0.45,-1,7
3,3,1,0.536274909973,0.45,-1,7
2,2,1,0.513437986374,0.45,-1,7
3,3,1,0.477928876877,0.45,-1,7
1,1,1,0.466763019562,0.45,-1,7
3,3,1,0.382841110229,0.45,1,7
2,2,1,0.426028013229,0.45,1,7
0,0,1,0.412569999695,0.45,1,7
1,1,1,0.39244222641,0.45,1,7
2,2,1,0.452013969421,0.45,-1,7
1,1,1,0.460892915726,0.45,-1,7
0,0,1,0.48934006691,0.45,-1,7
2,2,1,0.574764966965,0.45,-1,7
3,3,1,0.430835962296,0.45,1,7
0,0,1,0.459360837936,0.45,-1,7
3,3,1,0.41440486908,0.45,1,7
1,1,1,0.416731834412,0.45,1,7
3,2,0,0.42774605751,0.45,-2,7
2,2,1,0.625169038773,0.45,-1,7
1,1,1,0.549852132797,0.45,-1,7
0,0,1,0.464715003967,0.45,-1,7
1,1,1,0.481728076935,0.45,-1,7
2,2,1,0.438564777374,0.45,1,7
0,0,1,0.424793958664,0.45,1,7
3,3,1,0.427766799927,0.45,1,7
1,1,1,0.468671798706,0.45,-1,7
3,3,1,0.459005117416,0.45,-1,7
0,0,1,0.502156972885,0.45,-1,7
2,2,1,0.409667015076,0.45,1,7
3,3,1,0.500490903854,0.45,-1,7
1,1,1,0.453703165054,0.45,-1,7
2,2,1,0.416883945465,0.45,1,7
0,0,1,0.414665222168,0.45,1,7
1,1,1,0.410260915756,0.45,1,7
0,0,1,0.434375047684,0.45,1,7
2,2,1,0.366900920868,0.45,1,7
3,3,1,0.345380067825,0.45,1,7
0,0,1,0.388670921326,0.45,1,7
3,2,0,0.393291950226,0.45,-2,7
2,2,1,0.482908964157,0.45,-1,7
1,1,1,0.447574853897,0.45,1,7
3,3,1,0.403548955917,0.45,1,7
1,1,1,0.359545946121,0.45,1,7
0,0,1,0.370015144348,0.45,1,7
2,2,1,0.322988986969,0.45,1,7
0,0,1,0.391327142715,0.45,1,7
1,1,1,0.561456918716,0.45,-1,7
2,2,1,0.47633099556,0.45,-1,7
1,1,1,0.44771695137,0.45,1,7
3,3,1,0.403908014297,0.45,1,7
0,0,1,0.43133187294,0.45,1,7
3,3,1,0.385891914368,0.45,1,7
2,2,1,0.472193002701,0.45,-1,7
3,3,1,0.49995303154,0.45,-1,7
0,0,1,0.46283197403,0.45,-1,7
2,2,1,0.490890979767,0.45,-1,7
1,1,1,0.395611047745,0.45,1,7
0,0,1,0.367913961411,0.45,1,7
1,1,1,0.41792011261,0.45,1,7
2,2,1,0.389935970306,0.45,1,7
0,0,1,0.362887144089,0.45,1,7
3,3,1,0.324947834015,0.45,1,7
2,1,0,0.367358922958,0.45,-2,7
3,3,1,0.514580965042,0.45,-1,7
1,1,1,0.422134876251,0.45,1,7
3,3,1,0.427820920944,0.45,1,7
2,2,1,0.427537918091,0.45,1,7
0,0,1,0.439197063446,0.45,1,7
1,1,1,0.410784006119,0.45,1,7
0,0,1,0.477843999863,0.45,-1,7
2,2,1,0.440330982208,0.45,1,7
1,1,1,0.412490129471,0.45,1,7
3,3,1,0.376392126083,0.45,1,7
0,0,1,0.411448001862,0.45,1,7
3,3,1,0.349957942963,0.45,1,7
1,0,0,0.354835033417,0.45,-2,7
2,1,0,0.324537038803,0.45,-2,7
3,3,1,0.36919093132,0.45,1,7
0,0,1,0.373859167099,0.45,1,7
2,3,0,0.350444078445,0.45,-2,7
1,1,1,0.42546415329,0.45,1,7
2,2,1,0.428663015366,0.45,1,7
0,0,1,0.423087120056,0.45,1,7
1,1,1,0.411984920502,0.45,1,7
3,3,1,0.365474939346,0.45,1,7
2,2,1,0.320481061935,0.45,1,7
3,3,1,0.461097002029,0.45,-1,7
1,1,1,0.489791870117,0.45,-1,7
0,0,1,0.331609010696,0.45,1,7
3,3,1,0.481526851654,0.45,-1,7
1,0,0,0.547323942184,0.45,-2,7
0,0,1,0.549528121948,0.45,-1,7
2,2,1,0.418226957321,0.45,1,7
0,1,0,0.406268835068,0.45,-2,7
1,1,1,0.520596981049,0.45,-1,7
2,2,1,0.417400121689,0.45,1,7
1,1,1,0.413913965225,0.45,1,7
3,3,1,0.418555021286,0.45,1,7
2,2,1,0.445465087891,0.45,1,7
3,3,1,0.439514160156,0.45,1,7
0,0,1,0.437665939331,0.45,1,7
3,3,1,0.454504013062,0.45,-1,7
1,1,1,0.467813968658,0.45,-1,7
2,2,1,0.443423032761,0.45,1,7
0,0,1,0.426367044449,0.45,1,7
2,2,1,0.420458078384,0.45,1,7
1,1,1,0.444844961166,0.45,1,7
0,0,1,0.427594184875,0.45,1,7
1,1,1,0.471052885056,0.45,-1,7
3,2,0,0.456130027771,0.45,-2,7
0,0,1,0.436979055405,0.45,1,7
3,3,1,0.407649993896,0.45,1,7
2,2,1,0.450140953064,0.45,-1,7
3,3,1,0.454269886017,0.45,-1,7
0,0,1,0.431377887726,0.45,1,7
1,0,0,0.468962907791,0.45,-2,7
2,2,1,0.462604999542,0.45,-1,7
0,0,1,0.434729099274,0.45,1,7
2,2,1,0.454752922058,0.45,-1,7
1,-1,0,0.7,0.45,-2,7
0,0,1,0.452843904495,0.45,-1,7
3,3,1,0.453722953796,0.45,-1,7
1,1,1,0.434495925903,0.45,1,7
3,3,1,0.412735939026,0.45,1,7
2,2,1,0.435099840164,0.45,1,7
3,3,1,0.460927009583,0.45,-1,7
0,0,1,0.458195924759,0.45,-1,7
2,-1,0,0.7,0.45,-2,7
1,1,1,0.384118080139,0.45,1,7
2,2,1,0.392166852951,0.45,1,7
0,0,1,0.363182067871,0.45,1,7
1,2,0,0.432640075684,0.45,-2,7
3,3,1,0.405689954758,0.45,1,7
1,1,1,0.390849113464,0.45,1,7
0,0,1,0.395020008087,0.45,1,7
3,3,1,0.436991214752,0.45,1,7
2,2,1,0.511790037155,0.45,-1,7
3,3,1,0.491915941238,0.45,-1,7
