probe,press,accuracy,rt,threshold,score,run_num
0,0,1,0.516216993332,0.45,-1,0
2,2,1,0.390398025513,0.45,1,0
3,3,1,0.272336959839,0.45,1,0
1,1,1,0.305879116058,0.45,1,0
3,3,1,0.430199146271,0.45,1,0
2,2,1,0.362459897995,0.45,1,0
1,1,1,0.363428115845,0.45,1,0
0,0,1,0.286923885345,0.45,1,0
1,1,1,0.451673984528,0.45,-1,0
2,2,1,0.358824968338,0.45,1,0
0,0,1,0.393179893494,0.45,1,0
3,3,1,0.299773216248,0.45,1,0
0,0,1,0.376528024673,0.45,1,0
2,2,1,0.306876897812,0.45,1,0
1,1,1,0.360944032669,0.45,1,0
3,3,1,0.314835071564,0.45,1,0
1,1,1,0.309020996094,0.45,1,0
2,2,1,0.305065870285,0.45,1,0
3,3,1,0.243797063828,0.45,1,0
0,0,1,0.280236959457,0.45,1,0
3,3,1,0.408158063889,0.45,1,0
2,2,1,0.383288145065,0.45,1,0
0,1,0,0.315235853195,0.45,-2,0
1,1,1,0.646245002747,0.45,-1,0
0,0,1,0.577990055084,0.45,-1,0
2,2,1,0.412113189697,0.45,1,0
3,3,1,0.269166946411,0.45,1,0
1,1,1,0.370275020599,0.45,1,0
2,2,1,0.350069999695,0.45,1,0
1,1,1,0.495818138123,0.45,-1,0
3,3,1,0.403266191483,0.45,1,0
2,2,1,0.501603126526,0.45,-1,0
0,0,1,0.567753076553,0.45,-1,0
1,1,1,0.510493993759,0.45,-1,0
0,0,1,0.559059858322,0.45,-1,0
3,3,1,0.412815093994,0.45,1,0
0,0,1,0.480569124222,0.45,-1,0
3,3,1,0.455428123474,0.45,-1,0
2,2,1,0.463111877441,0.45,-1,0
1,1,1,0.432660102844,0.45,1,0
3,3,1,0.34667801857,0.45,1,0
1,1,1,0.302052021027,0.45,1,0
2,2,1,0.329710960388,0.45,1,0
3,3,1,0.309439182281,0.45,1,0
0,0,1,0.338303089142,0.45,1,0
2,-1,0,0.7,0.45,-2,0
0,2,0,0.184051036835,0.45,-2,0
1,0,0,0.0112860202789,0.45,-2,0
0,0,1,0.495940923691,0.45,-1,0
2,2,1,0.378618955612,0.45,1,0
3,3,1,0.358210086823,0.45,1,0
1,1,1,0.345039129257,0.45,1,0
3,3,1,0.410312891006,0.45,1,0
2,2,1,0.421334981918,0.45,1,0
1,1,1,0.321943044662,0.45,1,0
2,2,1,0.355317115784,0.45,1,0
0,0,1,0.36954498291,0.45,1,0
3,3,1,0.289932012558,0.45,1,0
0,0,1,0.486699819565,0.45,-1,0
1,1,1,0.594264984131,0.45,-1,0
0,0,1,0.620484113693,0.45,-1,0
2,2,1,0.425922870636,0.45,1,0
3,3,1,0.31333899498,0.45,1,0
1,1,1,0.477167844772,0.45,-1,0
3,2,0,0.368903875351,0.45,-2,0
2,2,1,0.477498054504,0.45,-1,0
1,1,1,0.618314027786,0.45,-1,0
0,0,1,0.36537694931,0.45,1,0
1,1,1,0.575623989105,0.45,-1,0
2,2,1,0.364031076431,0.45,1,0
0,0,1,0.475603818893,0.45,-1,0
3,3,1,0.338100194931,0.45,1,0
0,0,1,0.39532494545,0.45,1,0
3,3,1,0.439283847809,0.45,1,0
2,2,1,0.491780042648,0.45,-1,0
1,1,1,0.348926067352,0.45,1,0
3,3,1,0.295475959778,0.45,1,0
1,0,0,0.396800994873,0.45,-2,0
2,-1,0,0.7,0.45,-2,0
0,2,0,0.220681190491,0.45,-2,0
2,3,0,0.477788925171,0.45,-2,0
3,3,1,0.425686120987,0.45,1,0
0,0,1,0.386101007462,0.45,1,0
1,1,1,0.343482017517,0.45,1,0
0,0,1,0.53036403656,0.45,-1,0
2,2,1,0.389688968658,0.45,1,0
3,3,1,0.30428981781,0.45,1,0
1,1,1,0.477657079697,0.45,-1,0
2,2,1,0.401166915894,0.45,1,0
1,1,1,0.509351015091,0.45,-1,0
3,3,1,0.453864097595,0.45,-1,0
2,2,1,0.503576993942,0.45,-1,0
0,0,1,0.437811136246,0.45,1,0
3,3,1,0.359873056412,0.45,1,0
0,0,1,0.556699991226,0.45,-1,0
1,1,1,0.582432985306,0.45,-1,0
0,0,1,0.571506977081,0.45,-1,0
1,1,1,0.430155992508,0.45,1,0
2,2,1,0.649709939957,0.45,-1,0
3,3,1,0.314481019974,0.45,1,0
2,2,1,0.472632884979,0.45,-1,0
1,1,1,0.498378038406,0.45,-1,0
3,3,1,0.479387998581,0.45,-1,0
1,1,1,0.479737043381,0.45,-1,0
0,0,1,0.500147104263,0.45,-1,0
2,2,1,0.592422962189,0.45,-1,0
0,0,1,0.514101028442,0.45,-1,0
3,3,1,0.599217891693,0.45,-1,0
0,0,1,0.416703224182,0.45,1,0
2,2,1,0.348644018173,0.45,1,0
1,1,1,0.286973953247,0.45,1,0
3,3,1,0.387778043747,0.45,1,0
1,0,0,0.335605859756,0.45,-2,0
2,-1,0,0.7,0.45,-2,0
3,2,0,0.0712349414825,0.45,-2,0
0,0,1,0.366142034531,0.45,1,0
3,3,1,0.417627811432,0.45,1,0
2,2,1,0.551146030426,0.45,-1,0
0,0,1,0.528100013733,0.45,-1,0
1,1,1,0.444515943527,0.45,1,0
0,0,1,0.562367916107,0.45,-1,0
3,3,1,0.451018095016,0.45,-1,0
1,1,1,0.511054992676,0.45,-1,0
2,2,1,0.387132167816,0.45,1,0
3,3,1,0.331401824951,0.45,1,0
2,2,1,0.439986944199,0.45,1,0
1,1,1,0.451663970947,0.45,-1,0
3,3,1,0.335957050323,0.45,1,0
0,-1,0,0.7,0.45,-2,0
2,0,0,0.0788550376892,0.45,-2,0
0,0,1,0.39469408989,0.45,1,0
1,1,1,0.538822889328,0.45,-1,0
0,0,1,0.55100107193,0.45,-1,0
1,0,0,0.435375928879,0.45,-2,0
3,3,1,0.39764881134,0.45,1,0
2,2,1,0.327462911606,0.45,1,0
1,1,1,0.259081125259,0.45,1,0
2,2,1,0.433571100235,0.45,1,0
3,3,1,0.40110206604,0.45,1,0
1,1,1,0.358715057373,0.45,1,0
0,0,1,0.45637011528,0.45,-1,0
2,2,1,0.338370084763,0.45,1,0
0,0,1,0.311434984207,0.45,1,0
3,3,1,0.267009019852,0.45,1,0
0,0,1,0.446743965149,0.45,1,0
3,3,1,0.443331956863,0.45,1,0
1,1,1,0.356058120728,0.45,1,0
2,2,1,0.320732116699,0.45,1,0
1,1,1,0.405216932297,0.45,1,0
3,3,1,0.334883928299,0.45,1,0
2,2,1,0.506211042404,0.45,-1,0
3,3,1,0.46301317215,0.45,-1,0
0,0,1,0.600790023804,0.45,-1,0
1,1,1,0.498296022415,0.45,-1,0
0,0,1,0.598929166794,0.45,-1,0
2,-1,0,0.7,0.45,-2,0
0,0,1,0.421971082687,0.45,1,0
2,2,1,0.335187911987,0.45,1,0
3,3,1,0.333245038986,0.45,1,0
1,1,1,0.598251104355,0.45,-1,0
2,2,1,0.416944980621,0.45,1,0
1,0,0,0.383564949036,0.45,-2,0
3,3,1,0.471265077591,0.45,-1,0
0,0,1,0.475862026215,0.45,-1,0
1,1,1,0.553271055222,0.45,-1,0
0,0,1,0.508165121078,0.45,-1,0
3,3,1,0.398844957352,0.45,1,0
2,2,1,0.578788042068,0.45,-1,0
0,-1,0,0.7,0.45,-2,0
2,2,1,0.593554019928,0.45,-1,0
3,3,1,0.434601068497,0.45,1,0
1,1,1,0.524795055389,0.45,-1,0
2,-1,0,0.7,0.45,-2,0
1,-1,0,0.7,0.45,-2,0
3,1,0,0.142781019211,0.45,-2,0
2,2,1,0.521231174469,0.45,-1,0
0,1,0,0.383916139603,0.45,-2,0
1,1,1,0.459076166153,0.45,-1,0
0,0,1,0.526330947876,0.45,-1,0
3,3,1,0.487926959991,0.45,-1,0
0,0,1,0.466784000397,0.45,-1,0
3,2,0,0.437955856323,0.45,-2,0
2,2,1,0.626783847809,0.45,-1,0
1,1,1,0.583487033844,0.45,-1,0
2,2,1,0.60799908638,0.45,-1,0
3,3,1,0.396871089935,0.45,1,0
1,1,1,0.516883134842,0.45,-1,0
0,0,1,0.442354917526,0.45,1,0
2,2,1,0.460982084274,0.45,-1,0
0,0,1,0.3788189888,0.45,1,0
1,1,1,0.419304132462,0.45,1,0
3,3,1,0.367043018341,0.45,1,0
0,0,1,0.412714004517,0.45,1,0
2,2,1,0.477942943573,0.45,-1,0
3,3,1,0.392256975174,0.45,1,0
1,1,1,0.412760019302,0.45,1,0
2,3,0,0.376451969147,0.45,-2,0
1,1,1,0.547883033752,0.45,-1,0
3,3,1,0.375247955322,0.45,1,0
0,0,1,0.314217090607,0.45,1,0
1,1,1,0.524213075638,0.45,-1,0
0,0,1,0.502110004425,0.45,-1,0
3,3,1,0.493201971054,0.45,-1,0
2,2,1,0.487408876419,0.45,-1,0
0,0,1,0.48156785965,0.45,-1,0
1,1,1,0.387876033783,0.45,1,0
2,2,1,0.415452957153,0.45,1,0
3,3,1,0.291588068008,0.45,1,0
2,1,0,0.352030038834,0.45,-2,0
1,1,1,0.23603105545,0.45,1,0
3,3,1,0.342876911163,0.45,1,0
0,1,0,0.344221115112,0.45,-2,0
2,2,1,0.474031925201,0.45,-1,0
0,0,1,0.383213996887,0.45,1,0
3,3,1,0.353805065155,0.45,1,0
1,1,1,0.309192895889,0.45,1,0
0,0,1,0.398461103439,0.45,1,0
1,1,1,0.55184006691,0.45,-1,1
2,2,1,0.316854953766,0.45,1,1
3,3,1,0.327677965164,0.45,1,1
0,0,1,0.332282066345,0.45,1,1
3,3,1,0.451521158218,0.45,-1,1
2,2,1,0.430958032608,0.45,1,1
0,0,1,0.330508947372,0.45,1,1
1,1,1,0.381610155106,0.45,1,1
3,3,1,0.31422495842,0.45,1,1
1,1,1,0.359925985336,0.45,1,1
0,0,1,0.527838945389,0.45,-1,1
2,2,1,0.333503961563,0.45,1,1
1,1,1,0.440333843231,0.45,1,1
3,3,1,0.380776166916,0.45,1,1
0,0,1,0.509854078293,0.45,-1,1
2,2,1,0.347134828568,0.45,1,1
0,0,1,0.371906042099,0.45,1,1
3,3,1,0.344414949417,0.45,1,1
2,2,1,0.571073055267,0.45,-1,1
3,3,1,0.509397029877,0.45,-1,1
1,2,0,0.386947154999,0.45,-2,1
2,3,0,0.438069820404,0.45,-2,1
1,1,1,0.626058101654,0.45,-1,1
0,0,1,0.501159191132,0.45,-1,1
1,1,1,0.456507205963,0.45,-1,1
2,2,1,0.355149030685,0.45,1,1
3,3,1,0.295711040497,0.45,1,1
0,0,1,0.407269001007,0.45,1,1
2,2,1,0.436583042145,0.45,1,1
0,0,1,0.517164945602,0.45,-1,1
3,3,1,0.360266923904,0.45,1,1
2,2,1,0.518151044846,0.45,-1,1
1,1,1,0.434424877167,0.45,1,1
3,3,1,0.434494972229,0.45,1,1
1,1,1,0.390835046768,0.45,1,1
0,0,1,0.513554096222,0.45,-1,1
1,0,0,0.444729089737,0.45,-2,1
3,3,1,0.48723077774,0.45,-1,1
0,0,1,0.60210609436,0.45,-1,1
2,-1,0,0.7,0.45,-2,1
3,-1,0,0.7,0.45,-2,1
2,2,1,0.614654779434,0.45,-1,1
0,0,1,0.44673204422,0.45,1,1
1,1,1,0.637625932693,0.45,-1,1
0,0,1,0.48127913475,0.45,-1,1
3,3,1,0.37969493866,0.45,1,1
1,1,1,0.551019906998,0.45,-1,1
2,2,1,0.352532148361,0.45,1,1
1,0,0,0.332598924637,0.45,-2,1
2,2,1,0.47172498703,0.45,-1,1
3,3,1,0.513486862183,0.45,-1,1
0,0,1,0.464362859726,0.45,-1,1
3,2,0,0.407921075821,0.45,-2,1
2,2,1,0.556912899017,0.45,-1,1
0,0,1,0.442492008209,0.45,1,1
2,2,1,0.525760173798,0.45,-1,1
1,1,1,0.576507091522,0.45,-1,1
0,0,1,0.660119056702,0.45,-1,1
1,1,1,0.550793170929,0.45,-1,1
3,3,1,0.464393854141,0.45,-1,1
1,1,1,0.572771072388,0.45,-1,1
0,0,1,0.446073055267,0.45,1,1
2,2,1,0.354835033417,0.45,1,1
3,3,1,0.294854164124,0.45,1,1
0,0,1,0.295310020447,0.45,1,1
3,3,1,0.563621997833,0.45,-1,1
2,2,1,0.495182037354,0.45,-1,1
1,1,1,0.329410076141,0.45,1,1
2,3,0,0.310665130615,0.45,-2,1
0,0,1,0.409848928452,0.45,1,1
1,1,1,0.683130025864,0.45,-1,1
3,3,1,0.617213010788,0.45,-1,1
1,1,1,0.43460893631,0.45,1,1
3,3,1,0.576627969742,0.45,-1,1
0,0,1,0.401266098022,0.45,1,1
2,2,1,0.380966186523,0.45,1,1
3,3,1,0.41753411293,0.45,1,1
2,2,1,0.596605062485,0.45,-1,1
0,0,1,0.479902982712,0.45,-1,1
3,3,1,0.466257095337,0.45,-1,1
1,1,1,0.469851970673,0.45,-1,1
0,0,1,0.633996009827,0.45,-1,1
1,1,1,0.665121793747,0.45,-1,1
2,2,1,0.373137950897,0.45,1,1
1,0,0,0.416839122772,0.45,-2,1
0,0,1,0.364488124847,0.45,1,1
3,3,1,0.385632038116,0.45,1,1
2,2,1,0.324213027954,0.45,1,1
3,3,1,0.470744848251,0.45,-1,1
0,0,1,0.434756040573,0.45,1,1
2,1,0,0.302083015442,0.45,-2,1
0,0,1,0.462910175323,0.45,-1,1
1,2,0,0.445626974106,0.45,-2,1
2,2,1,0.360064983368,0.45,1,1
1,1,1,0.562882900238,0.45,-1,1
3,3,1,0.452667951584,0.45,-1,1
1,1,1,0.386400938034,0.45,1,1
2,0,0,0.380235910416,0.45,-2,1
3,3,1,0.566320896149,0.45,-1,1
0,0,1,0.372907876968,0.45,1,1
3,-1,0,0.7,0.45,-2,1
2,3,0,0.0337691307068,0.45,-2,1
0,0,1,0.341854095459,0.45,1,1
1,2,0,0.392512083054,0.45,-2,1
3,3,1,0.659801006317,0.45,-1,1
1,1,1,0.528506040573,0.45,-1,1
0,0,1,0.456094026566,0.45,-1,1
2,2,1,0.374526977539,0.45,1,1
1,0,0,0.365904808044,0.45,-2,1
2,-1,0,0.7,0.45,-2,1
3,2,0,0.213931083679,0.45,-2,1
0,0,1,0.353224992752,0.45,1,1
2,2,1,0.388932943344,0.45,1,1
0,0,1,0.511986970901,0.45,-1,1
3,3,1,0.523514986038,0.45,-1,1
2,2,1,0.496409893036,0.45,-1,1
1,1,1,0.316708087921,0.45,1,1
0,0,1,0.294950962067,0.45,1,1
1,1,1,0.574922084808,0.45,-1,1
3,2,0,0.452102899551,0.45,-2,1
1,1,1,0.422243833542,0.45,1,1
3,3,1,0.435326099396,0.45,1,1
2,2,1,0.495744943619,0.45,-1,1
0,1,0,0.43462896347,0.45,-2,1
2,2,1,0.677385807037,0.45,-1,1
3,3,1,0.54336309433,0.45,-1,1
0,0,1,0.385370016098,0.45,1,1
1,1,1,0.391310930252,0.45,1,1
2,2,1,0.432912111282,0.45,1,1
1,1,1,0.451758861542,0.45,-1,1
0,0,1,0.456644058228,0.45,-1,1
3,3,1,0.468746185303,0.45,-1,1
1,1,1,0.438449144363,0.45,1,1
0,-1,0,0.7,0.45,-2,1
2,1,0,0.189531087875,0.45,-2,1
3,3,1,0.408921003342,0.45,1,1
0,0,1,0.442538022995,0.45,1,1
3,3,1,0.670830965042,0.45,-1,1
2,-1,0,0.7,0.45,-2,1
1,2,0,0.0303881168365,0.45,-2,1
2,1,0,0.122121095657,0.45,-2,1
0,0,1,0.548371076584,0.45,-1,1
1,1,1,0.407090902328,0.45,1,1
3,3,1,0.428358793259,0.45,1,1
1,1,1,0.581236839294,0.45,-1,1
3,3,1,0.505362987518,0.45,-1,1
0,0,1,0.395375967026,0.45,1,1
2,2,1,0.36608505249,0.45,1,1
0,0,1,0.41036605835,0.45,1,1
3,3,1,0.415678024292,0.45,1,1
2,2,1,0.53059887886,0.45,-1,1
1,1,1,0.398241996765,0.45,1,1
2,2,1,0.480461835861,0.45,-1,1
3,3,1,0.369590044022,0.45,1,1
1,0,0,0.358693122864,0.45,-2,1
0,0,1,0.536972045898,0.45,-1,1
1,1,1,0.38130903244,0.45,1,1
0,0,1,0.658312797546,0.45,-1,1
3,3,1,0.43364906311,0.45,1,1
2,2,1,0.492904901505,0.45,-1,1
3,3,1,0.450047016144,0.45,-1,1
0,0,1,0.415101051331,0.45,1,1
2,2,1,0.36236000061,0.45,1,1
0,1,0,0.491167068481,0.45,-2,1
1,1,1,0.44063615799,0.45,1,1
2,-1,0,0.7,0.45,-2,1
1,-1,0,0.7,0.45,-2,1
3,1,0,0.0253169536591,0.45,-2,1
1,1,1,0.588219165802,0.45,-1,1
2,2,1,0.597818136215,0.45,-1,1
3,3,1,0.419396877289,0.45,1,1
0,0,1,0.381567955017,0.45,1,1
2,2,1,0.383405923843,0.45,1,1
0,0,1,0.613615036011,0.45,-1,1
3,3,1,0.45455789566,0.45,-1,1
1,1,1,0.55398607254,0.45,-1,1
0,-1,0,0.7,0.45,-2,1
1,0,0,0.0162210464478,0.45,-2,1
3,3,1,0.452880144119,0.45,-1,1
2,2,1,0.39220905304,0.45,1,1
1,1,1,0.209725141525,0.45,1,1
3,3,1,0.400033950806,0.45,1,1
2,2,1,0.467131137848,0.45,-1,1
0,0,1,0.427000999451,0.45,1,1
2,2,1,0.417256116867,0.45,1,1
3,3,1,0.347014904022,0.45,1,1
0,0,1,0.357343912125,0.45,1,1
1,1,1,0.520991802216,0.45,-1,1
0,0,1,0.543231964111,0.45,-1,1
3,-1,0,0.7,0.45,-2,1
1,3,0,0.0814530849457,0.45,-2,1
2,2,1,0.48513007164,0.45,-1,1
1,1,1,0.393761873245,0.45,1,1
3,3,1,0.374409914017,0.45,1,1
2,3,0,0.392210006714,0.45,-2,1
0,0,1,0.490656137466,0.45,-1,1
2,1,0,0.359782934189,0.45,-2,1
3,3,1,0.392139911652,0.45,1,1
0,0,1,0.347872972488,0.45,1,1
1,1,1,0.536082983017,0.45,-1,1
0,0,1,0.580323934555,0.45,-1,1
3,3,1,0.679164886475,0.45,-1,1
1,1,1,0.483160972595,0.45,-1,1
2,2,1,0.396368026733,0.45,1,1
1,1,1,0.440071105957,0.45,1,1
0,0,1,0.492780923843,0.45,-1,1
2,2,1,0.417261123657,0.45,1,1
3,3,1,0.373070001602,0.45,1,1
2,1,0,0.406465053558,0.45,-2,1
0,1,0,0.297170877457,0.45,-2,1
3,3,1,0.533425092697,0.45,-1,1
0,0,1,0.519510984421,0.45,-1,1
1,2,0,0.515300989151,0.45,-2,1
3,2,0,0.471251964569,0.45,-2,1
1,1,1,0.568117141724,0.45,-1,1
2,2,1,0.47114109993,0.45,-1,1
1,1,1,0.393630981445,0.45,1,1
3,3,1,0.466361045837,0.45,-1,2
2,2,1,0.484962940216,0.45,-1,2
0,1,0,0.317862987518,0.45,-2,2
1,1,1,0.543519020081,0.45,-1,2
0,0,1,0.469771146774,0.45,-1,2
2,2,1,0.362342119217,0.45,1,2
1,1,1,0.445300102234,0.45,1,2
3,3,1,0.479378938675,0.45,-1,2
0,0,1,0.48134303093,0.45,-1,2
3,2,0,0.420003175735,0.45,-2,2
1,1,1,0.330345869064,0.45,1,2
2,2,1,0.433588981628,0.45,1,2
3,3,1,0.358672857285,0.45,1,2
2,2,1,0.410984039307,0.45,1,2
1,1,1,0.343237876892,0.45,1,2
0,0,1,0.423699140549,0.45,1,2
2,2,1,0.35344004631,0.45,1,2
0,0,1,0.430989027023,0.45,1,2
1,1,1,0.46678185463,0.45,-1,2
2,2,1,0.357534885406,0.45,1,2
3,3,1,0.288514852524,0.45,1,2
0,0,1,0.364620923996,0.45,1,2
3,2,0,0.416382074356,0.45,-2,2
1,1,1,0.378545045853,0.45,1,2
3,3,1,0.445357084274,0.45,1,2
2,2,1,0.487818002701,0.45,-1,2
1,1,1,0.388010025024,0.45,1,2
0,0,1,0.383871078491,0.45,1,2
2,2,1,0.421133041382,0.45,1,2
0,0,1,0.462377071381,0.45,-1,2
1,1,1,0.54684305191,0.45,-1,2
2,2,1,0.387589931488,0.45,1,2
3,3,1,0.334855079651,0.45,1,2
1,1,1,0.483916044235,0.45,-1,2
3,3,1,0.485873937607,0.45,-1,2
0,0,1,0.432811975479,0.45,1,2
3,3,1,0.372881174088,0.45,1,2
0,0,1,0.368899106979,0.45,1,2
1,1,1,0.529978990555,0.45,-1,2
2,-1,0,0.7,0.45,-2,2
0,0,1,0.475385904312,0.45,-1,2
2,2,1,0.508546113968,0.45,-1,2
1,0,0,0.469964027405,0.45,-2,2
3,3,1,0.434970140457,0.45,1,2
1,1,1,0.367897987366,0.45,1,2
0,0,1,0.410151958466,0.45,1,2
3,3,1,0.469032049179,0.45,-1,2
2,2,1,0.464948177338,0.45,-1,2
3,3,1,0.499393939972,0.45,-1,2
2,2,1,0.577815055847,0.45,-1,2
0,0,1,0.507871866226,0.45,-1,2
1,1,1,0.51624083519,0.45,-1,2
0,0,1,0.4878718853,0.45,-1,2
2,2,1,0.469999074936,0.45,-1,2
1,1,1,0.510684013367,0.45,-1,2
2,2,1,0.443286895752,0.45,1,2
3,3,1,0.397226810455,0.45,1,2
1,1,1,0.305209159851,0.45,1,2
3,3,1,0.434176921844,0.45,1,2
0,0,1,0.392482995987,0.45,1,2
3,3,1,0.569798946381,0.45,-1,2
0,0,1,0.525068044662,0.45,-1,2
2,2,1,0.467026948929,0.45,-1,2
1,1,1,0.438243150711,0.45,1,2
2,2,1,0.463333845139,0.45,-1,2
0,0,1,0.362859964371,0.45,1,2
1,1,1,0.454856157303,0.45,-1,2
0,0,1,0.480632066727,0.45,-1,2
3,3,1,0.494009971619,0.45,-1,2
2,2,1,0.434349060059,0.45,1,2
3,3,1,0.48465013504,0.45,-1,2
1,1,1,0.480289936066,0.45,-1,2
3,3,1,0.387235879898,0.45,1,2
2,1,0,0.310801029205,0.45,-2,2
0,-1,0,0.7,0.45,-2,2
1,0,0,0.053288936615,0.45,-2,2
2,2,1,0.336431026459,0.45,1,2
1,0,0,0.443876981735,0.45,-2,2
0,0,1,0.676911115646,0.45,-1,2
2,2,1,0.515033960342,0.45,-1,2
3,3,1,0.660139083862,0.45,-1,2
0,0,1,0.447824001312,0.45,1,2
3,3,1,0.47400021553,0.45,-1,2
1,1,1,0.62025809288,0.45,-1,2
3,3,1,0.568680047989,0.45,-1,2
2,2,1,0.595647096634,0.45,-1,2
0,1,0,0.44002199173,0.45,-2,2
1,1,1,0.514464139938,0.45,-1,2
2,2,1,0.364129066467,0.45,1,2
1,1,1,0.346724033356,0.45,1,2
0,0,1,0.420662879944,0.45,1,2
3,3,1,0.374925136566,0.45,1,2
1,1,1,0.572833061218,0.45,-1,2
3,3,1,0.500518083572,0.45,-1,2
0,0,1,0.408721923828,0.45,1,2
2,2,1,0.373367786407,0.45,1,2
3,3,1,0.513911962509,0.45,-1,2
0,0,1,0.377401828766,0.45,1,2
2,2,1,0.413915157318,0.45,1,2
1,1,1,0.488379001617,0.45,-1,2
2,2,1,0.414498806,0.45,1,2
0,0,1,0.538441896439,0.45,-1,2
1,1,1,0.525943994522,0.45,-1,2
3,3,1,0.510288953781,0.45,-1,2
1,1,1,0.322073221207,0.45,1,2
0,0,1,0.645884990692,0.45,-1,2
3,3,1,0.464220046997,0.45,-1,2
2,2,1,0.482372045517,0.45,-1,2
3,3,1,0.455383062363,0.45,-1,2
2,2,1,0.482930898666,0.45,-1,2
0,0,1,0.477725028992,0.45,-1,2
1,1,1,0.40376496315,0.45,1,2
0,0,1,0.434996128082,0.45,1,2
2,2,1,0.377867937088,0.45,1,2
1,1,1,0.611814022064,0.45,-1,2
3,3,1,0.454504013062,0.45,-1,2
1,1,1,0.395884037018,0.45,1,2
2,2,1,0.347016096115,0.45,1,2
3,3,1,0.433374881744,0.45,1,2
0,0,1,0.413047790527,0.45,1,2
3,3,1,0.536651134491,0.45,-1,2
0,0,1,0.499457120895,0.45,-1,2
1,1,1,0.573476076126,0.45,-1,2
2,2,1,0.41675901413,0.45,1,2
1,1,1,0.467725992203,0.45,-1,2
0,0,1,0.488091945648,0.45,-1,2
2,2,1,0.456681013107,0.45,-1,2
0,0,1,0.444061040878,0.45,1,2
3,3,1,0.370380878448,0.45,1,2
1,1,1,0.251961946487,0.45,1,2
3,2,0,0.344407081604,0.45,-2,2
2,1,0,0.380264997482,0.45,-2,2
3,-1,0,0.7,0.45,-2,2
1,3,0,0.0261969566345,0.45,-2,2
2,2,1,0.470581054688,0.45,-1,2
0,0,1,0.511361837387,0.45,-1,2
2,3,0,0.329731941223,0.45,-2,2
1,1,1,0.463608980179,0.45,-1,2
0,0,1,0.521461009979,0.45,-1,2
3,3,1,0.446413040161,0.45,1,2
2,2,1,0.649827003479,0.45,-1,2
3,3,1,0.573236942291,0.45,-1,2
0,0,1,0.468679904938,0.45,-1,2
1,1,1,0.585889101028,0.45,-1,2
3,3,1,0.381479024887,0.45,1,2
1,1,1,0.517963886261,0.45,-1,2
2,2,1,0.363737106323,0.45,1,2
0,0,1,0.376672029495,0.45,1,2
1,1,1,0.410099029541,0.45,1,2
0,0,1,0.588735818863,0.45,-1,2
2,2,1,0.438692092896,0.45,1,2
1,1,1,0.413568973541,0.45,1,2
3,3,1,0.448282957077,0.45,1,2
0,1,0,0.395778894424,0.45,-2,2
3,2,0,0.50746512413,0.45,-2,2
2,2,1,0.471987009048,0.45,-1,2
3,3,1,0.556361913681,0.45,-1,2
0,0,1,0.430384874344,0.45,1,2
2,2,1,0.344865083694,0.45,1,2
1,1,1,0.342010974884,0.45,1,2
2,3,0,0.328379154205,0.45,-2,2
0,1,0,0.402500152588,0.45,-2,2
1,1,1,0.36882185936,0.45,1,2
0,0,1,0.553760051727,0.45,-1,2
3,2,0,0.479146957397,0.45,-2,2
1,-1,0,0.7,0.45,-2,2
3,1,0,0.00594210624695,0.45,-2,2
2,2,1,0.478801012039,0.45,-1,2
3,3,1,0.483323097229,0.45,-1,2
1,1,1,0.38790512085,0.45,1,2
0,0,1,0.536930084229,0.45,-1,2
2,2,1,0.40415096283,0.45,1,2
1,1,1,0.389512062073,0.45,1,2
2,2,1,0.474530935287,0.45,-1,2
0,1,0,0.463315010071,0.45,-2,2
1,1,1,0.570326805115,0.45,-1,2
3,3,1,0.50143289566,0.45,-1,2
2,2,1,0.534162998199,0.45,-1,2
3,3,1,0.48414182663,0.45,-1,2
0,0,1,0.558329105377,0.45,-1,2
3,3,1,0.492453098297,0.45,-1,2
1,1,1,0.365380048752,0.45,1,2
0,0,1,0.456659078598,0.45,-1,2
2,1,0,0.498063087463,0.45,-2,2
0,1,0,0.453961849213,0.45,-2,2
1,1,1,0.538503885269,0.45,-1,2
2,2,1,0.406128883362,0.45,1,2
3,3,1,0.450644016266,0.45,-1,2
2,2,1,0.491605043411,0.45,-1,2
1,1,1,0.430975914001,0.45,1,2
3,3,1,0.427404880524,0.45,1,2
0,0,1,0.38760304451,0.45,1,2
3,2,0,0.376447916031,0.45,-2,2
1,1,1,0.467031002045,0.45,-1,2
2,2,1,0.401203155518,0.45,1,2
0,0,1,0.314228057861,0.45,1,2
2,1,0,0.45471906662,0.45,-2,2
1,1,1,0.411175012589,0.45,1,2
0,0,1,0.459712982178,0.45,-1,2
3,-1,0,0.7,0.45,-2,2
2,3,0,0.0334208011627,0.45,-2,2
3,3,1,0.438410043716,0.45,1,2
0,0,1,0.450747013092,0.45,-1,2
1,1,1,0.589450836182,0.45,-1,2
3,3,1,0.504800081253,0.45,-1,2
2,2,1,0.46063709259,0.45,-1,2
1,1,1,0.357336997986,0.45,1,2
0,0,1,0.343822002411,0.45,1,2
2,2,1,0.406878232956,0.45,1,2
0,0,1,0.426013946533,0.45,1,2
1,1,1,0.467748165131,0.45,-1,2
2,2,1,0.518711090088,0.45,-1,2
3,3,1,0.338798999786,0.45,1,2
1,1,1,0.5426030159,0.45,-1,2
3,3,1,0.47371006012,0.45,-1,2
0,0,1,0.421061992645,0.45,1,2
3,3,1,0.464205026627,0.45,-1,2
0,0,1,0.561455965042,0.45,-1,3
2,2,1,0.360886096954,0.45,1,3
3,3,1,0.363797903061,0.45,1,3
1,1,1,0.3818359375,0.45,1,3
3,3,1,0.483424901962,0.45,-1,3
2,2,1,0.46980214119,0.45,-1,3
1,1,1,0.321244001389,0.45,1,3
2,2,1,0.349560022354,0.45,1,3
0,0,1,0.359000205994,0.45,1,3
1,1,1,0.466885089874,0.45,-1,3
0,0,1,0.519207000732,0.45,-1,3
3,3,1,0.475588083267,0.45,-1,3
0,0,1,0.418593883514,0.45,1,3
3,3,1,0.414529800415,0.45,1,3
2,2,1,0.435035943985,0.45,1,3
1,1,1,0.341989040375,0.45,1,3
2,2,1,0.416753053665,0.45,1,3
3,3,1,0.437207937241,0.45,1,3
1,1,1,0.333594083786,0.45,1,3
0,0,1,0.493119001389,0.45,-1,3
2,1,0,0.384294986725,0.45,-2,3
0,0,1,0.428438901901,0.45,1,3
1,0,0,0.359465837479,0.45,-2,3
3,-1,0,0.7,0.45,-2,3
0,0,1,0.554939031601,0.45,-1,3
1,1,1,0.44099187851,0.45,1,3
2,2,1,0.352623939514,0.45,1,3
3,3,1,0.375498056412,0.45,1,3
1,1,1,0.582947969437,0.45,-1,3
3,3,1,0.460498094559,0.45,-1,3
2,-1,0,0.7,0.45,-2,3
1,2,0,0.0831310749054,0.45,-2,3
0,0,1,0.292597770691,0.45,1,3
3,3,1,0.295272827148,0.45,1,3
0,0,1,0.404186010361,0.45,1,3
2,2,1,0.326951026917,0.45,1,3
0,0,1,0.450371980667,0.45,-1,3
2,2,1,0.376003026962,0.45,1,3
1,1,1,0.314241170883,0.45,1,3
3,3,1,0.324907064438,0.45,1,3
1,1,1,0.303701877594,0.45,1,3
2,2,1,0.457180023193,0.45,-1,3
3,3,1,0.511467218399,0.45,-1,3
0,0,1,0.497418880463,0.45,-1,3
3,3,1,0.434873104095,0.45,1,3
2,2,1,0.536318063736,0.45,-1,3
0,0,1,0.485220193863,0.45,-1,3
1,1,1,0.45617389679,0.45,-1,3
0,0,1,0.612234115601,0.45,-1,3
3,3,1,0.452564001083,0.45,-1,3
2,2,1,0.600256919861,0.45,-1,3
1,1,1,0.341062068939,0.45,1,3
2,3,0,0.382270097733,0.45,-2,3
3,3,1,0.441351890564,0.45,1,3
1,2,0,0.527801990509,0.45,-2,3
3,-1,0,0.7,0.45,-2,3
0,3,0,0.197614908218,0.45,-2,3
2,2,1,0.43005490303,0.45,1,3
0,0,1,0.369379043579,0.45,1,3
1,1,1,0.380033969879,0.45,1,3
0,0,1,0.538707971573,0.45,-1,3
1,2,0,0.402266979218,0.45,-2,3
2,2,1,0.375879049301,0.45,1,3
3,3,1,0.331205844879,0.45,1,3
1,1,1,0.438952207565,0.45,1,3
3,3,1,0.475088834763,0.45,-1,3
2,2,1,0.445660114288,0.45,1,3
1,1,1,0.336208105087,0.45,1,3
0,0,1,0.330256938934,0.45,1,3
2,2,1,0.342288970947,0.45,1,3
0,0,1,0.409731864929,0.45,1,3
3,3,1,0.445963144302,0.45,1,3
0,0,1,0.45577788353,0.45,-1,3
1,2,0,0.421403169632,0.45,-2,3
2,2,1,0.359353065491,0.45,1,3
3,3,1,0.353213071823,0.45,1,3
2,2,1,0.499206066132,0.45,-1,3
1,1,1,0.362641096115,0.45,1,3
3,3,1,0.385921001434,0.45,1,3
0,0,1,0.453280925751,0.45,-1,3
2,2,1,0.388218164444,0.45,1,3
0,0,1,0.527276992798,0.45,-1,3
3,3,1,0.449381828308,0.45,1,3
1,1,1,0.578898906708,0.45,-1,3
0,0,1,0.495500087738,0.45,-1,3
3,3,1,0.63202381134,0.45,-1,3
1,1,1,0.52466583252,0.45,-1,3
2,2,1,0.375470161438,0.45,1,3
1,0,0,0.356611967087,0.45,-2,3
3,3,1,0.366909980774,0.45,1,3
2,1,0,0.266710042953,0.45,-2,3
0,1,0,0.333474159241,0.45,-2,3
1,1,1,0.649617910385,0.45,-1,3
0,0,1,0.49848985672,0.45,-1,3
2,2,1,0.48126912117,0.45,-1,3
3,3,1,0.320969820023,0.45,1,3
0,0,1,0.301918029785,0.45,1,3
3,-1,0,0.7,0.45,-2,3
2,3,0,0.0592918395996,0.45,-2,3
1,1,1,0.401798963547,0.45,1,3
3,3,1,0.353778123856,0.45,1,3
1,1,1,0.382328033447,0.45,1,3
2,2,1,0.321707963943,0.45,1,3
0,0,1,0.349963903427,0.45,1,3
1,2,0,0.320470094681,0.45,-2,3
0,1,0,0.475607872009,0.45,-2,3
2,2,1,0.423750162125,0.45,1,3
3,3,1,0.411877155304,0.45,1,3
0,0,1,0.228572130203,0.45,1,3
1,1,1,0.457010030746,0.45,-1,3
3,2,0,0.356086969376,0.45,-2,3
2,2,1,0.519051074982,0.45,-1,3
1,1,1,0.348609924316,0.45,1,3
2,2,1,0.542835950851,0.45,-1,3
3,3,1,0.463724851608,0.45,-1,3
1,1,1,0.371123075485,0.45,1,3
0,0,1,0.42481303215,0.45,1,3
3,3,1,0.337990045547,0.45,1,3
0,0,1,0.583055019379,0.45,-1,3
2,2,1,0.433466911316,0.45,1,3
0,0,1,0.397212028503,0.45,1,3
3,3,1,0.432599067688,0.45,1,3
1,1,1,0.315681934357,0.45,1,3
2,2,1,0.374423027039,0.45,1,3
3,3,1,0.347083091736,0.45,1,3
2,-1,0,0.7,0.45,-2,3
1,1,1,0.472584009171,0.45,-1,3
0,0,1,0.371900081635,0.45,1,3
2,2,1,0.452777862549,0.45,-1,3
0,0,1,0.433449983597,0.45,1,3
1,0,0,0.381077051163,0.45,-2,3
3,2,0,0.361163139343,0.45,-2,3
0,2,0,0.290030956268,0.45,-2,3
2,2,1,0.463568925858,0.45,-1,3
1,1,1,0.362702131271,0.45,1,3
3,3,1,0.407917022705,0.45,1,3
1,1,1,0.395042896271,0.45,1,3
2,2,1,0.364469051361,0.45,1,3
3,3,1,0.343584775925,0.45,1,3
0,0,1,0.404160022736,0.45,1,3
1,1,1,0.485495090485,0.45,-1,3
0,-1,0,0.7,0.45,-2,3
3,0,0,0.021152973175,0.45,-2,3
2,2,1,0.470928907394,0.45,-1,3
0,0,1,0.404165029526,0.45,1,3
2,2,1,0.340816020966,0.45,1,3
3,3,1,0.313292980194,0.45,1,3
1,1,1,0.350084066391,0.45,1,3
2,2,1,0.518967151642,0.45,-1,3
1,1,1,0.426599025726,0.45,1,3
3,3,1,0.383790969849,0.45,1,3
0,0,1,0.360419034958,0.45,1,3
3,3,1,0.501554965973,0.45,-1,3
2,1,0,0.455252885818,0.45,-2,3
0,1,0,0.475952863693,0.45,-2,3
1,1,1,0.456858158112,0.45,-1,3
0,0,1,0.515018939972,0.45,-1,3
1,1,1,0.452167034149,0.45,-1,3
3,-1,0,0.7,0.45,-2,3
2,3,0,0.0301120281219,0.45,-2,3
3,-1,0,0.7,0.45,-2,3
1,1,1,0.290224075317,0.45,1,3
2,2,1,0.326030015945,0.45,1,3
0,0,1,0.393936157227,0.45,1,3
2,2,1,0.298712015152,0.45,1,3
1,1,1,0.312397956848,0.45,1,3
0,0,1,0.480049133301,0.45,-1,3
3,3,1,0.414201021194,0.45,1,3
0,0,1,0.423359870911,0.45,1,3
3,2,0,0.346230983734,0.45,-2,3
1,0,0,0.312196969986,0.45,-2,3
2,2,1,0.322520017624,0.45,1,3
1,1,1,0.301815032959,0.45,1,3
3,3,1,0.256232023239,0.45,1,3
2,2,1,0.426950216293,0.45,1,3
3,3,1,0.543487071991,0.45,-1,3
0,0,1,0.380228996277,0.45,1,3
1,2,0,0.40785908699,0.45,-2,3
0,-1,0,0.7,0.45,-2,3
2,2,1,0.659942865372,0.45,-1,3
0,-1,0,0.7,0.45,-2,3
2,3,0,0.394774913788,0.45,-2,3
1,0,0,0.358326911926,0.45,-2,3
3,3,1,0.480245113373,0.45,-1,3
1,1,1,0.32727599144,0.45,1,3
2,2,1,0.30650806427,0.45,1,3
3,3,1,0.397765159607,0.45,1,3
2,2,1,0.377060890198,0.45,1,3
0,0,1,0.377437114716,0.45,1,3
3,3,1,0.455375909805,0.45,-1,3
0,0,1,0.327754020691,0.45,1,3
1,2,0,0.397691011429,0.45,-2,3
0,-1,0,0.7,0.45,-2,3
2,2,1,0.467496871948,0.45,-1,3
3,3,1,0.587948083878,0.45,-1,3
1,1,1,0.53036403656,0.45,-1,3
2,-1,0,0.7,0.45,-2,3
1,-1,0,0.7,0.45,-2,3
3,3,1,0.667119026184,0.45,-1,3
0,0,1,0.596160888672,0.45,-1,3
1,1,1,0.515540122986,0.45,-1,3
0,0,1,0.486680030823,0.45,-1,3
3,3,1,0.569473981857,0.45,-1,3
2,-1,0,0.7,0.45,-2,3
0,0,1,0.413362026215,0.45,1,3
3,1,0,0.418710947037,0.45,-2,3
2,2,1,0.572224140167,0.45,-1,3
1,1,1,0.410275936127,0.45,1,3
2,2,1,0.394217014313,0.45,1,3
3,3,1,0.285260915756,0.45,1,3
1,1,1,0.384418010712,0.45,1,3
3,3,1,0.44379401207,0.45,1,3
0,1,0,0.374902009964,0.45,-2,3
1,1,1,0.381582975388,0.45,1,3
0,0,1,0.476314067841,0.45,-1,3
2,1,0,0.296815156937,0.45,-2,3
0,0,1,0.382730007172,0.45,1,3
0,0,1,0.425621032715,0.45,1,4
2,1,0,0.307914018631,0.45,-2,4
1,1,1,0.285875082016,0.45,1,4
3,3,1,0.331130027771,0.45,1,4
1,1,1,0.293300867081,0.45,1,4
2,2,1,0.288369178772,0.45,1,4
3,3,1,0.277638196945,0.45,1,4
0,0,1,0.359383106232,0.45,1,4
3,2,0,0.434653043747,0.45,-2,4
2,2,1,0.374029874802,0.45,1,4
0,0,1,0.368972063065,0.45,1,4
1,1,1,0.362231016159,0.45,1,4
0,0,1,0.477432012558,0.45,-1,4
2,2,1,0.332001924515,0.45,1,4
3,3,1,0.316051959991,0.45,1,4
1,0,0,0.318548202515,0.45,-2,4
2,2,1,0.381234884262,0.45,1,4
1,1,1,0.27862405777,0.45,1,4
3,3,1,0.321352005005,0.45,1,4
2,2,1,0.431328058243,0.45,1,4
0,0,1,0.415520906448,0.45,1,4
1,1,1,0.394762992859,0.45,1,4
0,0,1,0.527134180069,0.45,-1,4
3,2,0,0.433467149734,0.45,-2,4
0,0,1,0.440129041672,0.45,1,4
3,2,0,0.353286027908,0.45,-2,4
1,2,0,0.445033788681,0.45,-2,4
2,2,1,0.416201114655,0.45,1,4
3,3,1,0.401571035385,0.45,1,4
2,2,1,0.565961122513,0.45,-1,4
1,1,1,0.600801944733,0.45,-1,4
3,3,1,0.388087034225,0.45,1,4
0,0,1,0.415613889694,0.45,1,4
2,-1,0,0.7,0.45,-2,4
0,2,0,0.12851691246,0.45,-2,4
1,1,1,0.400840997696,0.45,1,4
0,-1,0,0.7,0.45,-2,4
1,0,0,0.0712509155273,0.45,-2,4
3,2,0,0.315272092819,0.45,-2,4
2,2,1,0.492681026459,0.45,-1,4
1,1,1,0.344089031219,0.45,1,4
2,2,1,0.38005900383,0.45,1,4
3,3,1,0.318826913834,0.45,1,4
1,1,1,0.290822029114,0.45,1,4
0,0,1,0.397789001465,0.45,1,4
3,3,1,0.380406856537,0.45,1,4
0,0,1,0.47670006752,0.45,-1,4
2,2,1,0.363426923752,0.45,1,4
0,0,1,0.382523059845,0.45,1,4
3,3,1,0.293281078339,0.45,1,4
2,2,1,0.498330116272,0.45,-1,4
1,1,1,0.341066122055,0.45,1,4
3,3,1,0.306684970856,0.45,1,4
1,1,1,0.418999195099,0.45,1,4
2,2,1,0.503834009171,0.45,-1,4
0,0,1,0.497574090958,0.45,-1,4
1,1,1,0.46995806694,0.45,-1,4
0,0,1,0.538576841354,0.45,-1,4
2,2,1,0.394411087036,0.45,1,4
3,3,1,0.272053956985,0.45,1,4
0,1,0,0.361829042435,0.45,-2,4
3,2,0,0.493085861206,0.45,-2,4
1,1,1,0.481206893921,0.45,-1,4
2,2,1,0.356916904449,0.45,1,4
1,1,1,0.486287117004,0.45,-1,4
3,3,1,0.443922042847,0.45,1,4
2,2,1,0.390929937363,0.45,1,4
0,0,1,0.336004018784,0.45,1,4
2,2,1,0.523311138153,0.45,-1,4
3,3,1,0.473983049393,0.45,-1,4
0,0,1,0.411993026733,0.45,1,4
1,1,1,0.472329139709,0.45,-1,4
0,0,1,0.467725992203,0.45,-1,4
3,2,0,0.430116891861,0.45,-2,4
2,2,1,0.330533981323,0.45,1,4
1,1,1,0.443985939026,0.45,1,4
3,3,1,0.406276941299,0.45,1,4
1,1,1,0.330965042114,0.45,1,4
2,2,1,0.347892999649,0.45,1,4
3,3,1,0.418632984161,0.45,1,4
0,0,1,0.346970081329,0.45,1,4
2,2,1,0.320464134216,0.45,1,4
0,0,1,0.513058900833,0.45,-1,4
1,1,1,0.588958024979,0.45,-1,4
0,-1,0,0.7,0.45,-2,4
3,0,0,0.106281995773,0.45,-2,4
2,2,1,0.542510032654,0.45,-1,4
1,1,1,0.387979030609,0.45,1,4
2,2,1,0.343261003494,0.45,1,4
3,3,1,0.360256195068,0.45,1,4
1,1,1,0.476821899414,0.45,-1,4
0,0,1,0.456211090088,0.45,-1,4
1,1,1,0.556071043015,0.45,-1,4
3,3,1,0.589262962341,0.45,-1,4
0,0,1,0.48299407959,0.45,-1,4
2,2,1,0.390960216522,0.45,1,4
0,0,1,0.336730957031,0.45,1,4
1,1,1,0.466835975647,0.45,-1,4
2,2,1,0.377140045166,0.45,1,4
3,3,1,0.268042087555,0.45,1,4
2,0,0,0.222896099091,0.45,-2,4
1,0,0,0.257835149765,0.45,-2,4
3,2,0,0.316802978516,0.45,-2,4
0,0,1,0.502978086472,0.45,-1,4
3,3,1,0.514585018158,0.45,-1,4
1,1,1,0.414083957672,0.45,1,4
0,0,1,0.657866001129,0.45,-1,4
2,2,1,0.371819019318,0.45,1,4
0,0,1,0.357866048813,0.45,1,4
1,1,1,0.394327878952,0.45,1,4
3,2,0,0.334024906158,0.45,-2,4
2,2,1,0.3000228405,0.45,1,4
3,3,1,0.403833150864,0.45,1,4
1,0,0,0.377223014832,0.45,-2,4
2,2,1,0.466920137405,0.45,-1,4
0,0,1,0.424216985703,0.45,1,4
3,3,1,0.432762145996,0.45,1,4
0,0,1,0.387271881104,0.45,1,4
2,2,1,0.288746833801,0.45,1,4
1,1,1,0.409691095352,0.45,1,4
0,0,1,0.463442087173,0.45,-1,4
1,1,1,0.647925853729,0.45,-1,4
2,2,1,0.391319990158,0.45,1,4
3,3,1,0.262161970139,0.45,1,4
1,0,0,0.29224896431,0.45,-2,4
3,-1,0,0.7,0.45,-2,4
2,-1,0,0.7,0.45,-2,4
1,-1,0,0.7,0.45,-2,4
0,0,1,0.0971789360046,0.45,1,4
3,1,0,0.338703155518,0.45,-2,4
0,1,0,0.398014068604,0.45,-2,4
2,1,0,0.378603935242,0.45,-2,4
0,0,1,0.419985055923,0.45,1,4
1,-1,0,0.7,0.45,-2,4
3,1,0,0.00540709495544,0.45,-2,4
2,2,1,0.520323991776,0.45,-1,4
3,3,1,0.500609874725,0.45,-1,4
1,1,1,0.412980079651,0.45,1,4
2,2,1,0.353435993195,0.45,1,4
1,3,0,0.235233068466,0.45,-2,4
0,0,1,0.519688129425,0.45,-1,4
2,2,1,0.443368911743,0.45,1,4
0,0,1,0.318928003311,0.45,1,4
3,3,1,0.29047703743,0.45,1,4
0,0,1,0.323130130768,0.45,1,4
3,3,1,0.503951072693,0.45,-1,4
1,1,1,0.396358966827,0.45,1,4
2,2,1,0.358700037003,0.45,1,4
3,3,1,0.31588602066,0.45,1,4
2,2,1,0.436398983002,0.45,1,4
1,1,1,0.360144138336,0.45,1,4
3,3,1,0.330433130264,0.45,1,4
0,0,1,0.312383174896,0.45,1,4
1,0,0,0.359652042389,0.45,-2,4
0,0,1,0.651990890503,0.45,-1,4
2,2,1,0.350977897644,0.45,1,4
0,1,0,0.349040985107,0.45,-2,4
3,1,0,0.296880960464,0.45,-2,4
2,1,0,0.473923921585,0.45,-2,4
1,1,1,0.308989048004,0.45,1,4
2,2,1,0.471096038818,0.45,-1,4
3,3,1,0.418659925461,0.45,1,4
1,1,1,0.392990112305,0.45,1,4
0,0,1,0.490529060364,0.45,-1,4
1,1,1,0.429833889008,0.45,1,4
3,3,1,0.272960186005,0.45,1,4
0,0,1,0.437447071075,0.45,1,4
2,2,1,0.357929944992,0.45,1,4
0,0,1,0.530477046967,0.45,-1,4
1,0,0,0.432146072388,0.45,-2,4
3,3,1,0.409458875656,0.45,1,4
2,2,1,0.502078056335,0.45,-1,4
1,1,1,0.343850135803,0.45,1,4
2,2,1,0.578137159348,0.45,-1,4
3,3,1,0.344089984894,0.45,1,4
0,0,1,0.353348970413,0.45,1,4
3,3,1,0.566838026047,0.45,-1,4
1,1,1,0.473684072495,0.45,-1,4
0,0,1,0.42140007019,0.45,1,4
2,2,1,0.399757862091,0.45,1,4
0,0,1,0.410414218903,0.45,1,4
1,2,0,0.355572938919,0.45,-2,4
3,2,0,0.361390113831,0.45,-2,4
2,2,1,0.491174936295,0.45,-1,4
3,3,1,0.446696043015,0.45,1,4
1,1,1,0.30534696579,0.45,1,4
2,2,1,0.429730892181,0.45,1,4
1,0,0,0.385406017303,0.45,-2,4
0,0,1,0.634531974792,0.45,-1,4
2,2,1,0.479844808578,0.45,-1,4
0,0,1,0.404886960983,0.45,1,4
3,3,1,0.414915800095,0.45,1,4
0,0,1,0.401365995407,0.45,1,4
2,2,1,0.324267148972,0.45,1,4
1,1,1,0.278211116791,0.45,1,4
3,2,0,0.313145875931,0.45,-2,4
1,2,0,0.342307090759,0.45,-2,4
2,2,1,0.671640872955,0.45,-1,4
3,3,1,0.438043832779,0.45,1,4
0,0,1,0.551916837692,0.45,-1,4
1,1,1,0.513279914856,0.45,-1,4
0,0,1,0.542239189148,0.45,-1,4
3,3,1,0.409233093262,0.45,1,4
2,2,1,0.419411182404,0.45,1,4
0,0,1,0.328884124756,0.45,1,4
1,2,0,0.372550010681,0.45,-2,4
2,2,1,0.335808992386,0.45,1,4
3,3,1,0.356271982193,0.45,1,4
2,2,1,0.469463825226,0.45,-1,4
1,1,1,0.369144916534,0.45,1,4
3,3,1,0.363542079926,0.45,1,4
1,1,1,0.344313144684,0.45,1,4
0,0,1,0.32928609848,0.45,1,4
3,3,1,0.333369970322,0.45,1,4
0,0,1,0.552852869034,0.45,-1,4
2,2,1,0.346763849258,0.45,1,4
0,0,1,0.349725961685,0.45,1,4
3,-1,0,0.7,0.45,-2,5
1,1,1,0.587141036987,0.45,-1,5
2,2,1,0.334598064423,0.45,1,5
0,0,1,0.40932393074,0.45,1,5
2,2,1,0.348951101303,0.45,1,5
1,1,1,0.281607866287,0.45,1,5
0,0,1,0.387871980667,0.45,1,5
1,0,0,0.436658859253,0.45,-2,5
3,2,0,0.466871976852,0.45,-2,5
0,0,1,0.414368867874,0.45,1,5
3,3,1,0.577376127243,0.45,-1,5
2,2,1,0.466188192368,0.45,-1,5
3,3,1,0.463389873505,0.45,-1,5
1,1,1,0.401972055435,0.45,1,5
2,1,0,0.315330982208,0.45,-2,5
0,1,0,0.297609090805,0.45,-2,5
1,1,1,0.564455986023,0.45,-1,5
0,0,1,0.51810503006,0.45,-1,5
2,2,1,0.409198999405,0.45,1,5
3,3,1,0.278630971909,0.45,1,5
0,0,1,0.313757896423,0.45,1,5
3,-1,0,0.7,0.45,-2,5
2,3,0,0.00105810165405,0.45,-2,5
1,0,0,0.400393009186,0.45,-2,5
3,3,1,0.470630168915,0.45,-1,5
2,2,1,0.410401105881,0.45,1,5
0,0,1,0.388673067093,0.45,1,5
1,1,1,0.446571826935,0.45,1,5
2,2,1,0.488759040833,0.45,-1,5
1,1,1,0.438271999359,0.45,1,5
0,0,1,0.488039970398,0.45,-1,5
3,3,1,0.474889993668,0.45,-1,5
0,0,1,0.383265018463,0.45,1,5
2,2,1,0.362508058548,0.45,1,5
3,3,1,0.437519073486,0.45,1,5
1,1,1,0.399296998978,0.45,1,5
3,3,1,0.37390422821,0.45,1,5
0,0,1,0.34477686882,0.45,1,5
2,2,1,0.346234083176,0.45,1,5
1,1,1,0.33554315567,0.45,1,5
2,1,0,0.514583826065,0.45,-2,5
0,0,1,0.562158107758,0.45,-1,5
1,2,0,0.455260038376,0.45,-2,5
3,3,1,0.532085180283,0.45,-1,5
1,1,1,0.359337806702,0.45,1,5
0,0,1,0.313256978989,0.45,1,5
3,3,1,0.447676897049,0.45,1,5
2,2,1,0.394762039185,0.45,1,5
3,3,1,0.461750030518,0.45,-1,5
1,1,1,0.453915119171,0.45,-1,5
2,2,1,0.616990089417,0.45,-1,5
0,0,1,0.495359182358,0.45,-1,5
1,1,1,0.450435876846,0.45,-1,5
0,0,1,0.491160154343,0.45,-1,5
2,2,1,0.389943122864,0.45,1,5
1,1,1,0.508049964905,0.45,-1,5
3,3,1,0.375359773636,0.45,1,5
0,0,1,0.37588596344,0.45,1,5
3,2,0,0.572371006012,0.45,-2,5
2,2,1,0.500985145569,0.45,-1,5
3,3,1,0.442893981934,0.45,1,5
2,2,1,0.447873830795,0.45,1,5
0,0,1,0.408174991608,0.45,1,5
1,1,1,0.395370006561,0.45,1,5
2,2,1,0.392503023148,0.45,1,5
1,0,0,0.388801813126,0.45,-2,5
0,0,1,0.396281957626,0.45,1,5
2,3,0,0.391999959946,0.45,-2,5
3,3,1,0.46844792366,0.45,-1,5
1,0,0,0.480370998383,0.45,-2,5
3,3,1,0.476413965225,0.45,-1,5
0,-1,0,0.7,0.45,-2,5
3,-1,0,0.7,0.45,-2,5
0,3,0,0.237715005875,0.45,-2,5
2,2,1,0.503628969193,0.45,-1,5
1,1,1,0.301150083542,0.45,1,5
2,2,1,0.360977888107,0.45,1,5
0,0,1,0.465590953827,0.45,-1,5
1,1,1,0.614809989929,0.45,-1,5
0,0,1,0.570023775101,0.45,-1,5
3,3,1,0.386449098587,0.45,1,5
1,1,1,0.524717092514,0.45,-1,5
3,3,1,0.592818021774,0.45,-1,5
2,2,1,0.588021039963,0.45,-1,5
3,3,1,0.480593919754,0.45,-1,5
1,1,1,0.549403905869,0.45,-1,5
0,0,1,0.431225061417,0.45,1,5
2,2,1,0.322984933853,0.45,1,5
1,1,1,0.319412946701,0.45,1,5
2,2,1,0.386554002762,0.45,1,5
0,0,1,0.4104180336,0.45,1,5
1,1,1,0.446794986725,0.45,1,5
3,3,1,0.443069934845,0.45,1,5
2,2,1,0.468466997147,0.45,-1,5
3,3,1,0.504797935486,0.45,-1,5
0,0,1,0.434551000595,0.45,1,5
3,3,1,0.432229042053,0.45,1,5
2,2,1,0.529515981674,0.45,-1,5
1,1,1,0.376384019852,0.45,1,5
0,0,1,0.409447908401,0.45,1,5
2,2,1,0.430977106094,0.45,1,5
0,0,1,0.407379865646,0.45,1,5
1,1,1,0.425899982452,0.45,1,5
2,1,0,0.366004228592,0.45,-2,5
3,3,1,0.353996038437,0.45,1,5
0,0,1,0.523417949677,0.45,-1,5
3,3,1,0.410043001175,0.45,1,5
1,1,1,0.357625961304,0.45,1,5
3,3,1,0.409106969833,0.45,1,5
2,2,1,0.4035820961,0.45,1,5
1,1,1,0.316693067551,0.45,1,5
0,0,1,0.295402050018,0.45,1,5
1,2,0,0.451094150543,0.45,-2,5
2,2,1,0.345317840576,0.45,1,5
0,1,0,0.371531009674,0.45,-2,5
3,3,1,0.59858083725,0.45,-1,5
0,0,1,0.480011940002,0.45,-1,5
2,2,1,0.350004911423,0.45,1,5
3,3,1,0.43036699295,0.45,1,5
1,1,1,0.320746183395,0.45,1,5
3,-1,0,0.7,0.45,-2,5
0,3,0,0.163414955139,0.45,-2,5
2,2,1,0.48548412323,0.45,-1,5
1,1,1,0.46414899826,0.45,-1,5
0,0,1,0.402949094772,0.45,1,5
1,-1,0,0.7,0.45,-2,5
2,2,1,0.401808977127,0.45,1,5
0,0,1,0.453665971756,0.45,-1,5
3,3,1,0.449026823044,0.45,1,5
2,2,1,0.506224870682,0.45,-1,5
3,3,1,0.55946803093,0.45,-1,5
1,1,1,0.440752983093,0.45,1,5
3,3,1,0.436132192612,0.45,1,5
0,0,1,0.56295800209,0.45,-1,5
2,2,1,0.476443052292,0.45,-1,5
1,1,1,0.464483976364,0.45,-1,5
0,0,1,0.468374967575,0.45,-1,5
1,1,1,0.540591001511,0.45,-1,5
2,2,1,0.456524133682,0.45,-1,5
0,0,1,0.445055007935,0.45,1,5
3,3,1,0.342658042908,0.45,1,5
2,2,1,0.449493169785,0.45,1,5
3,3,1,0.455686807632,0.45,-1,5
1,1,1,0.406785011292,0.45,1,5
3,3,1,0.355652093887,0.45,1,5
0,0,1,0.366864919662,0.45,1,5
2,1,0,0.499233007431,0.45,-2,5
1,1,1,0.431698083878,0.45,1,5
2,2,1,0.610080957413,0.45,-1,5
0,0,1,0.468907117844,0.45,-1,5
1,1,1,0.487092971802,0.45,-1,5
3,3,1,0.427737951279,0.45,1,5
2,2,1,0.48428606987,0.45,-1,5
3,3,1,0.475631952286,0.45,-1,5
1,1,1,0.395265817642,0.45,1,5
0,0,1,0.35884308815,0.45,1,5
3,3,1,0.411736011505,0.45,1,5
0,0,1,0.382840156555,0.45,1,5
1,2,0,0.38036608696,0.45,-2,5
2,2,1,0.364987134933,0.45,1,5
1,1,1,0.359853982925,0.45,1,5
0,0,1,0.435995101929,0.45,1,5
2,2,1,0.366986036301,0.45,1,5
3,3,1,0.41242313385,0.45,1,5
2,1,0,0.467703104019,0.45,-2,5
0,0,1,0.410269021988,0.45,1,5
3,3,1,0.395664930344,0.45,1,5
1,1,1,0.456300020218,0.45,-1,5
3,2,0,0.4121530056,0.45,-2,5
1,-1,0,0.7,0.45,-2,5
2,2,1,0.642812013626,0.45,-1,5
0,0,1,0.635522127151,0.45,-1,5
1,1,1,0.583557128906,0.45,-1,5
0,0,1,0.52018904686,0.45,-1,5
2,2,1,0.573323965073,0.45,-1,5
3,3,1,0.375365972519,0.45,1,5
2,2,1,0.403115034103,0.45,1,5
1,1,1,0.345760822296,0.45,1,5
3,3,1,0.4658639431,0.45,-1,5
0,0,1,0.439306974411,0.45,1,5
3,3,1,0.426200151443,0.45,1,5
1,1,1,0.58909702301,0.45,-1,5
0,0,1,0.617493867874,0.45,-1,5
2,-1,0,0.7,0.45,-2,5
0,2,0,0.0163509845734,0.45,-2,5
1,1,1,0.531559944153,0.45,-1,5
2,2,1,0.423069953918,0.45,1,5
1,1,1,0.489915132523,0.45,-1,5
3,3,1,0.444029092789,0.45,1,5
2,2,1,0.518943071365,0.45,-1,5
3,3,1,0.528437852859,0.45,-1,5
0,0,1,0.540997028351,0.45,-1,5
3,3,1,0.440129041672,0.45,1,5
1,-1,0,0.7,0.45,-2,5
0,1,0,0.0394349098206,0.45,-2,5
2,2,1,0.524300098419,0.45,-1,5
0,0,1,0.453907966614,0.45,-1,5
1,1,1,0.519340991974,0.45,-1,5
2,2,1,0.356823921204,0.45,1,5
1,1,1,0.480382919312,0.45,-1,5
3,3,1,0.476053953171,0.45,-1,5
0,0,1,0.423578977585,0.45,1,5
3,2,0,0.392848014832,0.45,-2,5
2,2,1,0.526719808578,0.45,-1,5
3,3,1,0.489516973495,0.45,-1,5
2,2,1,0.5056681633,0.45,-1,5
1,1,1,0.437569141388,0.45,1,5
0,0,1,0.395139932632,0.45,1,5
2,2,1,0.564577102661,0.45,-1,5
0,0,1,0.569081068039,0.45,-1,5
1,1,1,0.459040164948,0.45,-1,5
2,2,1,0.460301876068,0.45,-1,5
3,3,1,0.377331972122,0.45,1,5
0,0,1,0.436496973038,0.45,1,5
3,3,1,0.454651117325,0.45,-1,5
1,1,1,0.483988046646,0.45,-1,5
3,-1,0,0.7,0.45,-2,5
0,0,1,0.521433115005,0.45,-1,6
3,3,1,0.341641187668,0.45,1,6
1,2,0,0.303471088409,0.45,-2,6
2,2,1,0.298720121384,0.45,1,6
1,1,1,0.297571897507,0.45,1,6
3,2,0,0.322397947311,0.45,-2,6
2,2,1,0.63548207283,0.45,-1,6
3,3,1,0.44867682457,0.45,1,6
0,0,1,0.474754095078,0.45,-1,6
1,1,1,0.479186058044,0.45,-1,6
0,0,1,0.523468971252,0.45,-1,6
2,2,1,0.428665161133,0.45,1,6
0,0,1,0.395277023315,0.45,1,6
3,3,1,0.482986927032,0.45,-1,6
1,1,1,0.462094068527,0.45,-1,6
2,2,1,0.450911045074,0.45,-1,6
3,3,1,0.34893488884,0.45,1,6
2,2,1,0.339353084564,0.45,1,6
1,1,1,0.316807985306,0.45,1,6
0,0,1,0.493839979172,0.45,-1,6
2,2,1,0.360811948776,0.45,1,6
0,0,1,0.518364906311,0.45,-1,6
1,1,1,0.409765958786,0.45,1,6
3,3,1,0.447460889816,0.45,1,6
0,0,1,0.599171161652,0.45,-1,6
2,2,1,0.33975815773,0.45,1,6
1,1,1,0.36022901535,0.45,1,6
3,3,1,0.370399951935,0.45,1,6
1,1,1,0.42039513588,0.45,1,6
2,2,1,0.360109090805,0.45,1,6
3,3,1,0.300858974457,0.45,1,6
0,0,1,0.409021139145,0.45,1,6
1,1,1,0.396195888519,0.45,1,6
0,0,1,0.566231966019,0.45,-1,6
3,2,0,0.440508127213,0.45,-2,6
2,2,1,0.6541659832,0.45,-1,6
0,0,1,0.441201925278,0.45,1,6
2,2,1,0.432754039764,0.45,1,6
3,3,1,0.372021913528,0.45,1,6
1,1,1,0.329180955887,0.45,1,6
2,2,1,0.658411026001,0.45,-1,6
1,0,0,0.447160005569,0.45,-2,6
3,3,1,0.404260158539,0.45,1,6
0,0,1,0.447464942932,0.45,1,6
1,1,1,0.401940107346,0.45,1,6
0,0,1,0.47060585022,0.45,-1,6
3,2,0,0.398725986481,0.45,-2,6
2,1,0,0.418668985367,0.45,-2,6
0,0,1,0.388934135437,0.45,1,6
2,2,1,0.378059148788,0.45,1,6
3,3,1,0.380255937576,0.45,1,6
1,1,1,0.376042127609,0.45,1,6
2,2,1,0.428169965744,0.45,1,6
1,1,1,0.429055929184,0.45,1,6
3,3,1,0.466690063477,0.45,-1,6
0,0,1,0.467078924179,0.45,-1,6
3,2,0,0.415585041046,0.45,-2,6
2,2,1,0.525728225708,0.45,-1,6
0,0,1,0.412708997726,0.45,1,6
1,1,1,0.579684972763,0.45,-1,6
0,-1,0,0.7,0.45,-2,6
2,2,1,0.529901027679,0.45,-1,6
1,1,1,0.589213848114,0.45,-1,6
3,3,1,0.494106054306,0.45,-1,6
1,1,1,0.283213853836,0.45,1,6
2,2,1,0.317327022552,0.45,1,6
3,3,1,0.39301609993,0.45,1,6
2,2,1,0.39558506012,0.45,1,6
0,0,1,0.591733932495,0.45,-1,6
3,3,1,0.554957151413,0.45,-1,6
0,0,1,0.448377132416,0.45,1,6
1,0,0,0.600621938705,0.45,-2,6
0,0,1,0.515107870102,0.45,-1,6
3,3,1,0.463312864304,0.45,-1,6
1,1,1,0.370335102081,0.45,1,6
2,2,1,0.38210606575,0.45,1,6
1,1,1,0.434698104858,0.45,1,6
3,3,1,0.307584047318,0.45,1,6
2,2,1,0.537575960159,0.45,-1,6
0,0,1,0.493546009064,0.45,-1,6
2,2,1,0.501297950745,0.45,-1,6
3,3,1,0.36109995842,0.45,1,6
0,0,1,0.403421878815,0.45,1,6
1,1,1,0.511065006256,0.45,-1,6
0,0,1,0.55619096756,0.45,-1,6
3,3,1,0.480690956116,0.45,-1,6
2,2,1,0.451328039169,0.45,-1,6
1,1,1,0.406625986099,0.45,1,6
2,2,1,0.463785886765,0.45,-1,6
3,3,1,0.414381027222,0.45,1,6
1,1,1,0.352778911591,0.45,1,6
3,2,0,0.380910873413,0.45,-2,6
0,0,1,0.383543968201,0.45,1,6
2,1,0,0.391341924667,0.45,-2,6
0,0,1,0.397114038467,0.45,1,6
1,1,1,0.439090967178,0.45,1,6
0,0,1,0.515460968018,0.45,-1,6
1,-1,0,0.7,0.45,-2,6
2,1,0,0.0391910076141,0.45,-2,6
3,3,1,0.598621845245,0.45,-1,6
1,0,0,0.409230947495,0.45,-2,6
3,3,1,0.427056074142,0.45,1,6
2,1,0,0.40455198288,0.45,-2,6
0,1,0,0.552247047424,0.45,-2,6
2,2,1,0.523387908936,0.45,-1,6
1,1,1,0.487387895584,0.45,-1,6
0,0,1,0.339018106461,0.45,1,6
3,2,0,0.437499046326,0.45,-2,6
0,0,1,0.432757139206,0.45,1,6
3,3,1,0.563345193863,0.45,-1,6
2,2,1,0.503125905991,0.45,-1,6
1,1,1,0.330821037292,0.45,1,6
3,3,1,0.397032976151,0.45,1,6
1,-1,0,0.7,0.45,-2,6
2,3,0,0.47695183754,0.45,-2,6
3,3,1,0.425146102905,0.45,1,6
0,0,1,0.342449903488,0.45,1,6
1,1,1,0.361611843109,0.45,1,6
0,0,1,0.577539920807,0.45,-1,6
2,2,1,0.566904067993,0.45,-1,6
0,0,1,0.521442890167,0.45,-1,6
2,2,1,0.420993089676,0.45,1,6
1,1,1,0.438582181931,0.45,1,6
3,3,1,0.40042090416,0.45,1,6
1,1,1,0.575539112091,0.45,-1,6
2,2,1,0.455873966217,0.45,-1,6
3,3,1,0.418778181076,0.45,1,6
2,2,1,0.455998182297,0.45,-1,6
0,0,1,0.545443058014,0.45,-1,6
1,1,1,0.452405929565,0.45,-1,6
0,0,1,0.482553958893,0.45,-1,6
3,3,1,0.482787847519,0.45,-1,6
0,0,1,0.497027873993,0.45,-1,6
3,3,1,0.411241054535,0.45,1,6
1,1,1,0.423357009888,0.45,1,6
2,2,1,0.396186828613,0.45,1,6
3,3,1,0.37392282486,0.45,1,6
2,2,1,0.497760057449,0.45,-1,6
1,1,1,0.349122047424,0.45,1,6
0,0,1,0.393146038055,0.45,1,6
2,2,1,0.393997192383,0.45,1,6
0,0,1,0.39805316925,0.45,1,6
1,2,0,0.394759893417,0.45,-2,6
3,3,1,0.515691041946,0.45,-1,6
0,0,1,0.463405847549,0.45,-1,6
3,3,1,0.594743013382,0.45,-1,6
1,1,1,0.479384183884,0.45,-1,6
2,2,1,0.427062988281,0.45,1,6
1,0,0,0.397881984711,0.45,-2,6
3,3,1,0.525871992111,0.45,-1,6
2,2,1,0.617046833038,0.45,-1,6
3,3,1,0.599186897278,0.45,-1,6
0,0,1,0.529789924622,0.45,-1,6
2,2,1,0.389798164368,0.45,1,6
0,0,1,0.525868177414,0.45,-1,6
1,1,1,0.53900885582,0.45,-1,6
0,0,1,0.525912046432,0.45,-1,6
2,2,1,0.435313940048,0.45,1,6
1,1,1,0.427994012833,0.45,1,6
3,3,1,0.575042963028,0.45,-1,6
2,2,1,0.53130698204,0.45,-1,6
3,3,1,0.559085845947,0.45,-1,6
1,1,1,0.505131959915,0.45,-1,6
2,3,0,0.443613052368,0.45,-2,6
0,0,1,0.559304952621,0.45,-1,6
3,3,1,0.453285932541,0.45,-1,6
0,0,1,0.432844877243,0.45,1,6
1,1,1,0.560893058777,0.45,-1,6
0,0,1,0.517489910126,0.45,-1,6
2,2,1,0.536149024963,0.45,-1,6
1,1,1,0.465888023376,0.45,-1,6
3,2,0,0.468922138214,0.45,-2,6
1,1,1,0.324357032776,0.45,1,6
2,2,1,0.430691957474,0.45,1,6
3,3,1,0.418497085571,0.45,1,6
0,0,1,0.323148965836,0.45,1,6
3,3,1,0.350992918015,0.45,1,6
2,-1,0,0.7,0.45,-2,6
0,2,0,0.0621280670166,0.45,-2,6
1,2,0,0.408982038498,0.45,-2,6
0,1,0,0.523051977158,0.45,-2,6
1,-1,0,0.7,0.45,-2,6
2,2,1,0.427469015121,0.45,1,6
3,3,1,0.304610013962,0.45,1,6
1,1,1,0.32891201973,0.45,1,6
3,3,1,0.365965127945,0.45,1,6
2,2,1,0.367747068405,0.45,1,6
0,0,1,0.563699007034,0.45,-1,6
2,2,1,0.42245388031,0.45,1,6
1,0,0,0.384052991867,0.45,-2,6
0,0,1,0.484583854675,0.45,-1,6
3,3,1,0.527963876724,0.45,-1,6
0,0,1,0.381098985672,0.45,1,6
1,1,1,0.462761878967,0.45,-1,6
3,3,1,0.458076000214,0.45,-1,6
2,-1,0,0.7,0.45,-2,6
3,2,0,0.246850013733,0.45,-2,6
1,0,0,0.355852842331,0.45,-2,6
2,2,1,0.383939981461,0.45,1,6
1,0,0,0.425326108932,0.45,-2,6
0,0,1,0.469655990601,0.45,-1,6
3,3,1,0.535352945328,0.45,-1,6
0,0,1,0.452299833298,0.45,-1,6
2,2,1,0.566266059875,0.45,-1,6
0,0,1,0.468676805496,0.45,-1,6
3,3,1,0.424266815186,0.45,1,6
2,2,1,0.512121915817,0.45,-1,6
1,1,1,0.411166191101,0.45,1,6
2,2,1,0.441775083542,0.45,1,6
3,3,1,0.429042816162,0.45,1,6
1,1,1,0.422011137009,0.45,1,6
3,3,1,0.3538210392,0.45,1,6
0,0,1,0.356562137604,0.45,1,6
2,2,1,0.31408905983,0.45,1,6
0,0,1,0.459352016449,0.45,-1,6
1,1,1,0.454884052277,0.45,-1,6
0,0,1,0.465356111526,0.45,-1,6
3,3,1,0.591485023499,0.45,-1,7
1,1,1,0.38779592514,0.45,1,7
2,2,1,0.276323080063,0.45,1,7
0,0,1,0.375343799591,0.45,1,7
2,2,1,0.293458938599,0.45,1,7
1,1,1,0.256034851074,0.45,1,7
0,1,0,0.241809844971,0.45,-2,7
1,1,1,0.55735707283,0.45,-1,7
3,3,1,0.424489974976,0.45,1,7
0,0,1,0.404844045639,0.45,1,7
3,2,0,0.392570018768,0.45,-2,7
2,2,1,0.456569910049,0.45,-1,7
3,3,1,0.435502052307,0.45,1,7
1,1,1,0.337625980377,0.45,1,7
0,0,1,0.409660100937,0.45,1,7
2,2,1,0.375212907791,0.45,1,7
1,1,1,0.372052192688,0.45,1,7
2,2,1,0.371731042862,0.45,1,7
0,0,1,0.408964157104,0.45,1,7
1,1,1,0.371198177338,0.45,1,7
3,3,1,0.382344007492,0.45,1,7
0,0,1,0.360620975494,0.45,1,7
3,2,0,0.423943996429,0.45,-2,7
2,2,1,0.450695991516,0.45,-1,7
3,3,1,0.413390159607,0.45,1,7
1,1,1,0.319636106491,0.45,1,7
0,0,1,0.325103998184,0.45,1,7
2,2,1,0.679769992828,0.45,-1,7
1,1,1,0.433902025223,0.45,1,7
2,2,1,0.43567609787,0.45,1,7
0,0,1,0.480512857437,0.45,-1,7
1,1,1,0.474692106247,0.45,-1,7
3,2,0,0.445472955704,0.45,-2,7
0,0,1,0.450538158417,0.45,-1,7
3,3,1,0.6548371315,0.45,-1,7
2,2,1,0.486196041107,0.45,-1,7
3,3,1,0.435127019882,0.45,1,7
1,1,1,0.397905111313,0.45,1,7
2,2,1,0.370522022247,0.45,1,7
0,0,1,0.398681163788,0.45,1,7
1,1,1,0.431038141251,0.45,1,7
0,0,1,0.500743865967,0.45,-1,7
2,2,1,0.511972904205,0.45,-1,7
1,1,1,0.410582065582,0.45,1,7
3,3,1,0.406177043915,0.45,1,7
0,0,1,0.351714134216,0.45,1,7
3,3,1,0.598103046417,0.45,-1,7
2,2,1,0.480826854706,0.45,-1,7
3,3,1,0.420227050781,0.45,1,7
0,0,1,0.36430978775,0.45,1,7
1,1,1,0.418689966202,0.45,1,7
2,2,1,0.446469068527,0.45,1,7
0,0,1,0.456083774567,0.45,-1,7
2,2,1,0.419283151627,0.45,1,7
1,1,1,0.556792974472,0.45,-1,7
0,0,1,0.498411178589,0.45,-1,7
3,3,1,0.413887023926,0.45,1,7
1,1,1,0.375417947769,0.45,1,7
3,3,1,0.338176012039,0.45,1,7
2,2,1,0.590510845184,0.45,-1,7
3,3,1,0.427927017212,0.45,1,7
2,2,1,0.470592021942,0.45,-1,7
1,1,1,0.440014123917,0.45,1,7
0,0,1,0.365192890167,0.45,1,7
2,2,1,0.399616956711,0.45,1,7
0,0,1,0.536044120789,0.45,-1,7
1,1,1,0.421278953552,0.45,1,7
2,2,1,0.351530075073,0.45,1,7
3,3,1,0.290863037109,0.45,1,7
1,1,1,0.345064878464,0.45,1,7
3,3,1,0.345855951309,0.45,1,7
0,0,1,0.358606815338,0.45,1,7
3,3,1,0.400640964508,0.45,1,7
0,0,1,0.348004102707,0.45,1,7
2,2,1,0.340979099274,0.45,1,7
1,1,1,0.345788002014,0.45,1,7
2,-1,0,0.7,0.45,-2,7
0,0,1,0.433547973633,0.45,1,7
1,1,1,0.501940011978,0.45,-1,7
3,3,1,0.46310377121,0.45,-1,7
1,1,1,0.336374044418,0.45,1,7
0,0,1,0.301846027374,0.45,1,7
3,3,1,0.335803985596,0.45,1,7
2,2,1,0.419458150864,0.45,1,7
3,3,1,0.504568099976,0.45,-1,7
0,0,1,0.420769929886,0.45,1,7
1,2,0,0.42217707634,0.45,-2,7
2,2,1,0.470987081528,0.45,-1,7
1,1,1,0.365663051605,0.45,1,7
0,0,1,0.474196910858,0.45,-1,7
2,2,1,0.417575836182,0.45,1,7
3,3,1,0.519814014435,0.45,-1,7
1,1,1,0.524219036102,0.45,-1,7
3,3,1,0.342036008835,0.45,1,7
2,1,0,0.432211875916,0.45,-2,7
0,1,0,0.483401060104,0.45,-2,7
3,-1,0,0.7,0.45,-2,7
0,3,0,0.114777088165,0.45,-2,7
2,2,1,0.325716018677,0.45,1,7
1,0,0,0.287991046906,0.45,-2,7
2,-1,0,0.7,0.45,-2,7
0,0,1,0.470221042633,0.45,-1,7
1,1,1,0.633491039276,0.45,-1,7
0,1,0,0.501537084579,0.45,-2,7
3,-1,0,0.7,0.45,-2,7
1,1,1,0.426851034164,0.45,1,7
3,3,1,0.456050872803,0.45,-1,7
2,-1,0,0.7,0.45,-2,7
3,3,1,0.588434934616,0.45,-1,7
0,0,1,0.521013021469,0.45,-1,7
2,2,1,0.362529993057,0.45,1,7
1,1,1,0.368379116058,0.45,1,7
2,2,1,0.338086128235,0.45,1,7
0,0,1,0.437129020691,0.45,1,7
1,1,1,0.448776006699,0.45,1,7
3,3,1,0.396485805511,0.45,1,7
2,2,1,0.405688047409,0.45,1,7
3,3,1,0.490990877151,0.45,-1,7
1,1,1,0.389663934708,0.45,1,7
0,0,1,0.392800092697,0.45,1,7
3,3,1,0.302452087402,0.45,1,7
0,0,1,0.438610076904,0.45,1,7
1,1,1,0.509768009186,0.45,-1,7
2,2,1,0.37588095665,0.45,1,7
0,0,1,0.396110057831,0.45,1,7
2,2,1,0.35901093483,0.45,1,7
1,0,0,0.328189849854,0.45,-2,7
3,3,1,0.45866894722,0.45,-1,7
1,1,1,0.300633907318,0.45,1,7
0,0,1,0.355278015137,0.45,1,7
3,3,1,0.331521034241,0.45,1,7
2,2,1,0.311589956284,0.45,1,7
3,3,1,0.44256401062,0.45,1,7
2,2,1,0.421849966049,0.45,1,7
0,1,0,0.443315029144,0.45,-2,7
1,1,1,0.525244951248,0.45,-1,7
0,0,1,0.521993875504,0.45,-1,7
2,2,1,0.300442934036,0.45,1,7
1,1,1,0.431115150452,0.45,1,7
3,3,1,0.291863918304,0.45,1,7
0,0,1,0.416556119919,0.45,1,7
3,-1,0,0.7,0.45,-2,7
1,3,0,0.132171869278,0.45,-2,7
2,3,0,0.391612768173,0.45,-2,7
3,3,1,0.468540906906,0.45,-1,7
0,0,1,0.35763502121,0.45,1,7
2,2,1,0.347800016403,0.45,1,7
1,1,1,0.325448989868,0.45,1,7
2,3,0,0.326911211014,0.45,-2,7
0,1,0,0.412372112274,0.45,-2,7
1,1,1,0.502171039581,0.45,-1,7
0,0,1,0.459503889084,0.45,-1,7
3,2,0,0.411602973938,0.45,-2,7
2,2,1,0.37477517128,0.45,1,7
3,3,1,0.477234125137,0.45,-1,7
1,1,1,0.398925065994,0.45,1,7
3,3,1,0.396765947342,0.45,1,7
1,1,1,0.327507972717,0.45,1,7
0,0,1,0.352705001831,0.45,1,7
2,2,1,0.47577381134,0.45,-1,7
0,1,0,0.42923116684,0.45,-2,7
1,1,1,0.435351848602,0.45,1,7
2,2,1,0.351878166199,0.45,1,7
1,0,0,0.344844818115,0.45,-2,7
3,3,1,0.46106505394,0.45,-1,7
0,0,1,0.382774114609,0.45,1,7
3,3,1,0.355751991272,0.45,1,7
2,1,0,0.388940095901,0.45,-2,7
3,3,1,0.4325299263,0.45,1,7
0,0,1,0.419609069824,0.45,1,7
2,3,0,0.280393123627,0.45,-2,7
1,1,1,0.484148979187,0.45,-1,7
2,2,1,0.48415184021,0.45,-1,7
0,0,1,0.395626068115,0.45,1,7
1,2,0,0.403332948685,0.45,-2,7
0,0,1,0.601330041885,0.45,-1,7
3,3,1,0.490073919296,0.45,-1,7
2,2,1,0.50920009613,0.45,-1,7
3,3,1,0.456409931183,0.45,-1,7
1,1,1,0.411996126175,0.45,1,7
3,3,1,0.369249105453,0.45,1,7
0,0,1,0.357936143875,0.45,1,7
1,1,1,0.576758146286,0.45,-1,7
2,2,1,0.425238132477,0.45,1,7
1,1,1,0.605499982834,0.45,-1,7
0,0,1,0.528873920441,0.45,-1,7
2,2,1,0.434309005737,0.45,1,7
3,3,1,0.478559017181,0.45,-1,7
1,1,1,0.370149850845,0.45,1,7
3,3,1,0.342756986618,0.45,1,7
2,2,1,0.353976011276,0.45,1,7
0,0,1,0.366094112396,0.45,1,7
3,3,1,0.535713195801,0.45,-1,7
1,1,1,0.452461957932,0.45,-1,7
0,0,1,0.453912973404,0.45,-1,7
2,2,1,0.471626996994,0.45,-1,7
0,0,1,0.450545787811,0.45,-1,7
1,1,1,0.430922031403,0.45,1,7
2,2,1,0.401452064514,0.45,1,7
1,1,1,0.404541015625,0.45,1,7
3,3,1,0.368052005768,0.45,1,7
0,0,1,0.379901170731,0.45,1,7
3,3,1,0.66406416893,0.45,-1,7
2,2,1,0.523504972458,0.45,-1,7
3,3,1,0.454792022705,0.45,-1,7
2,2,1,0.52214884758,0.45,-1,7
0,0,1,0.435720920563,0.45,1,7
1,1,1,0.433423995972,0.45,1,7
2,2,1,0.354640960693,0.45,1,7
1,1,1,0.345283031464,0.45,1,7
0,0,1,0.416865825653,0.45,1,7
3,3,1,0.365616083145,0.45,1,7
1,1,1,0.319795846939,0.45,1,7
3,3,1,0.420222997665,0.45,1,7
0,0,1,0.382735013962,0.45,1,7
2,2,1,0.555464982986,0.45,-1,7
3,3,1,0.502580881119,0.45,-1,7
