probe,press,accuracy,rt,threshold,score,run_num
3,3,1,0.489784002304,0.45,-1,0
2,1,0,0.428645133972,0.45,-2,0
0,0,1,0.391035079956,0.45,1,0
1,1,1,0.379635810852,0.45,1,0
0,0,1,0.429852962494,0.45,1,0
2,2,1,0.362138032913,0.45,1,0
1,1,1,0.460937976837,0.45,-1,0
2,2,1,0.367618083954,0.45,1,0
3,3,1,0.341068029404,0.45,1,0
0,0,1,0.376665115356,0.45,1,0
3,2,0,0.355304002762,0.45,-2,0
1,1,1,0.5342669487,0.45,-1,0
3,3,1,0.418575048447,0.45,1,0
0,0,1,0.436547994614,0.45,1,0
1,1,1,0.413630008698,0.45,1,0
2,2,1,0.316521883011,0.45,1,0
0,0,1,0.388770103455,0.45,1,0
2,2,1,0.346698045731,0.45,1,0
1,1,1,0.452584981918,0.45,-1,0
0,0,1,0.39041686058,0.45,1,0
3,3,1,0.434180021286,0.45,1,0
2,2,1,0.382251024246,0.45,1,0
3,3,1,0.464345932007,0.45,-1,0
1,1,1,0.452831983566,0.45,-1,0
3,3,1,0.398744821548,0.45,1,0
2,2,1,0.339323997498,0.45,1,0
1,1,1,0.471581935883,0.45,-1,0
0,0,1,0.347898006439,0.45,1,0
2,2,1,0.318414926529,0.45,1,0
0,1,0,0.490014076233,0.45,-2,0
1,1,1,0.489989995956,0.45,-1,0
3,3,1,0.383262872696,0.45,1,0
0,0,1,0.426142930984,0.45,1,0
3,3,1,0.477363109589,0.45,-1,0
1,1,1,0.423335075378,0.45,1,0
2,2,1,0.410619974136,0.45,1,0
3,3,1,0.5900349617,0.45,-1,0
0,0,1,0.451310157776,0.45,-1,0
1,1,1,0.331390142441,0.45,1,0
2,2,1,0.337291955948,0.45,1,0
1,-1,0,0.7,0.45,-2,0
0,0,1,0.477717161179,0.45,-1,0
2,2,1,0.584110975266,0.45,-1,0
0,0,1,0.525815963745,0.45,-1,0
3,3,1,0.481642961502,0.45,-1,0
1,1,1,0.348698139191,0.45,1,0
3,3,1,0.544780015945,0.45,-1,0
2,2,1,0.436925172806,0.45,1,0
3,3,1,0.45462012291,0.45,-1,0
2,2,1,0.361016988754,0.45,1,0
0,0,1,0.283306121826,0.45,1,0
1,1,1,0.304548025131,0.45,1,0
2,2,1,0.354250192642,0.45,1,0
1,1,1,0.509197950363,0.45,-1,0
0,0,1,0.408746004105,0.45,1,0
3,3,1,0.452040910721,0.45,-1,0
0,0,1,0.423035144806,0.45,1,0
2,2,1,0.300268888474,0.45,1,0
3,3,1,0.360733985901,0.45,1,0
1,1,1,0.472888946533,0.45,-1,0
3,3,1,0.422518968582,0.45,1,0
1,1,1,0.390522956848,0.45,1,0
0,0,1,0.379106998444,0.45,1,0
2,2,1,0.336117982864,0.45,1,0
1,0,0,0.363559007645,0.45,-2,0
2,2,1,0.539988994598,0.45,-1,0
0,0,1,0.400976896286,0.45,1,0
1,1,1,0.339599847794,0.45,1,0
3,3,1,0.384914875031,0.45,1,0
2,2,1,0.329979896545,0.45,1,0
3,3,1,0.456188201904,0.45,-1,0
0,0,1,0.441073894501,0.45,1,0
3,3,1,0.507405042648,0.45,-1,0
0,0,1,0.43914103508,0.45,1,0
2,2,1,0.345905065536,0.45,1,0
1,1,1,0.283852100372,0.45,1,0
2,2,1,0.415693044662,0.45,1,0
0,0,1,0.388166189194,0.45,1,0
1,1,1,0.457746982574,0.45,-1,0
3,3,1,0.435209989548,0.45,1,0
2,2,1,0.326011180878,0.45,1,0
3,3,1,0.560726881027,0.45,-1,0
1,1,1,0.510895013809,0.45,-1,0
0,0,1,0.351726055145,0.45,1,0
3,3,1,0.395873069763,0.45,1,0
1,1,1,0.367630958557,0.45,1,0
2,2,1,0.290687799454,0.45,1,0
0,0,1,0.347626924515,0.45,1,0
2,2,1,0.350354909897,0.45,1,0
1,1,1,0.34698009491,0.45,1,0
0,0,1,0.320064783096,0.45,1,0
1,1,1,0.3394780159,0.45,1,0
3,3,1,0.357841968536,0.45,1,0
2,2,1,0.362398862839,0.45,1,0
3,3,1,0.59589099884,0.45,-1,0
0,0,1,0.486438035965,0.45,-1,0
3,3,1,0.484540939331,0.45,-1,0
0,0,1,0.444591999054,0.45,1,0
1,1,1,0.387001037598,0.45,1,0
2,2,1,0.253572940826,0.45,1,0
1,1,1,0.553344011307,0.45,-1,0
0,0,1,0.386979103088,0.45,1,0
2,2,1,0.359202861786,0.45,1,0
3,3,1,0.314791202545,0.45,1,0
1,1,1,0.338287115097,0.45,1,0
3,3,1,0.455602884293,0.45,-1,0
2,2,1,0.352841854095,0.45,1,0
0,0,1,0.308725118637,0.45,1,0
3,3,1,0.322610139847,0.45,1,0
2,2,1,0.316877126694,0.45,1,0
0,0,1,0.383389949799,0.45,1,0
1,1,1,0.38600897789,0.45,1,0
2,2,1,0.31229186058,0.45,1,0
1,1,1,0.459850072861,0.45,-1,0
0,0,1,0.373870134354,0.45,1,0
3,3,1,0.335082054138,0.45,1,0
1,1,1,0.404515028,0.45,1,0
3,3,1,0.455661058426,0.45,-1,0
0,0,1,0.496551036835,0.45,-1,0
2,2,1,0.407208204269,0.45,1,0
3,3,1,0.423061847687,0.45,1,0
1,1,1,0.386399030685,0.45,1,0
2,2,1,0.414957046509,0.45,1,0
0,0,1,0.329941034317,0.45,1,0
2,2,1,0.323143005371,0.45,1,0
1,1,1,0.346925020218,0.45,1,0
0,0,1,0.364383935928,0.45,1,0
3,3,1,0.485507965088,0.45,-1,0
0,0,1,0.464953184128,0.45,-1,0
1,1,1,0.357991933823,0.45,1,0
3,3,1,0.418700218201,0.45,1,0
2,2,1,0.477504968643,0.45,-1,0
3,3,1,0.430219173431,0.45,1,0
0,0,1,0.418807983398,0.45,1,0
2,2,1,0.383435964584,0.45,1,0
1,1,1,0.337118148804,0.45,1,0
0,0,1,0.381540060043,0.45,1,0
1,1,1,0.326569080353,0.45,1,0
2,2,1,0.35648393631,0.45,1,0
0,0,1,0.439775943756,0.45,1,0
3,3,1,0.379554986954,0.45,1,0
2,2,1,0.307551860809,0.45,1,0
3,3,1,0.41681599617,0.45,1,0
1,1,1,0.500104904175,0.45,-1,0
3,3,1,0.448369979858,0.45,1,0
0,0,1,0.434899806976,0.45,1,0
1,1,1,0.429176092148,0.45,1,0
2,2,1,0.359426021576,0.45,1,0
1,1,1,0.444497108459,0.45,1,0
0,0,1,0.385027885437,0.45,1,0
2,2,1,0.31630396843,0.45,1,0
3,3,1,0.341878175735,0.45,1,0
2,2,1,0.425617933273,0.45,1,0
0,0,1,0.428315877914,0.45,1,0
3,3,1,0.42104101181,0.45,1,0
1,1,1,0.393537998199,0.45,1,0
3,3,1,0.396520853043,0.45,1,0
2,2,1,0.314175128937,0.45,1,0
0,0,1,0.394649982452,0.45,1,0
1,1,1,0.56067109108,0.45,-1,0
0,0,1,0.418910980225,0.45,1,0
2,2,1,0.383337974548,0.45,1,0
1,0,0,0.440270900726,0.45,-2,0
2,2,1,0.445412874222,0.45,1,0
3,3,1,0.423039913177,0.45,1,0
1,1,1,0.355885982513,0.45,1,0
3,3,1,0.396475076675,0.45,1,0
0,0,1,0.408210039139,0.45,1,0
3,3,1,0.477465867996,0.45,-1,0
0,1,0,0.44008898735,0.45,-2,0
2,2,1,0.491959095001,0.45,-1,0
1,0,0,0.382630109787,0.45,-2,0
2,2,1,0.507124900818,0.45,-1,0
0,0,1,0.42901802063,0.45,1,0
1,1,1,0.501855134964,0.45,-1,0
3,3,1,0.532861948013,0.45,-1,0
2,2,1,0.431108951569,0.45,1,0
3,3,1,0.479874134064,0.45,-1,0
1,1,1,0.463138103485,0.45,-1,0
0,0,1,0.32772397995,0.45,1,0
3,3,1,0.438369989395,0.45,1,0
2,2,1,0.329087972641,0.45,1,0
0,1,0,0.492742061615,0.45,-2,0
1,1,1,0.558685064316,0.45,-1,0
2,2,1,0.401878118515,0.45,1,0
1,1,1,0.530298948288,0.45,-1,0
0,0,1,0.345694065094,0.45,1,0
2,2,1,0.324313163757,0.45,1,0
3,3,1,0.333925008774,0.45,1,0
1,1,1,0.3444647789,0.45,1,0
3,3,1,0.482897043228,0.45,-1,0
0,0,1,0.424566984177,0.45,1,0
3,3,1,0.474967956543,0.45,-1,0
0,0,1,0.413007974625,0.45,1,0
2,3,0,0.298476934433,0.45,-2,0
1,-1,0,0.7,0.45,-2,0
2,1,0,0.0252211093903,0.45,-2,0
0,0,1,0.481856822968,0.45,-1,0
1,1,1,2.29933094978,0.45,-1,0
0,-1,0,0.7,0.45,-2,0
3,-1,0,0.7,0.45,-2,0
2,-1,0,0.7,0.45,-2,0
3,3,1,0.508489847183,0.45,-1,0
1,-1,0,0.7,0.45,-2,0
3,-1,0,0.7,0.45,-2,0
0,0,1,0.524235963821,0.45,-1,0
2,2,1,0.466815948486,0.45,-1,0
1,1,1,0.403301000595,0.45,1,0
2,2,1,0.424448013306,0.45,1,0
0,0,1,0.482111930847,0.45,-1,0
1,1,1,0.4304459095,0.45,1,0
0,0,1,0.434549093246,0.45,1,0
3,2,0,0.371474027634,0.45,-2,0
1,0,0,0.383213043213,0.45,-2,0
3,3,1,0.602355957031,0.45,-1,0
2,2,1,0.558949947357,0.45,-1,0
3,3,1,0.495091915131,0.45,-1,0
2,2,1,0.547766923904,0.45,-1,1
3,3,1,0.387135982513,0.45,1,1
0,0,1,0.48655796051,0.45,-1,1
1,1,1,0.418525934219,0.45,1,1
3,2,0,0.357121944427,0.45,-2,1
1,1,1,0.521842002869,0.45,-1,1
0,0,1,0.373687028885,0.45,1,1
3,3,1,0.350934028625,0.45,1,1
2,2,1,0.362654209137,0.45,1,1
0,0,1,0.350970983505,0.45,1,1
2,3,0,0.343151092529,0.45,-2,1
1,2,0,0.533988952637,0.45,-2,1
2,2,1,0.543670892715,0.45,-1,1
3,3,1,0.442248106003,0.45,1,1
0,0,1,0.420039176941,0.45,1,1
1,1,1,0.368335008621,0.45,1,1
3,3,1,0.538084030151,0.45,-1,1
1,1,1,0.437689065933,0.45,1,1
0,0,1,0.32220697403,0.45,1,1
3,3,1,0.445530891418,0.45,1,1
2,2,1,0.338673114777,0.45,1,1
0,0,1,0.37297296524,0.45,1,1
2,2,1,0.377301931381,0.45,1,1
1,1,1,0.355211019516,0.45,1,1
2,2,1,0.375100135803,0.45,1,1
0,0,1,0.393514871597,0.45,1,1
3,3,1,0.41295003891,0.45,1,1
1,1,1,0.43288898468,0.45,1,1
3,3,1,0.434465885162,0.45,1,1
0,0,1,0.416373968124,0.45,1,1
1,1,1,0.448971986771,0.45,1,1
2,2,1,0.343209981918,0.45,1,1
1,0,0,0.384021043777,0.45,-2,1
0,0,1,0.435654163361,0.45,1,1
2,2,1,0.420992136002,0.45,1,1
3,3,1,0.345776081085,0.45,1,1
2,2,1,0.453674077988,0.45,-1,1
3,3,1,0.471612930298,0.45,-1,1
1,1,1,0.42055606842,0.45,1,1
0,0,1,0.31902885437,0.45,1,1
3,2,0,0.361514091492,0.45,-2,1
0,0,1,0.564470052719,0.45,-1,1
1,1,1,0.503845930099,0.45,-1,1
2,2,1,0.379707098007,0.45,1,1
0,0,1,0.415271043777,0.45,1,1
2,2,1,0.379904031754,0.45,1,1
1,1,1,0.358559131622,0.45,1,1
3,3,1,0.335578918457,0.45,1,1
2,2,1,0.326488018036,0.45,1,1
0,0,1,0.288321018219,0.45,1,1
3,3,1,0.474236011505,0.45,-1,1
1,1,1,0.400033950806,0.45,1,1
3,3,1,0.608232021332,0.45,-1,1
0,0,1,0.459264039993,0.45,-1,1
1,1,1,0.430325984955,0.45,1,1
0,0,1,0.476562976837,0.45,-1,1
2,2,1,0.43045592308,0.45,1,1
3,3,1,0.456670999527,0.45,-1,1
2,2,1,0.492995977402,0.45,-1,1
1,1,1,0.562821149826,0.45,-1,1
2,2,1,0.483445882797,0.45,-1,1
0,0,1,0.365975856781,0.45,1,1
1,-1,0,0.7,0.45,-2,1
3,1,0,0.014740228653,0.45,-2,1
1,1,1,0.472841024399,0.45,-1,1
0,0,1,0.356243848801,0.45,1,1
3,2,0,0.376528978348,0.45,-2,1
0,0,1,0.548926115036,0.45,-1,1
2,1,0,0.510077953339,0.45,-2,1
1,1,1,0.56077504158,0.45,-1,1
2,2,1,0.451220989227,0.45,-1,1
3,3,1,0.393072128296,0.45,1,1
2,2,1,0.425439119339,0.45,1,1
3,3,1,0.558945894241,0.45,-1,1
0,0,1,0.489862918854,0.45,-1,1
1,1,1,0.558285951614,0.45,-1,1
3,3,1,0.680404186249,0.45,-1,1
1,1,1,0.537525892258,0.45,-1,1
0,0,1,0.420417070389,0.45,1,1
3,2,0,0.409015893936,0.45,-2,1
2,2,1,0.419304847717,0.45,1,1
0,0,1,0.329190015793,0.45,1,1
2,2,1,0.338564157486,0.45,1,1
1,1,1,0.295574188232,0.45,1,1
2,2,1,0.338093996048,0.45,1,1
0,0,1,0.477941989899,0.45,-1,1
1,2,0,0.401267051697,0.45,-2,1
3,3,1,0.507159948349,0.45,-1,1
0,0,1,0.54326415062,0.45,-1,1
3,3,1,0.400691986084,0.45,1,1
1,1,1,0.493624925613,0.45,-1,1
0,0,1,0.384199142456,0.45,1,1
2,2,1,0.347791910172,0.45,1,1
1,0,0,0.534545183182,0.45,-2,1
2,2,1,0.604454040527,0.45,-1,1
3,3,1,0.494663953781,0.45,-1,1
2,2,1,0.479458093643,0.45,-1,1
0,0,1,0.500675201416,0.45,-1,1
3,3,1,0.479357004166,0.45,-1,1
1,1,1,0.368654966354,0.45,1,1
3,3,1,0.445890903473,0.45,1,1
0,0,1,0.400511026382,0.45,1,1
1,1,1,0.435001850128,0.45,1,1
0,0,1,0.543221950531,0.45,-1,1
2,2,1,0.508562088013,0.45,-1,1
1,1,1,0.541726112366,0.45,-1,1
2,-1,0,0.7,0.45,-2,1
3,3,1,0.430757045746,0.45,1,1
2,2,1,0.359158992767,0.45,1,1
3,3,1,0.408885002136,0.45,1,1
1,1,1,0.464128017426,0.45,-1,1
0,0,1,0.450306177139,0.45,-1,1
3,2,0,0.38047003746,0.45,-2,1
0,0,1,0.431748151779,0.45,1,1
1,1,1,0.316919088364,0.45,1,1
2,2,1,0.310682058334,0.45,1,1
1,1,1,0.570906877518,0.45,-1,1
3,3,1,0.42174077034,0.45,1,1
2,2,1,0.344631910324,0.45,1,1
0,0,1,0.346666097641,0.45,1,1
2,2,1,0.4089179039,0.45,1,1
1,1,1,0.433938980103,0.45,1,1
3,3,1,0.381365060806,0.45,1,1
0,0,1,0.43213391304,0.45,1,1
3,2,0,0.378797054291,0.45,-2,1
1,1,1,0.558887004852,0.45,-1,1
0,0,1,0.428778886795,0.45,1,1
2,2,1,0.375115871429,0.45,1,1
3,3,1,0.350625038147,0.45,1,1
2,2,1,0.322633981705,0.45,1,1
0,0,1,0.287732839584,0.45,1,1
1,1,1,0.274428129196,0.45,1,1
2,2,1,0.286942005157,0.45,1,1
3,3,1,0.265199899673,0.45,1,1
0,1,0,0.323868989944,0.45,-2,1
1,1,1,0.375123023987,0.45,1,1
3,3,1,0.388247966766,0.45,1,1
1,1,1,0.454699993134,0.45,-1,1
0,0,1,0.33155798912,0.45,1,1
3,2,0,0.327589988708,0.45,-2,1
2,2,1,0.441573858261,0.45,1,1
1,1,1,0.420794963837,0.45,1,1
2,2,1,0.425058841705,0.45,1,1
0,0,1,0.370525836945,0.45,1,1
2,2,1,0.436016082764,0.45,1,1
1,1,1,0.490345001221,0.45,-1,1
3,3,1,0.372495889664,0.45,1,1
0,0,1,0.383599996567,0.45,1,1
3,3,1,0.419641017914,0.45,1,1
1,1,1,0.435708999634,0.45,1,1
0,0,1,0.442731142044,0.45,1,1
1,1,1,0.363052845001,0.45,1,1
2,2,1,0.30264210701,0.45,1,1
0,0,1,0.36930513382,0.45,1,1
2,2,1,0.382792949677,0.45,1,1
3,3,1,0.411628007889,0.45,1,1
2,2,1,0.524505138397,0.45,-1,1
1,0,0,0.366645097733,0.45,-2,1
3,3,1,0.458786010742,0.45,-1,1
0,0,1,0.478407144547,0.45,-1,1
1,1,1,0.395488977432,0.45,1,1
0,0,1,0.541584968567,0.45,-1,1
3,3,1,0.40038895607,0.45,1,1
1,1,1,0.339300870895,0.45,1,1
2,2,1,0.551696062088,0.45,-1,1
3,3,1,0.463313817978,0.45,-1,1
2,2,1,0.371198177338,0.45,1,1
0,0,1,0.480445146561,0.45,-1,1
2,2,1,0.354624986649,0.45,1,1
0,1,0,0.440840005875,0.45,-2,1
1,1,1,0.450631141663,0.45,-1,1
3,3,1,0.429047107697,0.45,1,1
1,1,1,0.534647941589,0.45,-1,1
0,0,1,0.404284000397,0.45,1,1
3,2,0,0.368517875671,0.45,-2,1
2,2,1,0.403217077255,0.45,1,1
1,0,0,0.396588802338,0.45,-2,1
2,2,1,0.594244003296,0.45,-1,1
3,3,1,0.484575033188,0.45,-1,1
0,0,1,0.421169042587,0.45,1,1
2,1,0,0.355849027634,0.45,-2,1
1,1,1,0.423554897308,0.45,1,1
3,3,1,0.411401987076,0.45,1,1
0,0,1,0.43785905838,0.45,1,1
1,2,0,0.329452037811,0.45,-2,1
0,0,1,0.609997034073,0.45,-1,1
3,3,1,0.423400878906,0.45,1,1
2,2,1,0.481425046921,0.45,-1,1
0,0,1,0.35565495491,0.45,1,1
2,2,1,0.416417121887,0.45,1,1
3,3,1,0.386265993118,0.45,1,1
1,1,1,0.446629047394,0.45,1,1
2,2,1,0.443320989609,0.45,1,1
1,1,1,0.411679983139,0.45,1,1
0,0,1,0.463202953339,0.45,-1,1
3,3,1,0.444677114487,0.45,1,1
1,1,1,0.4071829319,0.45,1,1
3,2,0,0.359711885452,0.45,-2,1
0,0,1,0.446202039719,0.45,1,1
2,2,1,0.362110137939,0.45,1,1
3,3,1,0.325757980347,0.45,1,1
2,2,1,0.432703018188,0.45,1,1
0,0,1,0.39678812027,0.45,1,1
1,1,1,0.390647888184,0.45,1,1
2,2,1,0.320790052414,0.45,1,1
3,3,1,0.420876979828,0.45,1,1
0,0,1,0.488846063614,0.45,-1,1
1,1,1,0.395754814148,0.45,1,1
3,3,1,0.445971012115,0.45,1,1
1,1,1,0.386833906174,0.45,1,1
0,0,1,0.300322055817,0.45,1,1
2,2,1,0.297852039337,0.45,1,1
1,1,1,0.521092891693,0.45,-1,1
2,2,1,0.413064956665,0.45,1,1
0,0,1,0.311327934265,0.45,1,1
3,3,1,0.291423082352,0.45,1,1
2,2,1,0.39172577858,0.45,1,1
1,1,1,0.529355049133,0.45,-1,2
3,3,1,0.41755604744,0.45,1,2
0,0,1,0.316858053207,0.45,1,2
2,2,1,0.224518060684,0.45,1,2
0,0,1,0.389683961868,0.45,1,2
3,3,1,0.335601091385,0.45,1,2
2,1,0,0.306908845901,0.45,-2,2
1,0,0,0.438172101974,0.45,-2,2
0,0,1,0.344573020935,0.45,1,2
1,2,0,0.374054908752,0.45,-2,2
2,2,1,0.35105919838,0.45,1,2
3,3,1,0.184458017349,0.45,1,2
1,1,1,0.447031974792,0.45,1,2
0,0,1,0.369513034821,0.45,1,2
3,2,0,0.50167298317,0.45,-2,2
2,2,1,0.465162992477,0.45,-1,2
3,3,1,0.481336116791,0.45,-1,2
0,0,1,0.462486028671,0.45,-1,2
2,2,1,0.327262163162,0.45,1,2
1,1,1,0.517851114273,0.45,-1,2
3,3,1,0.295586824417,0.45,1,2
1,1,1,0.394768953323,0.45,1,2
2,2,1,0.400358915329,0.45,1,2
0,0,1,0.427928924561,0.45,1,2
1,1,1,0.646054983139,0.45,-1,2
2,2,1,0.512037992477,0.45,-1,2
0,0,1,0.365492105484,0.45,1,2
3,3,1,0.512176036835,0.45,-1,2
2,2,1,0.417932987213,0.45,1,2
3,3,1,0.484203100204,0.45,-1,2
0,0,1,0.424392938614,0.45,1,2
1,1,1,0.337389945984,0.45,1,2
3,3,1,0.503290891647,0.45,-1,2
1,1,1,0.540454149246,0.45,-1,2
0,0,1,0.34123301506,0.45,1,2
2,2,1,0.36706495285,0.45,1,2
1,1,1,0.348441123962,0.45,1,2
3,3,1,0.334489107132,0.45,1,2
0,0,1,0.444248914719,0.45,1,2
2,2,1,0.380353212357,0.45,1,2
0,0,1,0.394622087479,0.45,1,2
3,3,1,0.357064008713,0.45,1,2
2,2,1,0.400609970093,0.45,1,2
3,3,1,0.532958030701,0.45,-1,2
1,1,1,0.525203943253,0.45,-1,2
2,2,1,0.361181020737,0.45,1,2
1,1,1,0.469019889832,0.45,-1,2
0,0,1,0.440510034561,0.45,1,2
1,1,1,0.413264036179,0.45,1,2
0,0,1,0.477217197418,0.45,-1,2
3,3,1,0.538928031921,0.45,-1,2
2,2,1,0.418974161148,0.45,1,2
0,0,1,0.374347925186,0.45,1,2
2,2,1,0.451608896255,0.45,-1,2
3,3,1,0.400171995163,0.45,1,2
1,2,0,0.359497070312,0.45,-2,2
2,2,1,0.403775930405,0.45,1,2
1,0,0,0.478842020035,0.45,-2,2
3,3,1,0.475148200989,0.45,-1,2
0,0,1,0.480187177658,0.45,-1,2
1,1,1,0.431502819061,0.45,1,2
2,2,1,0.350691795349,0.45,1,2
3,3,1,0.306293010712,0.45,1,2
0,0,1,0.323436975479,0.45,1,2
3,3,1,0.484508991241,0.45,-1,2
2,2,1,0.393173933029,0.45,1,2
0,0,1,0.453238010406,0.45,-1,2
1,1,1,0.367305994034,0.45,1,2
0,0,1,0.466887950897,0.45,-1,2
2,2,1,0.353709936142,0.45,1,2
1,0,0,0.338809013367,0.45,-2,2
3,3,1,0.502077102661,0.45,-1,2
1,1,1,0.314695835114,0.45,1,2
0,0,1,0.310756921768,0.45,1,2
3,2,0,0.318815946579,0.45,-2,2
2,2,1,0.405057907104,0.45,1,2
3,3,1,0.438421964645,0.45,1,2
0,0,1,0.387428045273,0.45,1,2
2,2,1,0.338869094849,0.45,1,2
0,0,1,0.409559011459,0.45,1,2
1,1,1,0.464951038361,0.45,-1,2
3,3,1,0.423686027527,0.45,1,2
1,1,1,0.394623994827,0.45,1,2
2,2,1,0.398512840271,0.45,1,2
1,1,1,0.398761034012,0.45,1,2
2,2,1,0.340911865234,0.45,1,2
3,3,1,0.406212091446,0.45,1,2
0,0,1,0.459587097168,0.45,-1,2
3,2,0,0.485464811325,0.45,-2,2
2,2,1,0.479743003845,0.45,-1,2
0,0,1,0.525404930115,0.45,-1,2
1,1,1,0.405102014542,0.45,1,2
3,3,1,0.465344190598,0.45,-1,2
1,1,1,0.444184780121,0.45,1,2
0,0,1,0.395325183868,0.45,1,2
2,2,1,0.341586112976,0.45,1,2
1,1,1,0.413931846619,0.45,1,2
3,3,1,0.580424070358,0.45,-1,2
0,0,1,0.446541070938,0.45,1,2
2,2,1,0.336511850357,0.45,1,2
3,3,1,0.50804400444,0.45,-1,2
2,2,1,0.465249061584,0.45,-1,2
0,0,1,0.380500078201,0.45,1,2
1,1,1,0.332767963409,0.45,1,2
2,3,0,0.307587146759,0.45,-2,2
1,1,1,0.53129696846,0.45,-1,2
0,0,1,0.375865936279,0.45,1,2
3,2,0,0.37105512619,0.45,-2,2
1,1,1,0.463980913162,0.45,-1,2
3,3,1,0.440774917603,0.45,1,2
2,2,1,0.452974796295,0.45,-1,2
0,0,1,0.337882995605,0.45,1,2
3,3,1,0.482085943222,0.45,-1,2
0,0,1,0.471513986588,0.45,-1,2
2,2,1,0.483281135559,0.45,-1,2
3,3,1,0.437380075455,0.45,1,2
1,1,1,0.409846067429,0.45,1,2
2,2,1,0.434925794601,0.45,1,2
1,0,0,0.406929969788,0.45,-2,2
0,0,1,0.385651111603,0.45,1,2
1,1,1,0.440095901489,0.45,1,2
3,3,1,0.466616153717,0.45,-1,2
2,2,1,0.379041910172,0.45,1,2
0,0,1,0.337203025818,0.45,1,2
2,2,1,0.345586061478,0.45,1,2
3,0,0,0.295042991638,0.45,-2,2
0,0,1,0.386730909348,0.45,1,2
1,1,1,0.29092001915,0.45,1,2
2,2,1,0.359925985336,0.45,1,2
1,1,1,0.492104053497,0.45,-1,2
0,0,1,0.358271121979,0.45,1,2
3,2,0,0.346760988235,0.45,-2,2
1,1,1,0.414326906204,0.45,1,2
0,0,1,0.378061056137,0.45,1,2
3,3,1,0.405126094818,0.45,1,2
2,2,1,0.430226802826,0.45,1,2
0,0,1,0.353611946106,0.45,1,2
2,2,1,0.357380867004,0.45,1,2
3,3,1,0.474332094193,0.45,-1,2
1,1,1,0.364193916321,0.45,1,2
3,3,1,0.416956186295,0.45,1,2
0,0,1,0.42502617836,0.45,1,2
1,1,1,0.422590017319,0.45,1,2
2,2,1,0.295668125153,0.45,1,2
1,0,0,0.387901067734,0.45,-2,2
2,1,0,0.510970830917,0.45,-2,2
0,0,1,0.545376062393,0.45,-1,2
3,3,1,0.355509996414,0.45,1,2
0,0,1,0.465576171875,0.45,-1,2
2,2,1,0.396019935608,0.45,1,2
3,3,1,0.42311501503,0.45,1,2
1,1,1,0.442315816879,0.45,1,2
3,3,1,0.395203113556,0.45,1,2
2,2,1,0.311784029007,0.45,1,2
1,2,0,0.342149019241,0.45,-2,2
0,0,1,0.52140212059,0.45,-1,2
1,1,1,0.508102178574,0.45,-1,2
2,2,1,0.352212190628,0.45,1,2
0,0,1,0.408278942108,0.45,1,2
3,3,1,0.389098882675,0.45,1,2
0,0,1,0.374973058701,0.45,1,2
2,2,1,0.321491003036,0.45,1,2
3,3,1,0.468558073044,0.45,-1,2
1,1,1,0.360447883606,0.45,1,2
0,0,1,0.380295038223,0.45,1,2
1,1,1,0.481601953506,0.45,-1,2
3,3,1,0.45160484314,0.45,-1,2
2,2,1,0.365978956223,0.45,1,2
1,1,1,0.352514028549,0.45,1,2
3,3,1,0.494158983231,0.45,-1,2
0,0,1,0.346108198166,0.45,1,2
2,2,1,0.283435821533,0.45,1,2
3,3,1,0.447304964066,0.45,1,2
2,3,0,0.451709032059,0.45,-2,2
0,0,1,0.46671295166,0.45,-1,2
3,3,1,0.472174167633,0.45,-1,2
1,1,1,0.364326000214,0.45,1,2
0,0,1,0.456703901291,0.45,-1,2
1,1,1,0.459226131439,0.45,-1,2
2,2,1,0.357217073441,0.45,1,2
1,3,0,0.227309942245,0.45,-2,2
3,3,1,0.531860113144,0.45,-1,2
2,-1,0,0.7,0.45,-2,2
0,2,0,0.00867891311646,0.45,-2,2
2,2,1,0.412621974945,0.45,1,2
3,3,1,0.432812929153,0.45,1,2
0,0,1,0.309062004089,0.45,1,2
1,1,1,0.313551902771,0.45,1,2
0,0,1,0.425076007843,0.45,1,2
3,2,0,0.388079166412,0.45,-2,2
1,1,1,0.512407064438,0.45,-1,2
2,2,1,0.445055007935,0.45,1,2
1,1,1,0.496876955032,0.45,-1,2
3,3,1,0.466588020325,0.45,-1,2
2,2,1,0.420237064362,0.45,1,2
0,0,1,0.402383089066,0.45,1,2
2,2,1,0.356058120728,0.45,1,2
3,3,1,0.313160896301,0.45,1,2
0,0,1,0.363448858261,0.45,1,2
3,3,1,0.511327028275,0.45,-1,2
1,1,1,0.434885025024,0.45,1,2
0,0,1,0.31724691391,0.45,1,2
1,1,1,0.491322040558,0.45,-1,2
2,2,1,0.354645967484,0.45,1,2
1,0,0,0.325810909271,0.45,-2,2
0,0,1,0.337688922882,0.45,1,2
3,3,1,0.518160104752,0.45,-1,2
2,2,1,0.375399827957,0.45,1,2
0,0,1,0.43753194809,0.45,1,2
2,2,1,0.472221136093,0.45,-1,2
3,3,1,0.474691152573,0.45,-1,2
1,1,1,0.44566988945,0.45,1,2
3,3,1,0.379441976547,0.45,1,2
0,0,1,0.411002874374,0.45,1,2
1,0,0,0.422662973404,0.45,-2,2
2,1,0,0.403789043427,0.45,-2,2
1,1,1,0.478049993515,0.45,-1,2
3,3,1,0.44152712822,0.45,1,3
0,0,1,0.337477207184,0.45,1,3
2,2,1,0.339612007141,0.45,1,3
1,0,0,0.321449041367,0.45,-2,3
2,2,1,0.410931110382,0.45,1,3
0,0,1,0.447464942932,0.45,1,3
1,1,1,0.395881891251,0.45,1,3
3,3,1,0.451522111893,0.45,-1,3
2,2,1,0.40948009491,0.45,1,3
3,3,1,0.469367027283,0.45,-1,3
1,1,1,0.415555953979,0.45,1,3
0,0,1,0.296877145767,0.45,1,3
3,3,1,0.364046096802,0.45,1,3
0,0,1,0.378835916519,0.45,1,3
1,1,1,0.378504991531,0.45,1,3
2,2,1,0.305561065674,0.45,1,3
0,0,1,0.314594984055,0.45,1,3
2,2,1,0.307655096054,0.45,1,3
1,1,1,0.319328784943,0.45,1,3
3,3,1,0.356494188309,0.45,1,3
1,1,1,0.352537870407,0.45,1,3
0,0,1,0.411422014236,0.45,1,3
3,2,0,0.302483797073,0.45,-2,3
2,2,1,0.402796983719,0.45,1,3
3,3,1,0.662422895432,0.45,-1,3
0,0,1,0.488023996353,0.45,-1,3
1,1,1,0.418235063553,0.45,1,3
2,3,0,0.321263074875,0.45,-2,3
1,0,0,0.481422901154,0.45,-2,3
0,0,1,0.453509092331,0.45,-1,3
2,1,0,0.472361803055,0.45,-2,3
0,0,1,0.524168014526,0.45,-1,3
3,3,1,0.463475942612,0.45,-1,3
1,1,1,0.360190153122,0.45,1,3
3,2,0,0.429900884628,0.45,-2,3
2,2,1,0.576098203659,0.45,-1,3
3,3,1,0.509371995926,0.45,-1,3
0,0,1,0.396980047226,0.45,1,3
2,1,0,0.347482919693,0.45,-2,3
1,1,1,0.399804115295,0.45,1,3
2,0,0,0.334632873535,0.45,-2,3
0,0,1,0.588207960129,0.45,-1,3
1,1,1,0.559435844421,0.45,-1,3
0,0,1,0.508358955383,0.45,-1,3
3,3,1,0.468425035477,0.45,-1,3
1,1,1,0.391587018967,0.45,1,3
3,2,0,0.491029977798,0.45,-2,3
2,2,1,0.505700826645,0.45,-1,3
3,3,1,0.521275997162,0.45,-1,3
0,0,1,0.511921167374,0.45,-1,3
2,2,1,0.425385951996,0.45,1,3
1,1,1,0.398542881012,0.45,1,3
2,2,1,0.448449134827,0.45,1,3
0,0,1,0.505374908447,0.45,-1,3
1,1,1,0.462501049042,0.45,-1,3
3,3,1,0.396148204803,0.45,1,3
2,2,1,0.395607948303,0.45,1,3
3,3,1,0.513795137405,0.45,-1,3
1,1,1,0.461750984192,0.45,-1,3
0,0,1,0.341318130493,0.45,1,3
3,2,0,0.425580978394,0.45,-2,3
0,0,1,0.478780031204,0.45,-1,3
2,2,1,0.42561507225,0.45,1,3
1,1,1,0.355533123016,0.45,1,3
2,3,0,0.351639032364,0.45,-2,3
0,0,1,0.544152975082,0.45,-1,3
1,1,1,0.430145978928,0.45,1,3
0,0,1,0.472445011139,0.45,-1,3
3,3,1,0.532982826233,0.45,-1,3
1,1,1,0.456686973572,0.45,-1,3
3,2,0,0.402274131775,0.45,-2,3
2,2,1,0.48659491539,0.45,-1,3
3,3,1,0.495817899704,0.45,-1,3
1,1,1,0.547185182571,0.45,-1,3
0,0,1,0.486462116241,0.45,-1,3
2,2,1,0.401042938232,0.45,1,3
0,0,1,0.404516935349,0.45,1,3
1,1,1,0.410645008087,0.45,1,3
2,2,1,0.362771034241,0.45,1,3
3,3,1,0.354395866394,0.45,1,3
2,2,1,0.371078968048,0.45,1,3
1,0,0,0.334368944168,0.45,-2,3
3,3,1,0.53820681572,0.45,-1,3
0,0,1,0.419127941132,0.45,1,3
3,2,0,0.415619134903,0.45,-2,3
2,2,1,0.395625829697,0.45,1,3
0,0,1,0.32702088356,0.45,1,3
1,1,1,0.41784787178,0.45,1,3
2,2,1,0.342974901199,0.45,1,3
1,1,1,0.455696105957,0.45,-1,3
0,0,1,0.412569046021,0.45,1,3
3,2,0,0.47038602829,0.45,-2,3
0,0,1,0.417629003525,0.45,1,3
2,2,1,0.349782943726,0.45,1,3
3,3,1,0.38667011261,0.45,1,3
1,1,1,0.366446971893,0.45,1,3
3,3,1,0.487900018692,0.45,-1,3
1,1,1,0.56929898262,0.45,-1,3
2,2,1,0.43962097168,0.45,1,3
0,0,1,0.360831975937,0.45,1,3
2,2,1,0.348150968552,0.45,1,3
1,1,1,0.271097898483,0.45,1,3
0,0,1,0.330429792404,0.45,1,3
1,1,1,0.422420024872,0.45,1,3
3,3,1,0.375515937805,0.45,1,3
2,2,1,0.275609970093,0.45,1,3
3,3,1,0.502434968948,0.45,-1,3
0,0,1,0.459496974945,0.45,-1,3
3,3,1,0.518965005875,0.45,-1,3
2,2,1,0.490375995636,0.45,-1,3
0,0,1,0.421636104584,0.45,1,3
1,1,1,0.391040086746,0.45,1,3
0,0,1,0.396646022797,0.45,1,3
2,2,1,0.447329998016,0.45,1,3
1,1,1,0.439999103546,0.45,1,3
2,2,1,0.41929602623,0.45,1,3
3,3,1,0.51283788681,0.45,-1,3
0,0,1,0.428394079208,0.45,1,3
3,3,1,0.518130779266,0.45,-1,3
1,1,1,0.392963886261,0.45,1,3
3,3,1,0.455762147903,0.45,-1,3
0,0,1,0.426757097244,0.45,1,3
1,1,1,0.355540990829,0.45,1,3
2,2,1,0.357717037201,0.45,1,3
1,1,1,0.441899061203,0.45,1,3
0,0,1,0.350192070007,0.45,1,3
2,2,1,0.288547039032,0.45,1,3
3,3,1,0.27752494812,0.45,1,3
1,1,1,0.302922964096,0.45,1,3
3,2,0,0.289103984833,0.45,-2,3
2,2,1,0.357815027237,0.45,1,3
0,0,1,0.369934082031,0.45,1,3
3,3,1,0.493699073792,0.45,-1,3
0,0,1,0.529476881027,0.45,-1,3
1,1,1,0.355885028839,0.45,1,3
2,2,1,0.309853792191,0.45,1,3
1,1,1,0.488154888153,0.45,-1,3
0,0,1,0.330631971359,0.45,1,3
2,2,1,0.330070972443,0.45,1,3
3,3,1,0.363615989685,0.45,1,3
1,1,1,0.422389030457,0.45,1,3
3,3,1,0.395935058594,0.45,1,3
2,2,1,0.323258161545,0.45,1,3
0,0,1,0.305239915848,0.45,1,3
3,3,1,0.428734064102,0.45,1,3
1,1,1,0.341566085815,0.45,1,3
0,0,1,0.449554920197,0.45,1,3
2,2,1,0.373131036758,0.45,1,3
0,0,1,0.360230207443,0.45,1,3
1,0,0,0.388520002365,0.45,-2,3
2,2,1,0.383414983749,0.45,1,3
3,3,1,0.30607008934,0.45,1,3
2,1,0,0.46099615097,0.45,-2,3
1,1,1,0.417328119278,0.45,1,3
3,2,0,0.548401117325,0.45,-2,3
0,0,1,0.480304002762,0.45,-1,3
3,3,1,0.427731990814,0.45,1,3
0,0,1,0.46164393425,0.45,-1,3
1,1,1,0.377168178558,0.45,1,3
2,2,1,0.325232028961,0.45,1,3
1,1,1,0.560251951218,0.45,-1,3
0,0,1,0.410527944565,0.45,1,3
2,2,1,0.340883016586,0.45,1,3
0,0,1,0.351228952408,0.45,1,3
3,3,1,0.412425041199,0.45,1,3
1,1,1,0.399842977524,0.45,1,3
3,3,1,0.465918064117,0.45,-1,3
2,2,1,0.367213010788,0.45,1,3
3,3,1,0.442970991135,0.45,1,3
0,0,1,0.35627412796,0.45,1,3
2,2,1,0.438445091248,0.45,1,3
1,1,1,0.346831798553,0.45,1,3
0,0,1,0.31861281395,0.45,1,3
1,2,0,0.39466714859,0.45,-2,3
2,2,1,0.323042154312,0.45,1,3
3,3,1,0.207502841949,0.45,1,3
1,0,0,0.265582084656,0.45,-2,3
3,3,1,0.439223051071,0.45,1,3
2,2,1,0.418887138367,0.45,1,3
0,0,1,0.381515026093,0.45,1,3
3,3,1,0.434475898743,0.45,1,3
1,1,1,0.331124067307,0.45,1,3
0,0,1,0.40806889534,0.45,1,3
2,2,1,0.31711602211,0.45,1,3
1,3,0,0.277995109558,0.45,-2,3
2,3,0,0.401616096497,0.45,-2,3
0,0,1,0.566447019577,0.45,-1,3
3,3,1,0.513530015945,0.45,-1,3
0,0,1,0.473278999329,0.45,-1,3
1,1,1,0.343724966049,0.45,1,3
3,2,0,0.305875062943,0.45,-2,3
2,2,1,0.342689990997,0.45,1,3
3,3,1,0.487282037735,0.45,-1,3
0,0,1,0.475888967514,0.45,-1,3
2,2,1,0.424252033234,0.45,1,3
1,1,1,0.395262956619,0.45,1,3
2,3,0,0.349378108978,0.45,-2,3
0,0,1,0.559695005417,0.45,-1,3
1,1,1,0.531636953354,0.45,-1,3
3,3,1,0.559459924698,0.45,-1,3
2,2,1,0.547440052032,0.45,-1,3
3,0,0,0.541147947311,0.45,-2,3
1,1,1,0.590783119202,0.45,-1,3
0,0,1,0.453052043915,0.45,-1,3
3,3,1,0.400120973587,0.45,1,3
1,1,1,0.32355093956,0.45,1,3
2,2,1,0.333709001541,0.45,1,3
0,0,1,0.321856021881,0.45,1,3
1,1,1,0.45191192627,0.45,-1,3
0,0,1,0.463690042496,0.45,-1,3
2,2,1,0.396093845367,0.45,1,3
3,3,1,0.446886062622,0.45,1,3
2,2,1,0.442816972733,0.45,1,3
1,2,0,0.474275112152,0.45,-2,3
3,3,1,0.448673009872,0.45,1,3
0,0,1,0.425918102264,0.45,1,3
3,3,1,0.496028900146,0.45,-1,3
3,3,1,0.540331125259,0.45,-1,4
0,0,1,0.407477855682,0.45,1,4
1,1,1,0.369012117386,0.45,1,4
2,2,1,0.3079829216,0.45,1,4
0,0,1,0.413928031921,0.45,1,4
2,2,1,0.330024003983,0.45,1,4
1,1,1,0.276744842529,0.45,1,4
3,3,1,0.473604202271,0.45,-1,4
2,2,1,0.359643936157,0.45,1,4
3,3,1,0.601965904236,0.45,-1,4
1,1,1,0.465874910355,0.45,-1,4
0,0,1,0.311098098755,0.45,1,4
3,2,0,0.355940818787,0.45,-2,4
0,0,1,0.399009943008,0.45,1,4
2,2,1,0.321390867233,0.45,1,4
1,1,1,0.337446928024,0.45,1,4
2,2,1,0.439269065857,0.45,1,4
0,0,1,0.488126993179,0.45,-1,4
1,1,1,0.420450925827,0.45,1,4
3,3,1,0.513079166412,0.45,-1,4
1,0,0,0.437456846237,0.45,-2,4
0,0,1,0.415501117706,0.45,1,4
3,3,1,0.482808828354,0.45,-1,4
2,2,1,0.440741062164,0.45,1,4
3,-1,0,0.7,0.45,-2,4
0,3,0,0.0521280765533,0.45,-2,4
1,1,1,0.350191116333,0.45,1,4
2,2,1,0.316409111023,0.45,1,4
1,1,1,0.437281847,0.45,1,4
0,0,1,0.423570871353,0.45,1,4
2,2,1,0.333674907684,0.45,1,4
3,3,1,0.502415895462,0.45,-1,4
1,1,1,0.372292995453,0.45,1,4
3,2,0,0.366833209991,0.45,-2,4
2,2,1,0.377629995346,0.45,1,4
0,0,1,0.397366046906,0.45,1,4
3,3,1,0.407181978226,0.45,1,4
0,0,1,0.451489925385,0.45,-1,4
1,2,0,0.342665195465,0.45,-2,4
2,2,1,0.506184101105,0.45,-1,4
1,1,1,0.372791051865,0.45,1,4
0,0,1,0.345139026642,0.45,1,4
2,2,1,0.371268987656,0.45,1,4
0,0,1,0.437632799149,0.45,1,4
3,3,1,0.369980096817,0.45,1,4
2,1,0,0.328433036804,0.45,-2,4
3,3,1,0.619374990463,0.45,-1,4
1,1,1,0.395852088928,0.45,1,4
3,3,1,0.53479886055,0.45,-1,4
1,1,1,0.417943954468,0.45,1,4
0,0,1,0.359742164612,0.45,1,4
2,2,1,0.296878099442,0.45,1,4
0,0,1,0.341578960419,0.45,1,4
1,1,1,0.398941993713,0.45,1,4
2,2,1,0.315412044525,0.45,1,4
3,3,1,0.398844003677,0.45,1,4
2,2,1,0.410987854004,0.45,1,4
1,1,1,0.294099092484,0.45,1,4
3,3,1,0.473242998123,0.45,-1,4
0,0,1,0.395447015762,0.45,1,4
3,3,1,0.58176112175,0.45,-1,4
2,2,1,0.394448041916,0.45,1,4
0,0,1,0.374652147293,0.45,1,4
1,1,1,0.321156024933,0.45,1,4
2,2,1,0.298930883408,0.45,1,4
1,1,1,0.359120130539,0.45,1,4
0,0,1,0.283236980438,0.45,1,4
3,2,0,0.389003038406,0.45,-2,4
1,2,0,0.395245075226,0.45,-2,4
3,3,1,0.573886156082,0.45,-1,4
0,0,1,0.437436103821,0.45,1,4
2,2,1,0.315454006195,0.45,1,4
3,1,0,0.110884904861,0.45,-2,4
2,2,1,0.423415899277,0.45,1,4
0,0,1,0.514892101288,0.45,-1,4
1,1,1,0.361204147339,0.45,1,4
2,2,1,0.297559022903,0.45,1,4
1,1,1,0.515560150146,0.45,-1,4
0,0,1,0.384473085403,0.45,1,4
2,2,1,0.293020009995,0.45,1,4
3,3,1,0.448125839233,0.45,1,4
0,0,1,0.341696023941,0.45,1,4
3,3,1,0.542431116104,0.45,-1,4
1,1,1,0.417138814926,0.45,1,4
3,3,1,0.414566993713,0.45,1,4
2,0,0,0.334070205688,0.45,-2,4
0,0,1,0.451464891434,0.45,-1,4
1,0,0,0.383689165115,0.45,-2,4
0,0,1,0.544540882111,0.45,-1,4
2,2,1,0.454910039902,0.45,-1,4
1,1,1,0.352917909622,0.45,1,4
2,3,0,0.330611944199,0.45,-2,4
3,3,1,0.572892189026,0.45,-1,4
1,1,1,0.491936922073,0.45,-1,4
3,3,1,0.387016057968,0.45,1,4
0,0,1,0.36776304245,0.45,1,4
3,3,1,0.507673978806,0.45,-1,4
2,2,1,0.374092817307,0.45,1,4
0,0,1,0.339327812195,0.45,1,4
1,1,1,0.318310022354,0.45,1,4
0,0,1,0.441331863403,0.45,1,4
2,2,1,0.325496912003,0.45,1,4
1,3,0,0.28018784523,0.45,-2,4
2,2,1,0.41011095047,0.45,1,4
3,3,1,0.359284877777,0.45,1,4
1,1,1,0.322344064713,0.45,1,4
3,3,1,0.469480991364,0.45,-1,4
0,0,1,0.422900915146,0.45,1,4
3,3,1,0.489691972733,0.45,-1,4
2,2,1,0.350433826447,0.45,1,4
1,1,1,0.504877090454,0.45,-1,4
0,0,1,0.317938089371,0.45,1,4
1,1,1,0.446614027023,0.45,1,4
2,2,1,0.428916931152,0.45,1,4
0,0,1,0.479687929153,0.45,-1,4
2,2,1,0.410799980164,0.45,1,4
3,3,1,0.428602218628,0.45,1,4
1,1,1,0.560540914536,0.45,-1,4
3,3,1,0.484944820404,0.45,-1,4
0,0,1,0.455890893936,0.45,-1,4
3,3,1,0.490207910538,0.45,-1,4
2,2,1,0.308140993118,0.45,1,4
0,0,1,0.449194908142,0.45,1,4
1,1,1,0.355710983276,0.45,1,4
0,0,1,0.574615955353,0.45,-1,4
2,2,1,0.474488019943,0.45,-1,4
1,1,1,0.333935976028,0.45,1,4
2,0,0,0.198429107666,0.45,-2,4
3,3,1,0.45303106308,0.45,-1,4
0,0,1,0.357921123505,0.45,1,4
3,3,1,0.418999910355,0.45,1,4
1,2,0,0.350668907166,0.45,-2,4
3,2,0,0.305067062378,0.45,-2,4
1,0,0,0.346467971802,0.45,-2,4
0,0,1,0.382508039474,0.45,1,4
2,2,1,0.321860074997,0.45,1,4
1,1,1,0.604813098907,0.45,-1,4
2,2,1,0.467493057251,0.45,-1,4
0,0,1,0.461067199707,0.45,-1,4
1,1,1,0.425034999847,0.45,1,4
3,3,1,0.413201808929,0.45,1,4
2,2,1,0.357578992844,0.45,1,4
3,-1,0,0.7,0.45,-2,4
0,3,0,0.0134069919586,0.45,-2,4
3,3,1,0.430711984634,0.45,1,4
0,0,1,0.413406133652,0.45,1,4
1,1,1,0.366385936737,0.45,1,4
2,2,1,0.306470155716,0.45,1,4
1,1,1,0.340476036072,0.45,1,4
0,0,1,0.272427082062,0.45,1,4
2,2,1,0.357542991638,0.45,1,4
0,0,1,0.405241966248,0.45,1,4
3,2,0,0.392858982086,0.45,-2,4
1,1,1,0.467136144638,0.45,-1,4
3,3,1,0.391489982605,0.45,1,4
2,2,1,0.427462100983,0.45,1,4
3,3,1,0.485723972321,0.45,-1,4
1,1,1,0.490034103394,0.45,-1,4
2,2,1,0.42409491539,0.45,1,4
0,0,1,0.379009962082,0.45,1,4
2,2,1,0.310502052307,0.45,1,4
1,1,1,0.272219181061,0.45,1,4
0,0,1,0.443315029144,0.45,1,4
1,1,1,0.399683952332,0.45,1,4
3,3,1,0.448544979095,0.45,1,4
2,2,1,0.34974193573,0.45,1,4
3,3,1,0.488259077072,0.45,-1,4
0,0,1,0.386572122574,0.45,1,4
3,3,1,0.471944093704,0.45,-1,4
0,0,1,0.434878110886,0.45,1,4
2,2,1,0.310408115387,0.45,1,4
1,1,1,0.31370306015,0.45,1,4
2,2,1,0.425519943237,0.45,1,4
0,0,1,0.352303981781,0.45,1,4
1,1,1,0.411240100861,0.45,1,4
3,2,0,0.39524102211,0.45,-2,4
1,1,1,0.406593084335,0.45,1,4
0,0,1,0.30023598671,0.45,1,4
3,2,0,0.374074220657,0.45,-2,4
2,2,1,0.480968952179,0.45,-1,4
3,3,1,0.501617908478,0.45,-1,4
2,2,1,0.425298929214,0.45,1,4
0,0,1,0.315094947815,0.45,1,4
1,1,1,0.385174036026,0.45,1,4
2,2,1,0.312852144241,0.45,1,4
1,1,1,0.500643014908,0.45,-1,4
0,0,1,0.370424032211,0.45,1,4
3,3,1,0.53761100769,0.45,-1,4
0,0,1,0.486847162247,0.45,-1,4
2,2,1,0.427131175995,0.45,1,4
3,3,1,0.526240110397,0.45,-1,4
1,1,1,0.387044906616,0.45,1,4
3,3,1,0.364790916443,0.45,1,4
2,2,1,0.341684103012,0.45,1,4
1,1,1,0.33931684494,0.45,1,4
0,0,1,0.374429941177,0.45,1,4
2,2,1,0.387178897858,0.45,1,4
0,0,1,0.347489118576,0.45,1,4
1,1,1,0.35323381424,0.45,1,4
2,2,1,0.283554077148,0.45,1,4
3,3,1,0.29297709465,0.45,1,4
1,1,1,0.386602163315,0.45,1,4
3,3,1,0.406227111816,0.45,1,4
0,0,1,0.410499095917,0.45,1,4
3,3,1,0.435512065887,0.45,1,4
0,0,1,0.414844036102,0.45,1,4
2,2,1,0.336251020432,0.45,1,4
1,0,0,0.285524845123,0.45,-2,4
0,0,1,0.359128952026,0.45,1,4
1,1,1,0.35541009903,0.45,1,4
2,2,1,0.319563150406,0.45,1,4
3,3,1,0.25842499733,0.45,1,4
2,0,0,0.316560983658,0.45,-2,4
0,0,1,0.35474896431,0.45,1,4
3,2,0,0.306318044662,0.45,-2,4
1,1,1,0.471409082413,0.45,-1,4
3,3,1,0.402893066406,0.45,1,4
3,3,1,0.397798061371,0.45,1,5
1,1,1,0.336848020554,0.45,1,5
0,0,1,0.283931016922,0.45,1,5
2,1,0,0.381791830063,0.45,-2,5
0,0,1,0.327912092209,0.45,1,5
1,1,1,0.31014919281,0.45,1,5
2,2,1,0.338229894638,0.45,1,5
3,2,0,0.355040073395,0.45,-2,5
0,0,1,0.397093057632,0.45,1,5
3,3,1,0.447257041931,0.45,1,5
2,2,1,0.421216964722,0.45,1,5
1,1,1,0.342487096786,0.45,1,5
3,3,1,0.428844928741,0.45,1,5
0,0,1,0.461922883987,0.45,-1,5
2,2,1,0.360482931137,0.45,1,5
1,0,0,0.308728933334,0.45,-2,5
0,0,1,0.399879932404,0.45,1,5
1,1,1,0.419778823853,0.45,1,5
2,2,1,0.304414987564,0.45,1,5
3,3,1,0.249577999115,0.45,1,5
2,2,1,0.269052028656,0.45,1,5
0,0,1,0.409274101257,0.45,1,5
3,3,1,0.437830924988,0.45,1,5
1,1,1,0.40124797821,0.45,1,5
3,2,0,0.299147129059,0.45,-2,5
1,1,1,0.445137023926,0.45,1,5
0,0,1,0.400740146637,0.45,1,5
2,2,1,0.405988931656,0.45,1,5
0,0,1,0.34285902977,0.45,1,5
1,1,1,0.371206045151,0.45,1,5
2,2,1,0.311165094376,0.45,1,5
3,3,1,0.306160926819,0.45,1,5
0,0,1,0.341001987457,0.45,1,5
3,2,0,0.415345907211,0.45,-2,5
2,2,1,0.40075802803,0.45,1,5
1,1,1,0.428846120834,0.45,1,5
3,3,1,0.432887792587,0.45,1,5
2,2,1,0.326138019562,0.45,1,5
1,1,1,0.344036102295,0.45,1,5
0,0,1,0.221076011658,0.45,1,5
2,2,1,0.309901952744,0.45,1,5
0,0,1,0.369728088379,0.45,1,5
1,1,1,0.397850036621,0.45,1,5
3,3,1,0.465204954147,0.45,-1,5
0,0,1,0.485577106476,0.45,-1,5
3,3,1,0.505178928375,0.45,-1,5
1,1,1,0.402014017105,0.45,1,5
2,2,1,0.395665168762,0.45,1,5
3,3,1,0.441568136215,0.45,1,5
1,0,0,0.34081697464,0.45,-2,5
0,0,1,0.343434095383,0.45,1,5
2,2,1,0.361961841583,0.45,1,5
1,1,1,0.271358013153,0.45,1,5
2,3,0,0.272026062012,0.45,-2,5
0,0,1,0.442410945892,0.45,1,5
1,1,1,0.421308040619,0.45,1,5
3,3,1,0.369390010834,0.45,1,5
0,0,1,0.429568052292,0.45,1,5
3,3,1,0.457504034042,0.45,-1,5
2,1,0,0.412925958633,0.45,-2,5
3,3,1,0.471898078918,0.45,-1,5
2,2,1,0.345205068588,0.45,1,5
0,0,1,0.390655040741,0.45,1,5
1,1,1,0.386945009232,0.45,1,5
0,0,1,0.48331618309,0.45,-1,5
2,2,1,0.353209018707,0.45,1,5
1,1,1,0.506048202515,0.45,-1,5
2,2,1,0.438044071198,0.45,1,5
3,3,1,0.328697919846,0.45,1,5
0,0,1,0.333844184875,0.45,1,5
3,2,0,0.279810905457,0.45,-2,5
1,1,1,0.485534906387,0.45,-1,5
3,2,0,0.389891862869,0.45,-2,5
2,2,1,0.474633932114,0.45,-1,5
0,0,1,0.427917003632,0.45,1,5
1,1,1,0.394216775894,0.45,1,5
0,0,1,0.493541002274,0.45,-1,5
2,2,1,0.448875904083,0.45,1,5
1,1,1,0.47239279747,0.45,-1,5
3,3,1,0.428797960281,0.45,1,5
1,1,1,0.481695890427,0.45,-1,5
2,2,1,0.411905050278,0.45,1,5
3,3,1,0.44081401825,0.45,1,5
0,0,1,0.465103149414,0.45,-1,5
3,2,0,0.501111984253,0.45,-2,5
1,1,1,0.61056303978,0.45,-1,5
2,2,1,0.467106819153,0.45,-1,5
0,0,1,0.350030899048,0.45,1,5
2,2,1,0.50764799118,0.45,-1,5
1,1,1,0.454552173615,0.45,-1,5
0,0,1,0.440937042236,0.45,1,5
1,1,1,0.44255399704,0.45,1,5
3,3,1,0.4261469841,0.45,1,5
0,0,1,0.443342924118,0.45,1,5
3,3,1,0.414015054703,0.45,1,5
2,2,1,0.313372135162,0.45,1,5
3,3,1,0.526818037033,0.45,-1,5
0,0,1,0.503273963928,0.45,-1,5
2,2,1,0.346925973892,0.45,1,5
1,1,1,0.308279037476,0.45,1,5
0,0,1,0.336035966873,0.45,1,5
1,3,0,0.292834043503,0.45,-2,5
2,2,1,0.43071103096,0.45,1,5
3,3,1,0.363609075546,0.45,1,5
1,1,1,0.423393011093,0.45,1,5
3,3,1,0.393975019455,0.45,1,5
2,2,1,0.291903018951,0.45,1,5
0,0,1,0.279949903488,0.45,1,5
3,3,1,0.379639148712,0.45,1,5
1,1,1,0.415817975998,0.45,1,5
2,2,1,0.265645027161,0.45,1,5
0,0,1,0.34845995903,0.45,1,5
1,1,1,0.495995044708,0.45,-1,5
0,0,1,0.429298877716,0.45,1,5
2,2,1,0.401460886002,0.45,1,5
3,3,1,0.273319959641,0.45,1,5
0,0,1,0.27957701683,0.45,1,5
3,2,0,0.251219987869,0.45,-2,5
2,2,1,0.477941036224,0.45,-1,5
1,1,1,0.385833978653,0.45,1,5
3,3,1,0.43590092659,0.45,1,5
2,2,1,0.311683893204,0.45,1,5
0,1,0,0.282734870911,0.45,-2,5
1,0,0,0.451787948608,0.45,-2,5
0,0,1,0.440114974976,0.45,1,5
2,2,1,0.45192193985,0.45,-1,5
1,1,1,0.334594964981,0.45,1,5
2,2,1,0.411118030548,0.45,1,5
3,3,1,0.642541885376,0.45,-1,5
1,1,1,0.49749994278,0.45,-1,5
3,3,1,0.428020954132,0.45,1,5
0,0,1,0.408737182617,0.45,1,5
3,3,1,0.360212802887,0.45,1,5
1,1,1,0.414774894714,0.45,1,5
0,0,1,0.482935905457,0.45,-1,5
2,2,1,0.394581079483,0.45,1,5
0,0,1,0.585062026978,0.45,-1,5
1,1,1,0.435421943665,0.45,1,5
2,2,1,0.343955039978,0.45,1,5
1,0,0,0.287500143051,0.45,-2,5
3,3,1,0.445556163788,0.45,1,5
0,0,1,0.478662014008,0.45,-1,5
3,3,1,0.490663051605,0.45,-1,5
2,2,1,0.406542062759,0.45,1,5
3,3,1,0.567505836487,0.45,-1,5
2,2,1,0.468253850937,0.45,-1,5
1,1,1,0.415874958038,0.45,1,5
0,0,1,0.298384189606,0.45,1,5
2,2,1,0.284034013748,0.45,1,5
0,1,0,0.283051967621,0.45,-2,5
1,1,1,0.371310949326,0.45,1,5
3,3,1,0.438928127289,0.45,1,5
1,1,1,0.481688022614,0.45,-1,5
2,2,1,0.412702083588,0.45,1,5
3,3,1,0.433743953705,0.45,1,5
0,0,1,0.35858798027,0.45,1,5
3,2,0,0.366124868393,0.45,-2,5
2,2,1,0.362016201019,0.45,1,5
0,0,1,0.389298915863,0.45,1,5
1,1,1,0.37756896019,0.45,1,5
2,2,1,0.324543952942,0.45,1,5
1,0,0,0.314427852631,0.45,-2,5
0,0,1,0.501395940781,0.45,-1,5
2,2,1,0.40910410881,0.45,1,5
3,3,1,0.353165149689,0.45,1,5
1,1,1,0.565225124359,0.45,-1,5
3,3,1,0.432288885117,0.45,1,5
0,0,1,0.429816007614,0.45,1,5
3,2,0,0.345877885818,0.45,-2,5
1,1,1,0.500523090363,0.45,-1,5
0,0,1,0.50209403038,0.45,-1,5
2,2,1,0.424777984619,0.45,1,5
1,1,1,0.501029014587,0.45,-1,5
2,2,1,0.406048059464,0.45,1,5
0,0,1,0.580268859863,0.45,-1,5
3,3,1,0.399936914444,0.45,1,5
2,2,1,0.407616853714,0.45,1,5
3,2,0,0.508845090866,0.45,-2,5
0,0,1,0.520848035812,0.45,-1,5
1,1,1,0.516760826111,0.45,-1,5
3,3,1,0.437528133392,0.45,1,5
2,2,1,0.280461072922,0.45,1,5
0,0,1,0.445023059845,0.45,1,5
1,1,1,0.344974994659,0.45,1,5
2,2,1,0.26963019371,0.45,1,5
1,0,0,0.41552901268,0.45,-2,5
0,0,1,0.407799005508,0.45,1,5
2,2,1,0.463119029999,0.45,-1,5
3,3,1,0.35329413414,0.45,1,5
0,0,1,0.354239940643,0.45,1,5
3,3,1,0.391465902328,0.45,1,5
1,1,1,0.330028057098,0.45,1,5
3,3,1,0.406507968903,0.45,1,5
2,2,1,0.295888900757,0.45,1,5
0,0,1,0.332801103592,0.45,1,5
1,1,1,0.353008031845,0.45,1,5
2,2,1,0.267735958099,0.45,1,5
1,0,0,0.444625854492,0.45,-2,5
0,0,1,0.359811067581,0.45,1,5
3,2,0,0.330677032471,0.45,-2,5
1,1,1,0.511007785797,0.45,-1,5
3,3,1,0.425547122955,0.45,1,5
0,0,1,0.519688844681,0.45,-1,5
2,2,1,0.410255908966,0.45,1,5
3,3,1,0.403005123138,0.45,1,5
1,1,1,0.402021884918,0.45,1,5
0,0,1,0.308777093887,0.45,1,5
2,2,1,0.304180860519,0.45,1,5
1,1,1,0.363248109818,0.45,1,5
2,2,1,0.462182044983,0.45,-1,5
0,0,1,0.43908405304,0.45,1,5
1,2,0,0.370131015778,0.45,-2,5
3,2,0,0.38426399231,0.45,-2,5
2,1,0,0.443113088608,0.45,-2,5
3,3,1,0.518965959549,0.45,-1,5
0,0,1,0.504855871201,0.45,-1,5
3,3,1,0.43466591835,0.45,1,5
2,2,1,0.669600963593,0.45,-1,6
0,0,1,0.415131092072,0.45,1,6
3,3,1,0.387404918671,0.45,1,6
1,1,1,0.342252969742,0.45,1,6
0,0,1,0.387171983719,0.45,1,6
1,1,1,0.400322198868,0.45,1,6
3,3,1,0.367775917053,0.45,1,6
2,2,1,0.292716026306,0.45,1,6
3,3,1,0.408930063248,0.45,1,6
0,0,1,0.379148006439,0.45,1,6
2,2,1,0.311856031418,0.45,1,6
1,1,1,0.355423927307,0.45,1,6
2,2,1,0.309273004532,0.45,1,6
3,3,1,0.350032091141,0.45,1,6
0,1,0,0.434931993484,0.45,-2,6
1,1,1,0.389711856842,0.45,1,6
3,2,0,0.275770902634,0.45,-2,6
1,1,1,0.428727149963,0.45,1,6
0,0,1,0.354032993317,0.45,1,6
3,3,1,0.483415126801,0.45,-1,6
2,2,1,0.375870943069,0.45,1,6
0,0,1,0.427428007126,0.45,1,6
2,2,1,0.429044961929,0.45,1,6
1,1,1,0.463789224625,0.45,-1,6
2,2,1,0.434765100479,0.45,1,6
3,3,1,0.497287034988,0.45,-1,6
1,1,1,0.568685054779,0.45,-1,6
0,0,1,0.339529037476,0.45,1,6
3,3,1,0.422727108002,0.45,1,6
0,0,1,0.460968971252,0.45,-1,6
1,1,1,0.503093957901,0.45,-1,6
3,3,1,0.403697013855,0.45,1,6
2,2,1,0.404480934143,0.45,1,6
0,0,1,0.367906093597,0.45,1,6
2,2,1,0.355897903442,0.45,1,6
1,1,1,0.392521858215,0.45,1,6
2,2,1,0.380159854889,0.45,1,6
0,0,1,0.46998500824,0.45,-1,6
3,3,1,0.459460020065,0.45,-1,6
1,1,1,0.539275169373,0.45,-1,6
0,0,1,0.46270108223,0.45,-1,6
1,1,1,0.512952804565,0.45,-1,6
3,3,1,0.484309196472,0.45,-1,6
2,2,1,0.384566068649,0.45,1,6
3,3,1,0.556285858154,0.45,-1,6
0,0,1,0.441743135452,0.45,1,6
2,2,1,0.373435974121,0.45,1,6
1,1,1,0.317619085312,0.45,1,6
2,2,1,0.472332000732,0.45,-1,6
0,0,1,0.486483097076,0.45,-1,6
1,1,1,0.383272171021,0.45,1,6
3,3,1,0.426697969437,0.45,1,6
0,0,1,0.454992055893,0.45,-1,6
3,3,1,0.452154874802,0.45,-1,6
1,1,1,0.300670146942,0.45,1,6
2,2,1,0.298696994781,0.45,1,6
1,0,0,0.324727058411,0.45,-2,6
0,0,1,0.430548906326,0.45,1,6
2,2,1,0.348752975464,0.45,1,6
3,3,1,0.390321016312,0.45,1,6
2,2,1,0.33007311821,0.45,1,6
3,3,1,0.541200876236,0.45,-1,6
1,1,1,0.414057016373,0.45,1,6
0,0,1,0.305441856384,0.45,1,6
3,3,1,0.350077152252,0.45,1,6
0,0,1,0.323168039322,0.45,1,6
1,1,1,0.418310880661,0.45,1,6
3,3,1,0.455010890961,0.45,-1,6
2,2,1,0.357512950897,0.45,1,6
0,0,1,0.429996013641,0.45,1,6
2,2,1,0.4022128582,0.45,1,6
1,1,1,0.343272924423,0.45,1,6
2,3,0,0.313755989075,0.45,-2,6
0,0,1,0.459297895432,0.45,-1,6
1,0,0,0.489232063293,0.45,-2,6
3,3,1,0.417212963104,0.45,1,6
0,0,1,0.499372959137,0.45,-1,6
3,2,0,0.466665029526,0.45,-2,6
1,0,0,0.482419013977,0.45,-2,6
0,-1,0,0.7,0.45,-2,6
2,1,0,0.0575330257416,0.45,-2,6
3,3,1,0.420976161957,0.45,1,6
2,2,1,0.537777900696,0.45,-1,6
1,1,1,0.43491101265,0.45,1,6
2,2,1,0.512213945389,0.45,-1,6
0,0,1,0.354815006256,0.45,1,6
3,3,1,0.445359945297,0.45,1,6
1,1,1,0.344218969345,0.45,1,6
0,0,1,0.410390853882,0.45,1,6
1,1,1,0.401489973068,0.45,1,6
3,3,1,0.347067117691,0.45,1,6
0,0,1,0.351119041443,0.45,1,6
2,2,1,0.307466983795,0.45,1,6
1,0,0,0.316609144211,0.45,-2,6
2,1,0,0.367738008499,0.45,-2,6
3,3,1,0.483414888382,0.45,-1,6
2,2,1,0.373159885406,0.45,1,6
1,1,1,0.299710988998,0.45,1,6
0,0,1,0.277173042297,0.45,1,6
3,3,1,0.366888999939,0.45,1,6
0,0,1,0.546608924866,0.45,-1,6
1,1,1,0.608047962189,0.45,-1,6
3,3,1,0.504148006439,0.45,-1,6
2,2,1,0.317244052887,0.45,1,6
3,3,1,0.440838098526,0.45,1,6
1,1,1,0.35481595993,0.45,1,6
2,2,1,0.446815013885,0.45,1,6
0,0,1,0.393405914307,0.45,1,6
2,2,1,0.431255102158,0.45,1,6
1,1,1,0.361321926117,0.45,1,6
3,3,1,0.290359020233,0.45,1,6
0,0,1,0.421803951263,0.45,1,6
3,3,1,0.345769882202,0.45,1,6
1,1,1,0.276844978333,0.45,1,6
0,0,1,0.362053871155,0.45,1,6
1,1,1,0.430246829987,0.45,1,6
2,2,1,0.321278095245,0.45,1,6
0,1,0,0.381128072739,0.45,-2,6
2,2,1,0.446979045868,0.45,1,6
3,3,1,0.424597024918,0.45,1,6
2,2,1,0.355418920517,0.45,1,6
1,0,0,0.312247991562,0.45,-2,6
3,3,1,0.508232116699,0.45,-1,6
0,0,1,0.501153945923,0.45,-1,6
3,3,1,0.432553052902,0.45,1,6
1,1,1,0.372007131577,0.45,1,6
0,0,1,0.448833942413,0.45,1,6
1,1,1,0.403681993484,0.45,1,6
2,2,1,0.300808906555,0.45,1,6
3,3,1,0.28765296936,0.45,1,6
2,2,1,0.406241893768,0.45,1,6
0,0,1,0.520867109299,0.45,-1,6
2,2,1,0.396635770798,0.45,1,6
0,0,1,0.465036869049,0.45,-1,6
1,1,1,0.475651025772,0.45,-1,6
3,3,1,0.375253915787,0.45,1,6
0,0,1,0.505906105042,0.45,-1,6
3,3,1,0.428969860077,0.45,1,6
1,1,1,0.405090093613,0.45,1,6
0,0,1,0.681301116943,0.45,-1,6
2,2,1,0.412479877472,0.45,1,6
3,3,1,0.447615861893,0.45,1,6
2,2,1,0.379631996155,0.45,1,6
1,0,0,0.51374912262,0.45,-2,6
2,2,1,0.468070030212,0.45,-1,6
0,0,1,0.48734998703,0.45,-1,6
3,3,1,0.375705003738,0.45,1,6
1,1,1,0.362965106964,0.45,1,6
3,3,1,0.422194004059,0.45,1,6
0,0,1,0.356356143951,0.45,1,6
1,1,1,0.326459884644,0.45,1,6
0,0,1,0.561453104019,0.45,-1,6
2,2,1,0.41919708252,0.45,1,6
1,0,0,0.354161977768,0.45,-2,6
2,2,1,0.523335933685,0.45,-1,6
3,3,1,0.661864042282,0.45,-1,6
2,2,1,0.521118879318,0.45,-1,6
3,3,1,0.499833106995,0.45,-1,6
0,0,1,0.465008974075,0.45,-1,6
1,1,1,0.341242074966,0.45,1,6
3,2,0,0.309456110001,0.45,-2,6
1,0,0,0.512953996658,0.45,-2,6
0,0,1,0.614651918411,0.45,-1,6
2,2,1,0.450346946716,0.45,-1,6
0,0,1,0.492254018784,0.45,-1,6
3,3,1,0.432660102844,0.45,1,6
2,2,1,0.427631139755,0.45,1,6
1,1,1,0.341705083847,0.45,1,6
2,2,1,0.354192972183,0.45,1,6
0,0,1,0.446007966995,0.45,1,6
1,1,1,0.480484008789,0.45,-1,6
3,3,1,0.392618179321,0.45,1,6
1,1,1,0.477097034454,0.45,-1,6
0,0,1,0.33748292923,0.45,1,6
3,3,1,0.452003002167,0.45,-1,6
2,2,1,0.309571027756,0.45,1,6
3,3,1,0.498849868774,0.45,-1,6
0,0,1,0.432015180588,0.45,1,6
2,2,1,0.299629926682,0.45,1,6
1,1,1,0.279273033142,0.45,1,6
2,2,1,0.401932001114,0.45,1,6
3,2,0,0.346476078033,0.45,-2,6
1,1,1,0.428830862045,0.45,1,6
0,0,1,0.514590978622,0.45,-1,6
3,3,1,0.390418052673,0.45,1,6
0,0,1,0.402287960052,0.45,1,6
1,0,0,0.466896057129,0.45,-2,6
2,2,1,0.396548032761,0.45,1,6
0,0,1,0.467875957489,0.45,-1,6
2,3,0,0.316877126694,0.45,-2,6
1,0,0,0.431110858917,0.45,-2,6
3,3,1,0.466654062271,0.45,-1,6
2,2,1,0.399629831314,0.45,1,6
3,3,1,0.553116798401,0.45,-1,6
0,0,1,0.493542194366,0.45,-1,6
1,1,1,0.497488021851,0.45,-1,6
3,3,1,0.484302997589,0.45,-1,6
1,1,1,0.493968009949,0.45,-1,6
0,0,1,0.420522928238,0.45,1,6
3,3,1,0.406253099442,0.45,1,6
2,2,1,0.287832975388,0.45,1,6
0,0,1,0.475394964218,0.45,-1,6
2,2,1,0.421887159348,0.45,1,6
1,1,1,0.371611118317,0.45,1,6
2,2,1,0.454476833344,0.45,-1,6
3,3,1,0.400770902634,0.45,1,6
0,0,1,0.467358112335,0.45,-1,6
1,1,1,0.350526094437,0.45,1,6
3,3,1,0.394862890244,0.45,1,6
1,1,1,0.350028038025,0.45,1,6
0,0,1,0.441554069519,0.45,1,6
3,3,1,0.493669986725,0.45,-1,6
2,2,1,0.530603170395,0.45,-1,6
0,0,1,0.493521928787,0.45,-1,6
2,2,1,0.368674039841,0.45,1,6
1,1,1,0.361010074615,0.45,1,6
2,2,1,0.446603059769,0.45,1,6
2,2,1,0.491955041885,0.45,-1,7
3,3,1,0.399396896362,0.45,1,7
0,0,1,0.419094800949,0.45,1,7
1,1,1,0.284426927567,0.45,1,7
0,0,1,0.384259939194,0.45,1,7
3,3,1,0.370438814163,0.45,1,7
1,1,1,0.452950954437,0.45,-1,7
3,3,1,0.395133018494,0.45,1,7
2,1,0,0.335151910782,0.45,-2,7
1,1,1,0.400589942932,0.45,1,7
2,0,0,0.267776966095,0.45,-2,7
0,1,0,0.360254049301,0.45,-2,7
2,2,1,0.410910129547,0.45,1,7
3,3,1,0.48801612854,0.45,-1,7
1,1,1,0.456918954849,0.45,-1,7
0,0,1,0.363467931747,0.45,1,7
3,2,0,0.367253065109,0.45,-2,7
0,0,1,0.417098045349,0.45,1,7
1,1,1,0.363837003708,0.45,1,7
2,2,1,0.297091007233,0.45,1,7
0,0,1,0.405180931091,0.45,1,7
2,2,1,0.358178853989,0.45,1,7
1,1,1,0.365227937698,0.45,1,7
3,3,1,0.3591401577,0.45,1,7
2,2,1,0.287642002106,0.45,1,7
1,1,1,0.387668132782,0.45,1,7
0,0,1,0.391974925995,0.45,1,7
3,3,1,0.483245134354,0.45,-1,7
1,0,0,0.396944046021,0.45,-2,7
3,3,1,0.474797964096,0.45,-1,7
0,0,1,0.471384048462,0.45,-1,7
1,1,1,0.415170907974,0.45,1,7
2,2,1,0.275671958923,0.45,1,7
3,3,1,0.30836391449,0.45,1,7
2,-1,0,0.7,0.45,-2,7
0,2,0,0.0313739776611,0.45,-2,7
2,2,1,0.360016107559,0.45,1,7
1,0,0,0.355897188187,0.45,-2,7
0,0,1,0.350333929062,0.45,1,7
3,2,0,0.3961789608,0.45,-2,7
0,-1,0,0.7,0.45,-2,7
1,0,0,0.0665040016174,0.45,-2,7
3,3,1,0.397162914276,0.45,1,7
1,1,1,0.437813997269,0.45,1,7
2,2,1,0.408549070358,0.45,1,7
3,3,1,0.470932006836,0.45,-1,7
2,2,1,0.552680969238,0.45,-1,7
0,0,1,0.510807037354,0.45,-1,7
2,2,1,0.37652015686,0.45,1,7
0,0,1,0.4979159832,0.45,-1,7
3,3,1,0.389816999435,0.45,1,7
1,1,1,0.400555849075,0.45,1,7
0,0,1,0.460292100906,0.45,-1,7
1,1,1,0.553514003754,0.45,-1,7
3,3,1,0.434420108795,0.45,1,7
0,0,1,0.50058221817,0.45,-1,7
2,2,1,0.416328191757,0.45,1,7
1,1,1,0.413254976273,0.45,1,7
2,2,1,0.414355993271,0.45,1,7
3,3,1,0.469130992889,0.45,-1,7
2,1,0,0.388051986694,0.45,-2,7
1,1,1,0.363914966583,0.45,1,7
0,0,1,0.261130094528,0.45,1,7
3,3,1,0.431130886078,0.45,1,7
0,0,1,0.484564781189,0.45,-1,7
1,1,1,0.430593013763,0.45,1,7
3,3,1,0.450464010239,0.45,-1,7
1,1,1,0.447067022324,0.45,1,7
2,2,1,0.423774957657,0.45,1,7
3,3,1,0.500632047653,0.45,-1,7
2,2,1,0.367789983749,0.45,1,7
0,0,1,0.372019052505,0.45,1,7
2,2,1,0.371547937393,0.45,1,7
1,1,1,0.311717033386,0.45,1,7
3,3,1,0.330770015717,0.45,1,7
0,0,1,0.44021987915,0.45,1,7
1,1,1,0.402995109558,0.45,1,7
0,-1,0,0.7,0.45,-2,7
3,0,0,0.226686954498,0.45,-2,7
2,2,1,0.350451946259,0.45,1,7
0,0,1,0.426095962524,0.45,1,7
2,2,1,0.338256120682,0.45,1,7
3,3,1,0.429170131683,0.45,1,7
1,1,1,0.320070981979,0.45,1,7
2,3,0,0.315567970276,0.45,-2,7
1,1,1,0.424916028976,0.45,1,7
3,3,1,0.413069009781,0.45,1,7
0,0,1,0.279814958572,0.45,1,7
3,3,1,0.354785919189,0.45,1,7
1,1,1,0.357022047043,0.45,1,7
0,0,1,0.433506965637,0.45,1,7
2,2,1,0.316507101059,0.45,1,7
0,0,1,0.470370054245,0.45,-1,7
1,1,1,0.450763940811,0.45,-1,7
2,2,1,0.3806681633,0.45,1,7
3,3,1,0.376060009003,0.45,1,7
2,1,0,0.459014892578,0.45,-2,7
3,3,1,0.519760131836,0.45,-1,7
1,1,1,0.451280832291,0.45,-1,7
0,0,1,0.252350091934,0.45,1,7
1,1,1,0.471467018127,0.45,-1,7
3,3,1,0.517668008804,0.45,-1,7
0,1,0,0.503458976746,0.45,-2,7
2,2,1,0.448892116547,0.45,1,7
0,0,1,0.678302049637,0.45,-1,7
3,3,1,0.512938022614,0.45,-1,7
2,2,1,0.524333000183,0.45,-1,7
1,1,1,0.432494163513,0.45,1,7
2,2,1,0.394090175629,0.45,1,7
3,3,1,0.296118974686,0.45,1,7
0,0,1,0.367317914963,0.45,1,7
1,0,0,0.410225152969,0.45,-2,7
0,1,0,0.502233982086,0.45,-2,7
3,3,1,0.516871929169,0.45,-1,7
1,0,0,0.405089855194,0.45,-2,7
3,3,1,0.450562953949,0.45,-1,7
2,2,1,0.563606023788,0.45,-1,7
0,0,1,0.44137597084,0.45,1,7
2,2,1,0.434557199478,0.45,1,7
1,1,1,0.593147039413,0.45,-1,7
2,2,1,0.408423185349,0.45,1,7
0,0,1,0.403569936752,0.45,1,7
3,2,0,0.321341991425,0.45,-2,7
1,1,1,0.467142105103,0.45,-1,7
0,0,1,0.529366016388,0.45,-1,7
1,1,1,0.449481964111,0.45,1,7
3,2,0,0.366849899292,0.45,-2,7
0,0,1,0.440341949463,0.45,1,7
2,1,0,0.346599817276,0.45,-2,7
3,3,1,0.415411949158,0.45,1,7
2,1,0,0.393385887146,0.45,-2,7
1,1,1,0.476824998856,0.45,-1,7
2,2,1,0.443176984787,0.45,1,7
3,3,1,0.419646024704,0.45,1,7
0,0,1,0.391282081604,0.45,1,7
1,0,0,0.394515991211,0.45,-2,7
0,0,1,0.460837841034,0.45,-1,7
3,3,1,0.407750844955,0.45,1,7
1,1,1,0.398482084274,0.45,1,7
2,2,1,0.31963300705,0.45,1,7
0,0,1,0.324152946472,0.45,1,7
2,2,1,0.40049290657,0.45,1,7
1,1,1,0.30540394783,0.45,1,7
3,3,1,0.349142074585,0.45,1,7
2,2,1,0.287624120712,0.45,1,7
3,3,1,0.428473949432,0.45,1,7
0,0,1,0.349486112595,0.45,1,7
1,1,1,0.323190927505,0.45,1,7
0,0,1,0.501601934433,0.45,-1,7
3,3,1,0.423379898071,0.45,1,7
1,0,0,0.381169080734,0.45,-2,7
3,3,1,0.528281927109,0.45,-1,7
2,2,1,0.386248826981,0.45,1,7
1,1,1,0.349172830582,0.45,1,7
2,2,1,0.385496854782,0.45,1,7
0,0,1,0.48422908783,0.45,-1,7
2,2,1,0.400365114212,0.45,1,7
0,0,1,0.520729064941,0.45,-1,7
3,3,1,0.399725914001,0.45,1,7
1,1,1,0.400431871414,0.45,1,7
3,3,1,0.371831178665,0.45,1,7
0,0,1,0.384109020233,0.45,1,7
1,3,0,0.268049955368,0.45,-2,7
0,0,1,0.566894054413,0.45,-1,7
2,2,1,0.423691987991,0.45,1,7
3,3,1,0.349858999252,0.45,1,7
2,2,1,0.431174039841,0.45,1,7
1,0,0,0.412606954575,0.45,-2,7
2,2,1,0.421669006348,0.45,1,7
1,1,1,0.354753017426,0.45,1,7
0,0,1,0.43470287323,0.45,1,7
3,3,1,0.401978969574,0.45,1,7
0,0,1,0.43757891655,0.45,1,7
1,1,1,0.439167976379,0.45,1,7
3,3,1,0.419297933578,0.45,1,7
2,2,1,0.292610883713,0.45,1,7
3,3,1,0.422021865845,0.45,1,7
1,1,1,0.332997083664,0.45,1,7
2,2,1,0.406954050064,0.45,1,7
0,0,1,0.336828947067,0.45,1,7
2,3,0,0.33554315567,0.45,-2,7
1,1,1,0.403548955917,0.45,1,7
3,3,1,0.371548175812,0.45,1,7
0,0,1,0.414735078812,0.45,1,7
3,3,1,0.420812129974,0.45,1,7
1,1,1,0.343675136566,0.45,1,7
0,0,1,0.376363039017,0.45,1,7
2,1,0,0.460850000381,0.45,-2,7
0,1,0,0.489606142044,0.45,-2,7
1,1,1,0.555005073547,0.45,-1,7
2,2,1,0.332171916962,0.45,1,7
3,3,1,0.304101228714,0.45,1,7
2,2,1,0.362608194351,0.45,1,7
3,3,1,0.495208978653,0.45,-1,7
1,1,1,0.467624902725,0.45,-1,7
0,0,1,0.334607839584,0.45,1,7
1,1,1,0.38382601738,0.45,1,7
3,3,1,0.566214084625,0.45,-1,7
0,0,1,0.586004972458,0.45,-1,7
3,3,1,0.41198682785,0.45,1,7
2,2,1,0.389643192291,0.45,1,7
0,0,1,0.576835870743,0.45,-1,7
2,2,1,0.454267024994,0.45,-1,7
1,1,1,0.375041007996,0.45,1,7
2,2,1,0.355966091156,0.45,1,7
1,1,1,0.391431093216,0.45,1,7
0,0,1,0.323825120926,0.45,1,7
3,3,1,0.41303896904,0.45,1,7
1,0,0,0.409167051315,0.45,-2,7
3,2,0,0.349404096603,0.45,-2,7
0,3,0,0.0457730293274,0.45,-2,7
2,2,1,0.419549942017,0.45,1,7
0,0,1,0.471611976624,0.45,-1,7
1,1,1,0.474229097366,0.45,-1,7
2,2,1,0.299911975861,0.45,1,7
3,3,1,0.357383012772,0.45,1,7
2,2,1,0.298485994339,0.45,1,7
