probe,press,accuracy,rt,threshold,score,run_num
1,1,1,0.565144062042,0.45,-1,0
2,2,1,0.352826118469,0.45,1,0
0,0,1,0.330276966095,0.45,1,0
3,3,1,0.412311077118,0.45,1,0
0,0,1,0.450222969055,0.45,-1,0
2,2,1,0.42032790184,0.45,1,0
3,3,1,0.407120943069,0.45,1,0
1,1,1,0.37975692749,0.45,1,0
0,0,1,0.333575963974,0.45,1,0
1,1,1,0.321825027466,0.45,1,0
3,3,1,0.422240018845,0.45,1,0
2,2,1,0.471793889999,0.45,-1,0
1,1,1,0.41005897522,0.45,1,0
0,0,1,0.317013978958,0.45,1,0
3,3,1,0.312538862228,0.45,1,0
2,2,1,0.366421937943,0.45,1,0
3,3,1,0.446918010712,0.45,1,0
0,0,1,0.412255048752,0.45,1,0
2,2,1,0.403808832169,0.45,1,0
1,1,1,0.361374139786,0.45,1,0
3,3,1,0.324484109879,0.45,1,0
1,1,1,0.401751041412,0.45,1,0
2,2,1,0.34189581871,0.45,1,0
0,0,1,0.34493803978,0.45,1,0
1,1,1,0.410483121872,0.45,1,0
3,3,1,0.403434991837,0.45,1,0
2,2,1,0.384036064148,0.45,1,0
0,0,1,0.358679056168,0.45,1,0
3,2,0,0.320842981339,0.45,-2,0
0,0,1,0.459979057312,0.45,-1,0
2,2,1,0.44678401947,0.45,1,0
3,3,1,0.321161031723,0.45,1,0
1,1,1,0.410598039627,0.45,1,0
2,2,1,0.337510108948,0.45,1,0
1,1,1,0.451866865158,0.45,-1,0
0,1,0,0.367611169815,0.45,-2,0
1,1,1,0.49668097496,0.45,-1,0
0,0,1,0.366307020187,0.45,1,0
2,2,1,0.294368982315,0.45,1,0
3,3,1,0.283964157104,0.45,1,0
2,2,1,0.495194196701,0.45,-1,0
0,0,1,0.439652919769,0.45,1,0
3,3,1,0.540558099747,0.45,-1,0
1,1,1,0.463100910187,0.45,-1,0
2,2,1,0.370927095413,0.45,1,0
1,1,1,0.438169002533,0.45,1,0
3,3,1,0.36939907074,0.45,1,0
0,0,1,0.341965913773,0.45,1,0
1,1,1,0.438785076141,0.45,1,0
0,0,1,0.517513036728,0.45,-1,0
3,3,1,0.448911905289,0.45,1,0
2,2,1,0.428507089615,0.45,1,0
0,0,1,0.430470943451,0.45,1,0
2,2,1,0.398582935333,0.45,1,0
3,3,1,0.346120834351,0.45,1,0
1,1,1,0.368262052536,0.45,1,0
2,2,1,0.426129102707,0.45,1,0
1,1,1,0.398308038712,0.45,1,0
3,3,1,0.327265024185,0.45,1,0
0,0,1,0.292739868164,0.45,1,0
1,1,1,0.493533849716,0.45,-1,0
2,2,1,0.35591506958,0.45,1,0
0,0,1,0.5271089077,0.45,-1,0
3,3,1,0.337614059448,0.45,1,0
0,0,1,0.459002017975,0.45,-1,0
2,2,1,0.311651945114,0.45,1,0
3,3,1,0.323215961456,0.45,1,0
1,1,1,0.310528993607,0.45,1,0
3,3,1,0.351392030716,0.45,1,0
2,2,1,0.34187912941,0.45,1,0
1,1,1,0.337778091431,0.45,1,0
0,0,1,0.301556825638,0.45,1,0
1,2,0,0.270112991333,0.45,-2,0
0,0,1,0.416549921036,0.45,1,0
3,3,1,0.470242977142,0.45,-1,0
2,1,0,0.366954088211,0.45,-2,0
3,2,0,0.434335947037,0.45,-2,0
0,0,1,0.471663951874,0.45,-1,0
2,2,1,0.506142854691,0.45,-1,0
1,1,1,0.44566488266,0.45,1,0
3,3,1,0.354977846146,0.45,1,0
1,0,0,0.297560930252,0.45,-2,0
2,1,0,0.366721153259,0.45,-2,0
0,0,1,0.379591941833,0.45,1,0
1,1,1,0.390053033829,0.45,1,0
2,2,1,0.409673929214,0.45,1,0
0,0,1,0.387382984161,0.45,1,0
3,3,1,0.381263971329,0.45,1,0
0,0,1,0.461168050766,0.45,-1,0
2,2,1,0.413156986237,0.45,1,0
3,3,1,0.378899097443,0.45,1,0
2,2,1,0.462499856949,0.45,-1,0
1,1,1,0.56146812439,0.45,-1,0
3,3,1,0.401993989944,0.45,1,0
1,1,1,0.414579153061,0.45,1,0
0,0,1,0.361603021622,0.45,1,0
1,1,1,0.379782915115,0.45,1,0
2,2,1,0.360418796539,0.45,1,0
0,0,1,0.353888988495,0.45,1,0
3,3,1,0.398978948593,0.45,1,0
0,0,1,0.32226395607,0.45,1,0
2,2,1,0.269458055496,0.45,1,0
3,2,0,0.296000957489,0.45,-2,0
1,1,1,0.492090940475,0.45,-1,0
0,0,1,0.408654928207,0.45,1,0
1,0,0,0.416816949844,0.45,-2,0
3,3,1,0.470077037811,0.45,-1,0
2,2,1,0.512851953506,0.45,-1,0
1,1,1,0.372711896896,0.45,1,0
2,2,1,0.553043842316,0.45,-1,0
0,0,1,0.44101691246,0.45,1,0
3,3,1,0.374258041382,0.45,1,0
2,2,1,0.536659002304,0.45,-1,0
3,3,1,0.413570165634,0.45,1,0
0,0,1,0.440614938736,0.45,1,0
1,1,1,0.371491909027,0.45,1,0
0,0,1,0.391692876816,0.45,1,0
2,2,1,0.289166927338,0.45,1,0
1,1,1,0.357815980911,0.45,1,0
3,3,1,0.272901058197,0.45,1,0
1,0,0,0.291226148605,0.45,-2,0
0,0,1,0.293015003204,0.45,1,0
3,2,0,0.296637058258,0.45,-2,0
2,2,1,0.421775817871,0.45,1,0
3,3,1,0.43296790123,0.45,1,0
0,0,1,0.427588939667,0.45,1,0
2,2,1,0.420519113541,0.45,1,0
1,1,1,0.427053928375,0.45,1,0
3,3,1,0.429579973221,0.45,1,0
1,1,1,0.384356975555,0.45,1,0
2,2,1,0.301207065582,0.45,1,0
0,0,1,0.335958003998,0.45,1,0
1,1,1,0.530163049698,0.45,-1,0
0,0,1,0.454725980759,0.45,-1,0
3,3,1,0.392847061157,0.45,1,0
2,1,0,0.332679986954,0.45,-2,0
3,3,1,0.558497190475,0.45,-1,0
0,0,1,0.548911094666,0.45,-1,0
2,1,0,0.516461849213,0.45,-2,0
1,1,1,0.495652914047,0.45,-1,0
3,3,1,0.483453035355,0.45,-1,0
1,1,1,0.42147397995,0.45,1,0
2,2,1,0.49122595787,0.45,-1,0
0,0,1,0.415781021118,0.45,1,0
1,1,1,0.386072158813,0.45,1,0
0,0,1,0.621854066849,0.45,-1,0
3,3,1,0.416571140289,0.45,1,0
2,2,1,0.396713972092,0.45,1,0
3,2,0,0.357521057129,0.45,-2,0
0,0,1,0.362427949905,0.45,1,0
2,2,1,0.331304073334,0.45,1,0
1,1,1,0.497407913208,0.45,-1,0
2,2,1,0.442993879318,0.45,1,0
0,0,1,0.388246059418,0.45,1,0
1,2,0,0.377651929855,0.45,-2,0
3,3,1,0.461192846298,0.45,-1,0
1,1,1,0.497534990311,0.45,-1,0
3,3,1,0.668104887009,0.45,-1,0
2,1,0,0.485329151154,0.45,-2,0
0,0,1,0.530017852783,0.45,-1,0
3,3,1,0.488093137741,0.45,-1,0
0,0,1,0.423105955124,0.45,1,0
2,2,1,0.342207193375,0.45,1,0
1,1,1,0.325020074844,0.45,1,0
2,2,1,0.568461179733,0.45,-1,0
3,3,1,0.389571905136,0.45,1,0
1,1,1,0.520315170288,0.45,-1,0
0,0,1,0.459529876709,0.45,-1,0
1,1,1,0.494922876358,0.45,-1,0
3,2,0,0.404275894165,0.45,-2,0
0,0,1,0.396420955658,0.45,1,0
2,2,1,0.351330041885,0.45,1,0
0,0,1,0.330801963806,0.45,1,0
3,3,1,0.297650814056,0.45,1,0
2,1,0,0.408727884293,0.45,-2,0
1,1,1,0.390207052231,0.45,1,0
2,2,1,0.361342191696,0.45,1,0
3,3,1,0.301541805267,0.45,1,0
1,1,1,0.527334928513,0.45,-1,0
0,0,1,0.475193023682,0.45,-1,0
1,-1,0,0.7,0.45,-2,0
0,1,0,0.16375207901,0.45,-2,0
3,2,0,0.478800058365,0.45,-2,0
2,2,1,0.663964033127,0.45,-1,0
0,0,1,0.425148963928,0.45,1,0
2,2,1,0.35199213028,0.45,1,0
3,3,1,0.37769985199,0.45,1,0
1,1,1,0.446088075638,0.45,1,0
3,3,1,0.457018852234,0.45,-1,0
0,0,1,0.38725399971,0.45,1,0
1,1,1,0.390218019485,0.45,1,0
2,2,1,0.384309053421,0.45,1,0
1,1,1,0.438905954361,0.45,1,0
3,3,1,0.39895606041,0.45,1,0
2,2,1,0.445251226425,0.45,1,0
0,0,1,0.38129901886,0.45,1,0
3,3,1,0.39453792572,0.45,1,0
0,0,1,0.443708181381,0.45,1,0
2,2,1,0.409010887146,0.45,1,0
1,1,1,0.385881185532,0.45,1,0
0,0,1,0.337590932846,0.45,1,0
1,1,1,0.405436992645,0.45,1,0
2,2,1,0.358740091324,0.45,1,0
3,3,1,0.320884943008,0.45,1,0
1,1,1,0.341742038727,0.45,1,0
3,2,0,0.321176052094,0.45,-2,0
0,0,1,0.331478118896,0.45,1,0
2,2,1,0.302531003952,0.45,1,0
3,3,1,0.280055999756,0.45,1,0
2,3,0,0.405164003372,0.45,-2,0
0,0,1,0.430835962296,0.45,1,0
1,1,1,0.56339597702,0.45,-1,0
0,0,1,0.486493825912,0.45,-1,0
3,3,1,0.553550958633,0.45,-1,0
1,1,1,0.484801054001,0.45,-1,0
2,2,1,0.431836843491,0.45,1,0
1,1,1,0.361359119415,0.45,1,0
0,0,1,0.59391283989,0.45,-1,1
1,1,1,0.417451858521,0.45,1,1
2,2,1,0.320290803909,0.45,1,1
3,3,1,0.315158128738,0.45,1,1
1,1,1,0.335276126862,0.45,1,1
3,2,0,0.305340051651,0.45,-2,1
2,2,1,0.363847970963,0.45,1,1
0,0,1,0.334459066391,0.45,1,1
2,2,1,0.531924009323,0.45,-1,1
1,1,1,0.39035987854,0.45,1,1
0,0,1,0.335321187973,0.45,1,1
3,2,0,0.350005149841,0.45,-2,1
0,0,1,0.384727954865,0.45,1,1
1,2,0,0.312803030014,0.45,-2,1
3,2,0,0.372001886368,0.45,-2,1
2,2,1,0.490479946136,0.45,-1,1
1,1,1,0.580584049225,0.45,-1,1
2,2,1,0.416293859482,0.45,1,1
3,3,1,0.378751993179,0.45,1,1
1,0,0,0.277242183685,0.45,-2,1
0,0,1,0.296509981155,0.45,1,1
2,2,1,0.316662073135,0.45,1,1
0,0,1,0.334932804108,0.45,1,1
3,3,1,0.381891012192,0.45,1,1
0,0,1,0.438879966736,0.45,1,1
3,3,1,0.419360876083,0.45,1,1
1,1,1,0.494795084,0.45,-1,1
2,2,1,0.399785041809,0.45,1,1
1,0,0,0.429600000381,0.45,-2,1
3,3,1,0.407902002335,0.45,1,1
2,1,0,0.403414011002,0.45,-2,1
3,3,1,0.397696018219,0.45,1,1
0,0,1,0.390091896057,0.45,1,1
1,1,1,0.47453212738,0.45,-1,1
0,0,1,0.448136806488,0.45,1,1
2,2,1,0.54492688179,0.45,-1,1
0,0,1,0.403692960739,0.45,1,1
2,2,1,0.351311922073,0.45,1,1
1,0,0,0.306175947189,0.45,-2,1
3,3,1,0.361034154892,0.45,1,1
1,1,1,0.303926944733,0.45,1,1
2,2,1,0.477138996124,0.45,-1,1
3,3,1,0.446763038635,0.45,1,1
2,2,1,0.403773069382,0.45,1,1
0,0,1,0.399389028549,0.45,1,1
3,2,0,0.388419866562,0.45,-2,1
0,0,1,0.411631822586,0.45,1,1
1,1,1,0.432934045792,0.45,1,1
0,0,1,0.493711948395,0.45,-1,1
3,3,1,0.408628940582,0.45,1,1
1,1,1,0.433495998383,0.45,1,1
2,2,1,0.446823835373,0.45,1,1
3,3,1,0.402893066406,0.45,1,1
2,2,1,0.427150011063,0.45,1,1
1,1,1,0.377281904221,0.45,1,1
3,3,1,0.426052808762,0.45,1,1
0,0,1,0.412714958191,0.45,1,1
2,2,1,0.330606937408,0.45,1,1
0,1,0,0.436316013336,0.45,-2,1
1,1,1,0.446970939636,0.45,1,1
0,0,1,0.458043813705,0.45,-1,1
3,3,1,0.39775800705,0.45,1,1
2,2,1,0.650728940964,0.45,-1,1
1,1,1,0.52347111702,0.45,-1,1
2,2,1,0.454823970795,0.45,-1,1
3,3,1,0.387418985367,0.45,1,1
1,1,1,0.404621839523,0.45,1,1
0,0,1,0.411645889282,0.45,1,1
2,2,1,0.357706069946,0.45,1,1
0,0,1,0.346920967102,0.45,1,1
1,1,1,0.438359022141,0.45,1,1
3,3,1,0.384241104126,0.45,1,1
0,0,1,0.39607000351,0.45,1,1
2,2,1,0.375586986542,0.45,1,1
3,3,1,0.434288978577,0.45,1,1
1,1,1,0.501940011978,0.45,-1,1
3,3,1,0.400750160217,0.45,1,1
2,2,1,0.353490114212,0.45,1,1
1,1,1,0.374150037766,0.45,1,1
0,0,1,0.314321041107,0.45,1,1
1,2,0,0.428411006927,0.45,-2,1
2,2,1,0.358375072479,0.45,1,1
0,0,1,0.395677089691,0.45,1,1
3,3,1,0.350965976715,0.45,1,1
0,0,1,0.359936952591,0.45,1,1
1,1,1,0.363028049469,0.45,1,1
3,3,1,0.40194106102,0.45,1,1
2,2,1,0.412171840668,0.45,1,1
1,1,1,0.42227602005,0.45,1,1
2,2,1,0.489176988602,0.45,-1,1
3,3,1,0.461307048798,0.45,-1,1
1,1,1,0.505260944366,0.45,-1,1
0,0,1,0.374046087265,0.45,1,1
3,3,1,0.343652963638,0.45,1,1
0,0,1,0.38725399971,0.45,1,1
2,2,1,0.446969985962,0.45,1,1
0,1,0,0.472255945206,0.45,-2,1
2,2,1,0.67352604866,0.45,-1,1
1,1,1,0.45470905304,0.45,-1,1
3,3,1,0.370036125183,0.45,1,1
2,2,1,0.430432081223,0.45,1,1
3,3,1,0.438558101654,0.45,1,1
1,0,0,0.373133897781,0.45,-2,1
0,0,1,0.431254863739,0.45,1,1
1,1,1,0.387922048569,0.45,1,1
2,2,1,0.357796192169,0.45,1,1
0,0,1,0.370468139648,0.45,1,1
3,3,1,0.365795135498,0.45,1,1
0,0,1,0.326800107956,0.45,1,1
2,2,1,0.386348009109,0.45,1,1
1,1,1,0.387856006622,0.45,1,1
3,3,1,0.395671129227,0.45,1,1
1,1,1,0.387875080109,0.45,1,1
2,2,1,0.345972061157,0.45,1,1
3,3,1,0.381298065186,0.45,1,1
2,2,1,0.430715084076,0.45,1,1
0,0,1,0.418645143509,0.45,1,1
3,3,1,0.387275934219,0.45,1,1
0,0,1,0.375483989716,0.45,1,1
1,1,1,0.365635156631,0.45,1,1
0,0,1,0.399450778961,0.45,1,1
1,1,1,0.434656858444,0.45,1,1
3,3,1,0.388217926025,0.45,1,1
2,2,1,0.37838602066,0.45,1,1
1,0,0,0.348442077637,0.45,-2,1
2,1,0,0.431649923325,0.45,-2,1
3,3,1,0.490870952606,0.45,-1,1
1,1,1,0.444211006165,0.45,1,1
0,0,1,0.433766841888,0.45,1,1
2,2,1,0.411947011948,0.45,1,1
0,0,1,0.512697935104,0.45,-1,1
3,3,1,0.434851884842,0.45,1,1
0,0,1,0.445204973221,0.45,1,1
3,3,1,0.36780500412,0.45,1,1
2,2,1,0.458879947662,0.45,-1,1
1,1,1,0.383879899979,0.45,1,1
3,3,1,0.388166904449,0.45,1,1
1,1,1,0.590353012085,0.45,-1,1
2,-1,0,0.7,0.45,-2,1
0,2,0,0.158375024796,0.45,-2,1
2,3,0,0.47979092598,0.45,-2,1
3,3,1,0.451056003571,0.45,-1,1
0,0,1,0.399331092834,0.45,1,1
1,1,1,0.330176115036,0.45,1,1
0,0,1,0.471102952957,0.45,-1,1
1,1,1,0.440243005753,0.45,1,1
3,3,1,0.419633150101,0.45,1,1
2,2,1,0.461740016937,0.45,-1,1
1,1,1,0.545880079269,0.45,-1,1
2,2,1,0.474936008453,0.45,-1,1
3,3,1,0.529983997345,0.45,-1,1
1,0,0,0.429527997971,0.45,-2,1
0,0,1,0.405478000641,0.45,1,1
2,2,1,0.346493005753,0.45,1,1
0,0,1,0.399981975555,0.45,1,1
3,2,0,0.319229125977,0.45,-2,1
0,0,1,0.475334882736,0.45,-1,1
1,1,1,0.382863998413,0.45,1,1
3,3,1,0.361797094345,0.45,1,1
2,2,1,0.334774971008,0.45,1,1
1,1,1,0.408462047577,0.45,1,1
2,2,1,0.403198003769,0.45,1,1
3,3,1,0.337173938751,0.45,1,1
0,0,1,0.364413976669,0.45,1,1
3,3,1,0.366322994232,0.45,1,1
1,1,1,0.51505112648,0.45,-1,1
0,0,1,0.430614948273,0.45,1,1
2,2,1,0.375756978989,0.45,1,1
0,0,1,0.38028717041,0.45,1,1
2,2,1,0.348000049591,0.45,1,1
3,3,1,0.335989952087,0.45,1,1
1,1,1,0.330662965775,0.45,1,1
3,3,1,0.534334897995,0.45,-1,1
2,2,1,0.461374998093,0.45,-1,1
1,1,1,0.360654830933,0.45,1,1
2,2,1,0.346439123154,0.45,1,1
0,1,0,0.316697835922,0.45,-2,1
3,3,1,0.43932390213,0.45,1,1
0,0,1,0.513906955719,0.45,-1,1
1,1,1,0.487967967987,0.45,-1,1
0,0,1,0.441544055939,0.45,1,1
1,2,0,0.405875921249,0.45,-2,1
3,3,1,0.674428939819,0.45,-1,1
2,2,1,0.453891992569,0.45,-1,1
3,2,0,0.488832950592,0.45,-2,1
1,1,1,0.570941925049,0.45,-1,1
2,1,0,0.663704156876,0.45,-2,1
1,-1,0,0.7,0.45,-2,1
0,1,0,0.0147299766541,0.45,-2,1
2,2,1,0.502816915512,0.45,-1,1
0,0,1,0.473519086838,0.45,-1,1
3,2,0,0.365614175797,0.45,-2,1
0,0,1,0.483122110367,0.45,-1,1
1,1,1,0.557317972183,0.45,-1,1
3,-1,0,0.7,0.45,-2,1
2,3,0,0.00394916534424,0.45,-2,1
1,1,1,0.500604867935,0.45,-1,1
2,2,1,0.503112077713,0.45,-1,1
3,3,1,0.374523878098,0.45,1,1
0,0,1,0.370266914368,0.45,1,1
2,2,1,0.292781829834,0.45,1,1
0,0,1,0.421612977982,0.45,1,1
3,3,1,0.377646923065,0.45,1,1
1,1,1,0.397235155106,0.45,1,1
0,0,1,0.425400018692,0.45,1,1
3,2,0,0.381165027618,0.45,-2,1
2,1,0,0.471179008484,0.45,-2,1
1,1,1,0.427978038788,0.45,1,1
3,3,1,0.540729045868,0.45,-1,1
1,1,1,0.383517026901,0.45,1,1
2,1,0,0.490541934967,0.45,-2,1
3,3,1,0.520921945572,0.45,-1,1
0,0,1,0.354253053665,0.45,1,1
1,1,1,0.396994113922,0.45,1,1
0,0,1,0.368178844452,0.45,1,1
2,2,1,0.316795825958,0.45,1,1
0,0,1,0.365836858749,0.45,1,1
2,2,1,0.489511966705,0.45,-1,2
3,3,1,0.400805950165,0.45,1,2
0,0,1,0.342334985733,0.45,1,2
1,1,1,0.270482063293,0.45,1,2
0,0,1,0.393393993378,0.45,1,2
3,2,0,0.327512979507,0.45,-2,2
1,1,1,0.418202877045,0.45,1,2
2,2,1,0.542308092117,0.45,-1,2
0,0,1,0.374225854874,0.45,1,2
2,2,1,0.337087154388,0.45,1,2
1,1,1,0.384021043777,0.45,1,2
3,3,1,0.393202066422,0.45,1,2
2,2,1,0.460045099258,0.45,-1,2
0,0,1,0.568291902542,0.45,-1,2
3,3,1,0.41090798378,0.45,1,2
1,1,1,0.456032991409,0.45,-1,2
3,2,0,0.355264902115,0.45,-2,2
0,0,1,0.396301031113,0.45,1,2
1,1,1,0.470774888992,0.45,-1,2
2,2,1,0.497563838959,0.45,-1,2
1,0,0,0.392832994461,0.45,-2,2
0,0,1,0.38484287262,0.45,1,2
2,2,1,0.495234012604,0.45,-1,2
3,3,1,0.423619031906,0.45,1,2
2,2,1,0.421591997147,0.45,1,2
3,3,1,0.447777986526,0.45,1,2
0,0,1,0.449198961258,0.45,1,2
1,1,1,0.445508003235,0.45,1,2
0,0,1,0.411185979843,0.45,1,2
3,3,1,0.414009094238,0.45,1,2
1,1,1,0.521075963974,0.45,-1,2
2,2,1,0.385824918747,0.45,1,2
1,1,1,0.429725885391,0.45,1,2
3,3,1,0.418627023697,0.45,1,2
2,2,1,0.517320871353,0.45,-1,2
0,0,1,0.566444158554,0.45,-1,2
2,2,1,0.491898059845,0.45,-1,2
3,3,1,0.542431116104,0.45,-1,2
0,0,1,0.343949079514,0.45,1,2
1,1,1,0.260838031769,0.45,1,2
0,0,1,0.63926410675,0.45,-1,2
3,3,1,0.395025014877,0.45,1,2
1,0,0,0.326190948486,0.45,-2,2
2,1,0,0.323450088501,0.45,-2,2
1,1,1,0.491544961929,0.45,-1,2
3,3,1,0.520385980606,0.45,-1,2
2,2,1,0.525949001312,0.45,-1,2
0,0,1,0.502246141434,0.45,-1,2
2,2,1,0.393893003464,0.45,1,2
1,1,1,0.407397985458,0.45,1,2
3,3,1,0.418399095535,0.45,1,2
0,0,1,0.38774394989,0.45,1,2
3,3,1,0.462870121002,0.45,-1,2
1,1,1,0.408670902252,0.45,1,2
0,0,1,0.381053924561,0.45,1,2
2,2,1,0.456138849258,0.45,-1,2
3,3,1,0.377914905548,0.45,1,2
2,2,1,0.446782112122,0.45,1,2
0,0,1,0.435436010361,0.45,1,2
1,1,1,0.404574155807,0.45,1,2
2,2,1,0.376085042953,0.45,1,2
1,1,1,0.413748979568,0.45,1,2
0,0,1,0.400016069412,0.45,1,2
3,3,1,0.346289157867,0.45,1,2
0,0,1,0.414206027985,0.45,1,2
1,1,1,0.415050983429,0.45,1,2
3,3,1,0.348235845566,0.45,1,2
2,2,1,0.312923908234,0.45,1,2
0,0,1,0.389190912247,0.45,1,2
2,2,1,0.367603063583,0.45,1,2
3,3,1,0.472754001617,0.45,-1,2
1,1,1,0.453995943069,0.45,-1,2
2,1,0,0.456490039825,0.45,-2,2
3,2,0,0.369177103043,0.45,-2,2
1,0,0,0.333138942719,0.45,-2,2
0,0,1,0.434417963028,0.45,1,2
3,3,1,0.350865125656,0.45,1,2
0,0,1,0.45041680336,0.45,-1,2
1,1,1,0.492836952209,0.45,-1,2
2,2,1,0.428671121597,0.45,1,2
0,0,1,0.52089881897,0.45,-1,2
2,2,1,0.454264879227,0.45,-1,2
1,1,1,0.521088123322,0.45,-1,2
3,3,1,0.410737037659,0.45,1,2
2,2,1,0.38417506218,0.45,1,2
0,0,1,0.66591501236,0.45,-1,2
1,1,1,0.403573036194,0.45,1,2
3,3,1,0.416646003723,0.45,1,2
1,0,0,0.386771202087,0.45,-2,2
0,0,1,0.359232187271,0.45,1,2
3,2,0,0.369976997375,0.45,-2,2
0,0,1,0.518189191818,0.45,-1,2
2,2,1,0.505338907242,0.45,-1,2
3,3,1,0.36314201355,0.45,1,2
2,1,0,0.415052175522,0.45,-2,2
1,1,1,0.482678890228,0.45,-1,2
2,2,1,0.488111972809,0.45,-1,2
3,3,1,0.474852085114,0.45,-1,2
1,0,0,0.373312950134,0.45,-2,2
0,0,1,0.351716995239,0.45,1,2
3,3,1,0.443714857101,0.45,1,2
0,0,1,0.390725135803,0.45,1,2
1,1,1,0.376859903336,0.45,1,2
2,2,1,0.356613874435,0.45,1,2
0,0,1,0.346607923508,0.45,1,2
2,2,1,0.531030893326,0.45,-1,2
1,1,1,0.413542985916,0.45,1,2
3,3,1,0.403033018112,0.45,1,2
2,1,0,0.364440917969,0.45,-2,2
0,0,1,0.407361030579,0.45,1,2
3,3,1,0.449947834015,0.45,1,2
1,1,1,0.527900934219,0.45,-1,2
3,3,1,0.427858114243,0.45,1,2
0,0,1,0.40545797348,0.45,1,2
1,1,1,0.346279859543,0.45,1,2
0,0,1,0.445917129517,0.45,1,2
2,2,1,0.358293056488,0.45,1,2
1,1,1,0.34748506546,0.45,1,2
2,2,1,0.423506975174,0.45,1,2
3,3,1,0.442410945892,0.45,1,2
2,2,1,0.347538948059,0.45,1,2
3,3,1,0.487493038177,0.45,-1,2
0,0,1,0.47481918335,0.45,-1,2
1,1,1,0.380841016769,0.45,1,2
3,3,1,0.450114011765,0.45,-1,2
1,0,0,0.41307592392,0.45,-2,2
0,0,1,0.463900089264,0.45,-1,2
2,2,1,0.387068033218,0.45,1,2
0,1,0,0.510660886765,0.45,-2,2
3,3,1,0.528667926788,0.45,-1,2
2,2,1,0.668778896332,0.45,-1,2
1,1,1,0.487445116043,0.45,-1,2
2,2,1,0.641941070557,0.45,-1,2
3,3,1,0.494506120682,0.45,-1,2
1,1,1,0.587489843369,0.45,-1,2
0,0,1,0.574651002884,0.45,-1,2
1,1,1,0.538763046265,0.45,-1,2
3,3,1,0.566378831863,0.45,-1,2
0,0,1,0.456210136414,0.45,-1,2
2,2,1,0.48435997963,0.45,-1,2
0,0,1,0.622590065002,0.45,-1,2
3,3,1,0.586575984955,0.45,-1,2
2,2,1,0.476711034775,0.45,-1,2
1,1,1,0.542456865311,0.45,-1,2
2,2,1,0.532301187515,0.45,-1,2
3,3,1,0.470711946487,0.45,-1,2
0,0,1,0.480139017105,0.45,-1,2
1,1,1,0.460276126862,0.45,-1,2
3,3,1,0.478564977646,0.45,-1,2
1,-1,0,0.7,0.45,-2,2
0,0,1,0.613746166229,0.45,-1,2
3,3,1,0.46660399437,0.45,-1,2
2,-1,0,0.7,0.45,-2,2
0,-1,0,0.7,0.45,-2,2
2,0,0,0.068666934967,0.45,-2,2
1,1,1,0.493842840195,0.45,-1,2
2,2,1,0.498000144958,0.45,-1,2
3,3,1,0.455187082291,0.45,-1,2
0,0,1,0.431174993515,0.45,1,2
1,1,1,0.452022075653,0.45,-1,2
3,3,1,0.60607790947,0.45,-1,2
1,1,1,0.481085062027,0.45,-1,2
0,0,1,0.382683992386,0.45,1,2
3,3,1,0.654838085175,0.45,-1,2
2,2,1,0.419343948364,0.45,1,2
1,1,1,0.470012903214,0.45,-1,2
2,2,1,0.457638025284,0.45,-1,2
0,0,1,0.414038896561,0.45,1,2
2,2,1,0.3288397789,0.45,1,2
3,3,1,0.341375827789,0.45,1,2
0,0,1,0.350481987,0.45,1,2
1,3,0,0.312750101089,0.45,-2,2
3,2,0,0.372713804245,0.45,-2,2
1,1,1,0.479292154312,0.45,-1,2
0,-1,0,0.7,0.45,-2,2
3,3,1,0.456834077835,0.45,-1,2
2,2,1,0.410150051117,0.45,1,2
1,0,0,0.422771930695,0.45,-2,2
2,2,1,0.418151140213,0.45,1,2
0,0,1,0.468860149384,0.45,-1,2
2,2,1,0.405837774277,0.45,1,2
0,0,1,0.586708068848,0.45,-1,2
1,-1,0,0.7,0.45,-2,2
3,1,0,0.00265097618103,0.45,-2,2
0,0,1,0.379920005798,0.45,1,2
3,3,1,0.431948900223,0.45,1,2
1,1,1,0.434301137924,0.45,1,2
0,0,1,0.400083065033,0.45,1,2
2,2,1,0.363316059113,0.45,1,2
3,3,1,0.421486854553,0.45,1,2
2,1,0,0.470562934875,0.45,-2,2
1,0,0,0.50004196167,0.45,-2,2
2,2,1,0.567851066589,0.45,-1,2
3,3,1,0.560361862183,0.45,-1,2
0,0,1,0.415555000305,0.45,1,2
1,1,1,0.512356996536,0.45,-1,2
3,3,1,0.450035810471,0.45,-1,2
1,1,1,0.502014875412,0.45,-1,2
0,0,1,0.378916025162,0.45,1,2
3,3,1,0.462098121643,0.45,-1,2
2,2,1,0.490640878677,0.45,-1,2
0,0,1,0.470350027084,0.45,-1,2
2,2,1,0.534305810928,0.45,-1,2
1,1,1,0.459567070007,0.45,-1,2
2,2,1,0.460738897324,0.45,-1,2
0,1,0,0.400437116623,0.45,-2,2
3,3,1,0.580698013306,0.45,-1,2
1,0,0,0.373872041702,0.45,-2,2
0,0,1,0.396557092667,0.45,1,2
1,1,1,0.5666680336,0.45,-1,2
3,3,1,0.433714866638,0.45,1,2
2,2,1,0.487509012222,0.45,-1,2
1,1,1,0.362367868423,0.45,1,2
2,2,1,0.402815103531,0.45,1,2
3,3,1,0.41669011116,0.45,1,2
0,0,1,0.378052949905,0.45,1,2
2,2,1,0.334214925766,0.45,1,2
3,-1,0,0.7,0.45,-2,3
0,3,0,0.106698036194,0.45,-2,3
2,2,1,0.380805015564,0.45,1,3
1,1,1,0.35993719101,0.45,1,3
2,2,1,0.379801034927,0.45,1,3
0,0,1,0.356575012207,0.45,1,3
1,1,1,0.321295976639,0.45,1,3
0,0,1,0.322248935699,0.45,1,3
3,2,0,0.36066699028,0.45,-2,3
2,2,1,0.339205026627,0.45,1,3
3,3,1,0.423249006271,0.45,1,3
1,1,1,0.410210847855,0.45,1,3
3,2,0,0.357528924942,0.45,-2,3
2,2,1,0.368032932281,0.45,1,3
0,0,1,0.347033023834,0.45,1,3
1,1,1,0.348847866058,0.45,1,3
2,2,1,0.336078166962,0.45,1,3
1,1,1,0.490869045258,0.45,-1,3
0,0,1,0.407338142395,0.45,1,3
2,2,1,0.381447076797,0.45,1,3
3,3,1,0.404785871506,0.45,1,3
0,0,1,0.345659017563,0.45,1,3
3,3,1,0.424269914627,0.45,1,3
1,1,1,0.45018196106,0.45,-1,3
3,3,1,0.45961689949,0.45,-1,3
2,2,1,0.574086904526,0.45,-1,3
0,0,1,0.466685056686,0.45,-1,3
1,1,1,0.365983009338,0.45,1,3
2,2,1,0.384437084198,0.45,1,3
1,1,1,0.461170911789,0.45,-1,3
0,0,1,0.345090150833,0.45,1,3
3,3,1,0.376613855362,0.45,1,3
1,1,1,0.333884954453,0.45,1,3
3,2,0,0.386201858521,0.45,-2,3
0,0,1,0.339266061783,0.45,1,3
2,3,0,0.27325797081,0.45,-2,3
3,3,1,0.377084970474,0.45,1,3
1,1,1,0.360496044159,0.45,1,3
2,2,1,0.361881971359,0.45,1,3
0,0,1,0.355880022049,0.45,1,3
1,1,1,0.35892701149,0.45,1,3
0,0,1,0.466624975204,0.45,-1,3
2,2,1,0.392056941986,0.45,1,3
3,3,1,0.340142965317,0.45,1,3
2,2,1,0.412836074829,0.45,1,3
1,0,0,0.407611131668,0.45,-2,3
3,3,1,0.452180147171,0.45,-1,3
0,0,1,0.454950809479,0.45,-1,3
3,3,1,0.496953010559,0.45,-1,3
0,0,1,0.404644012451,0.45,1,3
2,2,1,0.391128778458,0.45,1,3
1,1,1,0.378218889236,0.45,1,3
2,2,1,0.645439147949,0.45,-1,3
0,0,1,0.513394117355,0.45,-1,3
1,1,1,0.549898147583,0.45,-1,3
0,0,1,0.431524991989,0.45,1,3
3,3,1,0.462265968323,0.45,-1,3
2,2,1,0.437686920166,0.45,1,3
3,3,1,0.483919858932,0.45,-1,3
1,1,1,0.652694940567,0.45,-1,3
3,3,1,0.537690162659,0.45,-1,3
2,2,1,0.450353145599,0.45,-1,3
1,1,1,0.424616098404,0.45,1,3
0,0,1,0.395119905472,0.45,1,3
1,0,0,0.495106935501,0.45,-2,3
2,1,0,0.527838945389,0.45,-2,3
0,0,1,0.558770895004,0.45,-1,3
3,3,1,0.43962097168,0.45,1,3
1,1,1,0.42088508606,0.45,1,3
3,3,1,0.429955005646,0.45,1,3
0,0,1,0.363219976425,0.45,1,3
2,2,1,0.574378967285,0.45,-1,3
3,3,1,0.473341226578,0.45,-1,3
1,1,1,0.619182825089,0.45,-1,3
2,2,1,0.493396043777,0.45,-1,3
0,0,1,0.419329166412,0.45,1,3
2,3,0,0.343361854553,0.45,-2,3
1,1,1,0.561491012573,0.45,-1,3
0,0,1,0.509850025177,0.45,-1,3
3,3,1,0.407871961594,0.45,1,3
0,0,1,0.466836929321,0.45,-1,3
1,1,1,0.357789993286,0.45,1,3
3,3,1,0.670897960663,0.45,-1,3
2,2,1,0.517366170883,0.45,-1,3
3,3,1,0.505120992661,0.45,-1,3
1,0,0,0.444369077682,0.45,-2,3
0,-1,0,0.7,0.45,-2,3
2,-1,0,0.7,0.45,-2,3
0,0,1,0.515836000443,0.45,-1,3
1,2,0,0.432720899582,0.45,-2,3
2,2,1,0.548593044281,0.45,-1,3
1,1,1,0.455655097961,0.45,-1,3
3,3,1,0.363493204117,0.45,1,3
0,0,1,0.326337099075,0.45,1,3
3,3,1,0.343929052353,0.45,1,3
2,2,1,0.378216028214,0.45,1,3
3,3,1,0.404783010483,0.45,1,3
0,0,1,0.29785490036,0.45,1,3
1,3,0,0.283232927322,0.45,-2,3
2,2,1,0.374819040298,0.45,1,3
1,1,1,0.426568984985,0.45,1,3
0,0,1,0.420576095581,0.45,1,3
2,2,1,0.407801151276,0.45,1,3
3,3,1,0.381650924683,0.45,1,3
1,1,1,0.41006398201,0.45,1,3
3,-1,0,0.7,0.45,-2,3
2,1,0,0.48603105545,0.45,-2,3
0,0,1,0.459194898605,0.45,-1,3
3,3,1,0.427308082581,0.45,1,3
1,1,1,0.457607984543,0.45,-1,3
2,2,1,0.483422994614,0.45,-1,3
0,0,1,0.38188290596,0.45,1,3
1,-1,0,0.7,0.45,-2,3
0,0,1,0.383576869965,0.45,1,3
2,2,1,0.386625051498,0.45,1,3
3,3,1,0.390462875366,0.45,1,3
2,2,1,0.432173013687,0.45,1,3
1,1,1,0.490056991577,0.45,-1,3
3,3,1,0.487262010574,0.45,-1,3
0,0,1,0.37614107132,0.45,1,3
3,3,1,0.365789175034,0.45,1,3
1,0,0,0.272392034531,0.45,-2,3
2,1,0,0.285030841827,0.45,-2,3
0,1,0,0.309971094131,0.45,-2,3
1,1,1,0.417403936386,0.45,1,3
0,0,1,0.394782066345,0.45,1,3
2,2,1,0.285481929779,0.45,1,3
1,2,0,0.363661050797,0.45,-2,3
3,3,1,0.421163797379,0.45,1,3
2,2,1,0.354506015778,0.45,1,3
3,3,1,0.43466591835,0.45,1,3
0,0,1,0.36164188385,0.45,1,3
3,-1,0,0.7,0.45,-2,3
0,1,0,0.519587039948,0.45,-2,3
2,2,1,0.459933996201,0.45,-1,3
1,1,1,0.509067058563,0.45,-1,3
0,0,1,0.37020611763,0.45,1,3
1,2,0,0.324877977371,0.45,-2,3
2,2,1,0.535684108734,0.45,-1,3
3,3,1,0.384291887283,0.45,1,3
1,0,0,0.405264139175,0.45,-2,3
3,-1,0,0.7,0.45,-2,3
2,3,0,0.0349409580231,0.45,-2,3
0,0,1,0.32740187645,0.45,1,3
3,3,1,0.476294994354,0.45,-1,3
0,0,1,0.437653064728,0.45,1,3
2,2,1,0.297011852264,0.45,1,3
1,1,1,0.292665958405,0.45,1,3
2,2,1,0.319528102875,0.45,1,3
0,0,1,0.332004070282,0.45,1,3
1,2,0,0.328247785568,0.45,-2,3
0,1,0,0.323339939117,0.45,-2,3
3,2,0,0.38841509819,0.45,-2,3
2,2,1,0.35946893692,0.45,1,3
3,3,1,0.532351016998,0.45,-1,3
1,0,0,0.366904020309,0.45,-2,3
3,3,1,0.552661895752,0.45,-1,3
2,2,1,0.559515953064,0.45,-1,3
0,0,1,0.519124984741,0.45,-1,3
1,1,1,0.412750005722,0.45,1,3
2,2,1,0.373320102692,0.45,1,3
1,0,0,0.449192047119,0.45,-2,3
0,0,1,0.475639820099,0.45,-1,3
3,3,1,0.409703969955,0.45,1,3
0,0,1,0.340775966644,0.45,1,3
2,2,1,0.326009988785,0.45,1,3
3,3,1,0.396184921265,0.45,1,3
1,1,1,0.549700975418,0.45,-1,3
3,2,0,0.406902074814,0.45,-2,3
2,3,0,0.33126282692,0.45,-2,3
1,2,0,0.0335650444031,0.45,-2,3
0,0,1,0.417863845825,0.45,1,3
2,2,1,0.391443014145,0.45,1,3
0,0,1,0.450206041336,0.45,-1,3
1,1,1,0.499241113663,0.45,-1,3
2,2,1,0.513033866882,0.45,-1,3
3,3,1,0.444077014923,0.45,1,3
1,0,0,0.416692972183,0.45,-2,3
3,1,0,0.411094903946,0.45,-2,3
0,0,1,0.419117927551,0.45,1,3
3,3,1,0.416556835175,0.45,1,3
1,1,1,0.564563035965,0.45,-1,3
0,0,1,0.439195156097,0.45,1,3
2,2,1,0.409125089645,0.45,1,3
1,1,1,0.413432121277,0.45,1,3
2,1,0,0.417966842651,0.45,-2,3
0,0,1,0.433919906616,0.45,1,3
1,1,1,0.533074140549,0.45,-1,3
3,3,1,0.643219947815,0.45,-1,3
2,2,1,0.413091897964,0.45,1,3
3,3,1,0.424197912216,0.45,1,3
0,0,1,0.420352220535,0.45,1,3
3,3,1,0.446718931198,0.45,1,3
1,1,1,0.425021886826,0.45,1,3
2,2,1,0.323743104935,0.45,1,3
0,0,1,0.522068977356,0.45,-1,3
2,2,1,0.355310916901,0.45,1,3
1,1,1,0.382020950317,0.45,1,3
0,0,1,0.424333810806,0.45,1,3
3,3,1,0.359368085861,0.45,1,3
2,2,1,0.552890777588,0.45,-1,3
3,1,0,0.53941988945,0.45,-2,3
0,0,1,0.562365055084,0.45,-1,3
1,1,1,0.442143917084,0.45,1,3
3,3,1,0.398237943649,0.45,1,3
0,0,1,0.331200838089,0.45,1,3
2,2,1,0.430657863617,0.45,1,3
1,1,1,0.481763124466,0.45,-1,3
0,3,0,0.467554092407,0.45,-2,3
1,1,1,0.5494120121,0.45,-1,3
2,2,1,0.495867013931,0.45,-1,3
0,0,1,0.500151872635,0.45,-1,3
3,3,1,0.402369022369,0.45,1,3
2,2,1,0.554909944534,0.45,-1,3
3,3,1,0.477741956711,0.45,-1,3
1,1,1,0.50418305397,0.45,-1,3
3,3,1,0.572256088257,0.45,-1,3
2,2,1,0.565058946609,0.45,-1,4
0,0,1,0.384414196014,0.45,1,4
3,3,1,0.345320940018,0.45,1,4
1,1,1,0.391101121902,0.45,1,4
3,3,1,0.480902194977,0.45,-1,4
0,0,1,0.381230831146,0.45,1,4
1,1,1,0.38577413559,0.45,1,4
2,2,1,0.333340883255,0.45,1,4
1,0,0,0.327480077744,0.45,-2,4
0,0,1,0.360718011856,0.45,1,4
2,2,1,0.366404056549,0.45,1,4
3,3,1,0.322432041168,0.45,1,4
2,1,0,0.339923858643,0.45,-2,4
3,3,1,0.392012119293,0.45,1,4
0,0,1,0.37168097496,0.45,1,4
1,1,1,0.294322013855,0.45,1,4
3,2,0,0.26696395874,0.45,-2,4
1,1,1,0.298308134079,0.45,1,4
0,0,1,0.564498901367,0.45,-1,4
3,3,1,0.551649093628,0.45,-1,4
2,2,1,0.519075870514,0.45,-1,4
0,0,1,0.471726179123,0.45,-1,4
2,2,1,0.502227067947,0.45,-1,4
1,1,1,0.406356811523,0.45,1,4
2,2,1,0.371524810791,0.45,1,4
0,0,1,0.366487026215,0.45,1,4
3,3,1,0.347321033478,0.45,1,4
1,2,0,0.316740989685,0.45,-2,4
3,3,1,0.399999141693,0.45,1,4
0,0,1,0.400700807571,0.45,1,4
1,1,1,0.375427961349,0.45,1,4
0,0,1,0.378595113754,0.45,1,4
2,2,1,0.322909116745,0.45,1,4
3,3,1,0.343953132629,0.45,1,4
2,2,1,0.386464118958,0.45,1,4
1,1,1,0.365041971207,0.45,1,4
2,2,1,0.32229590416,0.45,1,4
1,1,1,0.437198162079,0.45,1,4
3,3,1,0.361555099487,0.45,1,4
0,0,1,0.3214199543,0.45,1,4
3,2,0,0.327233076096,0.45,-2,4
1,0,0,0.305893182755,0.45,-2,4
0,0,1,0.435952186584,0.45,1,4
2,2,1,0.36652302742,0.45,1,4
3,3,1,0.34707403183,0.45,1,4
2,2,1,0.551908016205,0.45,-1,4
0,0,1,0.379220962524,0.45,1,4
1,1,1,0.324022054672,0.45,1,4
2,2,1,0.394312143326,0.45,1,4
0,0,1,0.333960056305,0.45,1,4
1,1,1,0.448539972305,0.45,1,4
3,3,1,0.365019083023,0.45,1,4
1,1,1,0.367919921875,0.45,1,4
0,0,1,0.303650140762,0.45,1,4
3,3,1,0.386615037918,0.45,1,4
2,2,1,0.381767034531,0.45,1,4
1,1,1,0.34853386879,0.45,1,4
2,2,1,0.46004486084,0.45,-1,4
3,3,1,0.383429050446,0.45,1,4
0,0,1,0.380172967911,0.45,1,4
2,2,1,0.581666946411,0.45,-1,4
3,3,1,0.355716943741,0.45,1,4
1,1,1,0.380301952362,0.45,1,4
0,0,1,0.385146856308,0.45,1,4
3,3,1,0.412683963776,0.45,1,4
0,0,1,0.433525800705,0.45,1,4
1,1,1,0.515180826187,0.45,-1,4
2,2,1,0.413455963135,0.45,1,4
1,1,1,0.467144012451,0.45,-1,4
3,3,1,0.435903072357,0.45,1,4
2,3,0,0.440031051636,0.45,-2,4
0,0,1,0.466619968414,0.45,-1,4
2,2,1,0.455938100815,0.45,-1,4
0,0,1,0.530395030975,0.45,-1,4
1,1,1,0.436711788177,0.45,1,4
3,3,1,0.423946142197,0.45,1,4
0,0,1,0.450244903564,0.45,-1,4
3,3,1,0.423697948456,0.45,1,4
1,1,1,0.372193098068,0.45,1,4
0,0,1,0.359361886978,0.45,1,4
2,2,1,0.377313137054,0.45,1,4
1,1,1,0.556273937225,0.45,-1,4
2,2,1,0.37402510643,0.45,1,4
3,3,1,0.370610952377,0.45,1,4
2,1,0,0.39103603363,0.45,-2,4
0,1,0,0.354361057281,0.45,-2,4
1,1,1,0.414002895355,0.45,1,4
3,-1,0,0.7,0.45,-2,4
0,-1,0,0.7,0.45,-2,4
3,-1,0,0.7,0.45,-2,4
1,-1,0,0.7,0.45,-2,4
2,1,0,0.0347969532013,0.45,-2,4
3,3,1,0.576372146606,0.45,-1,4
2,1,0,0.483530044556,0.45,-2,4
1,1,1,0.416151046753,0.45,1,4
0,0,1,0.371648073196,0.45,1,4
2,2,1,0.339839935303,0.45,1,4
0,0,1,0.34458398819,0.45,1,4
1,1,1,0.49387216568,0.45,-1,4
3,3,1,0.367510080338,0.45,1,4
0,0,1,0.409964084625,0.45,1,4
3,3,1,0.435395956039,0.45,1,4
1,1,1,0.350280046463,0.45,1,4
0,0,1,0.404272079468,0.45,1,4
2,2,1,0.559500217438,0.45,-1,4
1,1,1,0.507232904434,0.45,-1,4
2,2,1,0.435403108597,0.45,1,4
3,3,1,0.36786198616,0.45,1,4
2,2,1,0.509573936462,0.45,-1,4
0,0,1,0.494455099106,0.45,-1,4
1,1,1,0.363674163818,0.45,1,4
3,3,1,0.491958856583,0.45,-1,4
0,0,1,0.384231805801,0.45,1,4
3,2,0,0.371110916138,0.45,-2,4
1,1,1,0.478850841522,0.45,-1,4
0,0,1,0.466958045959,0.45,-1,4
2,2,1,0.446321964264,0.45,1,4
1,1,1,0.408721923828,0.45,1,4
2,2,1,0.428024053574,0.45,1,4
3,3,1,0.422793149948,0.45,1,4
2,2,1,0.420923948288,0.45,1,4
1,1,1,0.375838041306,0.45,1,4
0,0,1,0.379008054733,0.45,1,4
3,3,1,0.415220022202,0.45,1,4
1,0,0,0.407362937927,0.45,-2,4
3,3,1,0.42608499527,0.45,1,4
0,0,1,0.49557518959,0.45,-1,4
1,1,1,0.441471815109,0.45,1,4
2,2,1,0.404949903488,0.45,1,4
3,3,1,0.346560001373,0.45,1,4
2,2,1,0.538730859756,0.45,-1,4
0,0,1,0.4388859272,0.45,1,4
2,2,1,0.384479999542,0.45,1,4
1,1,1,0.366008043289,0.45,1,4
0,0,1,0.376945018768,0.45,1,4
3,3,1,0.463034152985,0.45,-1,4
1,0,0,0.463979005814,0.45,-2,4
3,3,1,0.457325935364,0.45,-1,4
0,0,1,0.44744515419,0.45,1,4
2,2,1,0.377139091492,0.45,1,4
0,0,1,0.402768135071,0.45,1,4
1,2,0,0.368906021118,0.45,-2,4
2,1,0,0.461139917374,0.45,-2,4
3,3,1,0.527940988541,0.45,-1,4
2,2,1,0.489366054535,0.45,-1,4
0,0,1,0.438453197479,0.45,1,4
1,1,1,0.349654912949,0.45,1,4
3,3,1,0.400730848312,0.45,1,4
0,0,1,0.405817985535,0.45,1,4
3,3,1,0.375235080719,0.45,1,4
1,1,1,0.50191116333,0.45,-1,4
2,2,1,0.359426021576,0.45,1,4
3,3,1,0.330133914948,0.45,1,4
2,2,1,0.509325027466,0.45,-1,4
1,1,1,0.427708864212,0.45,1,4
0,0,1,0.382583856583,0.45,1,4
2,2,1,0.354563951492,0.45,1,4
1,1,1,0.372473955154,0.45,1,4
3,3,1,0.351392030716,0.45,1,4
0,0,1,0.348487854004,0.45,1,4
1,1,1,0.429690122604,0.45,1,4
0,0,1,0.480997800827,0.45,-1,4
3,3,1,0.371459007263,0.45,1,4
1,1,1,0.375190019608,0.45,1,4
2,2,1,0.387297153473,0.45,1,4
0,0,1,0.550202131271,0.45,-1,4
2,2,1,0.358806848526,0.45,1,4
3,3,1,0.332756996155,0.45,1,4
2,2,1,0.399319171906,0.45,1,4
3,3,1,0.412183046341,0.45,1,4
0,0,1,0.334029197693,0.45,1,4
1,1,1,0.283138990402,0.45,1,4
3,3,1,0.467402935028,0.45,-1,4
1,1,1,0.446480989456,0.45,1,4
0,0,1,0.377497911453,0.45,1,4
2,1,0,0.42991900444,0.45,-2,4
1,1,1,0.368394851685,0.45,1,4
2,2,1,0.49244594574,0.45,-1,4
0,0,1,0.406172990799,0.45,1,4
3,3,1,0.394556999207,0.45,1,4
2,2,1,0.349982976913,0.45,1,4
0,0,1,0.395712137222,0.45,1,4
3,2,0,0.439254999161,0.45,-2,4
1,0,0,0.489071846008,0.45,-2,4
3,3,1,0.450891017914,0.45,-1,4
0,0,1,0.38924407959,0.45,1,4
1,1,1,0.395004987717,0.45,1,4
2,2,1,0.285974025726,0.45,1,4
1,1,1,0.458632946014,0.45,-1,4
0,0,1,0.396859169006,0.45,1,4
2,2,1,0.333544969559,0.45,1,4
3,3,1,0.331868886948,0.45,1,4
2,2,1,0.383317947388,0.45,1,4
1,1,1,0.391669988632,0.45,1,4
0,0,1,0.378654956818,0.45,1,4
3,3,1,0.463474988937,0.45,-1,4
0,0,1,0.393613815308,0.45,1,4
1,1,1,0.567468166351,0.45,-1,4
3,3,1,0.503895998001,0.45,-1,4
2,3,0,0.435212135315,0.45,-2,4
3,3,1,0.447885990143,0.45,1,4
1,0,0,0.409837961197,0.45,-2,4
2,2,1,0.471307992935,0.45,-1,4
0,0,1,0.472976922989,0.45,-1,4
2,2,1,0.411856889725,0.45,1,4
3,3,1,0.409882068634,0.45,1,4
0,0,1,0.421398162842,0.45,1,4
1,1,1,0.527933835983,0.45,-1,4
3,3,1,0.402142047882,0.45,1,4
1,0,0,0.429803133011,0.45,-2,4
0,0,1,0.415518045425,0.45,1,4
2,2,1,0.357312202454,0.45,1,4
1,1,1,0.463603973389,0.45,-1,4
2,2,1,0.424870014191,0.45,1,4
0,0,1,0.479030847549,0.45,-1,4
3,2,0,0.392508029938,0.45,-2,4
2,2,1,0.476740121841,0.45,-1,4
0,0,1,0.471571207047,0.45,-1,5
3,3,1,0.395489931107,0.45,1,5
1,1,1,0.388414144516,0.45,1,5
2,2,1,0.280346870422,0.45,1,5
1,0,0,0.293514966965,0.45,-2,5
3,3,1,0.383626937866,0.45,1,5
2,2,1,0.330268859863,0.45,1,5
3,3,1,0.422223091125,0.45,1,5
0,0,1,0.3375852108,0.45,1,5
2,2,1,0.331954956055,0.45,1,5
0,0,1,0.36754488945,0.45,1,5
1,1,1,0.348365068436,0.45,1,5
0,0,1,0.383573055267,0.45,1,5
3,3,1,0.347225904465,0.45,1,5
1,1,1,0.388827085495,0.45,1,5
2,2,1,0.334098100662,0.45,1,5
1,0,0,0.36344909668,0.45,-2,5
3,3,1,0.35918712616,0.45,1,5
2,2,1,0.336425065994,0.45,1,5
3,3,1,0.428243875504,0.45,1,5
0,0,1,0.383816957474,0.45,1,5
2,2,1,0.347553014755,0.45,1,5
0,1,0,0.376645088196,0.45,-2,5
1,1,1,0.409863948822,0.45,1,5
0,0,1,0.454676151276,0.45,-1,5
2,2,1,0.336025953293,0.45,1,5
1,1,1,0.451623916626,0.45,-1,5
3,3,1,0.583895921707,0.45,-1,5
2,2,1,0.443918943405,0.45,1,5
3,3,1,0.380215883255,0.45,1,5
1,1,1,0.367281913757,0.45,1,5
0,0,1,0.381907939911,0.45,1,5
3,3,1,0.360126018524,0.45,1,5
0,0,1,0.417609930038,0.45,1,5
1,1,1,0.415223121643,0.45,1,5
2,2,1,0.368817090988,0.45,1,5
0,0,1,0.366151094437,0.45,1,5
3,2,0,0.375374078751,0.45,-2,5
1,1,1,0.404409885406,0.45,1,5
2,2,1,0.35916185379,0.45,1,5
3,3,1,0.386452913284,0.45,1,5
2,1,0,0.476721048355,0.45,-2,5
1,1,1,0.439455986023,0.45,1,5
3,3,1,0.410981893539,0.45,1,5
0,0,1,0.382536888123,0.45,1,5
2,2,1,0.306395053864,0.45,1,5
0,0,1,0.355523109436,0.45,1,5
1,2,0,0.432551860809,0.45,-2,5
0,1,0,0.450226068497,0.45,-2,5
2,2,1,0.430969953537,0.45,1,5
1,1,1,0.484017133713,0.45,-1,5
3,3,1,0.389981985092,0.45,1,5
1,0,0,0.352627038956,0.45,-2,5
2,1,0,0.372390031815,0.45,-2,5
3,-1,0,0.7,0.45,-2,5
0,0,1,0.372028112411,0.45,1,5
3,3,1,0.381337165833,0.45,1,5
2,2,1,0.383816957474,0.45,1,5
0,0,1,0.410614013672,0.45,1,5
1,1,1,0.406966924667,0.45,1,5
0,0,1,0.540548086166,0.45,-1,5
1,2,0,0.472363948822,0.45,-2,5
2,2,1,0.424782991409,0.45,1,5
3,3,1,0.389893054962,0.45,1,5
1,1,1,0.408983945847,0.45,1,5
3,3,1,0.340628862381,0.45,1,5
2,1,0,0.413527965546,0.45,-2,5
0,1,0,0.433243989944,0.45,-2,5
2,2,1,0.500843048096,0.45,-1,5
1,1,1,0.393316984177,0.45,1,5
0,0,1,0.377907991409,0.45,1,5
3,2,0,0.352387905121,0.45,-2,5
0,0,1,0.410607099533,0.45,1,5
3,3,1,0.348566055298,0.45,1,5
2,1,0,0.376592874527,0.45,-2,5
1,0,0,0.491477966309,0.45,-2,5
3,-1,0,0.7,0.45,-2,5
1,-1,0,0.7,0.45,-2,5
2,-1,0,0.7,0.45,-2,5
3,2,0,0.314445018768,0.45,-2,5
0,0,1,0.325486898422,0.45,1,5
2,2,1,0.288766860962,0.45,1,5
0,0,1,0.409698009491,0.45,1,5
1,1,1,0.469034194946,0.45,-1,5
0,0,1,0.423635959625,0.45,1,5
2,2,1,0.385831832886,0.45,1,5
1,1,1,0.56082201004,0.45,-1,5
3,3,1,0.425407886505,0.45,1,5
2,3,0,0.389457941055,0.45,-2,5
3,3,1,0.432717084885,0.45,1,5
1,1,1,0.396363973618,0.45,1,5
2,2,1,0.409892082214,0.45,1,5
0,0,1,0.393836975098,0.45,1,5
1,1,1,0.373352050781,0.45,1,5
0,0,1,0.417102098465,0.45,1,5
3,3,1,0.389157056808,0.45,1,5
0,0,1,0.400566101074,0.45,1,5
1,1,1,0.386991977692,0.45,1,5
2,2,1,0.406558036804,0.45,1,5
3,3,1,0.44194483757,0.45,1,5
1,1,1,0.450881958008,0.45,-1,5
3,3,1,0.447210788727,0.45,1,5
2,2,1,0.580155134201,0.45,-1,5
0,0,1,0.384674072266,0.45,1,5
2,2,1,0.322358131409,0.45,1,5
1,1,1,0.434993982315,0.45,1,5
0,0,1,0.375169992447,0.45,1,5
3,3,1,0.355982065201,0.45,1,5
0,0,1,0.454236984253,0.45,-1,5
1,1,1,0.472740888596,0.45,-1,5
2,2,1,0.431433916092,0.45,1,5
3,3,1,0.354517936707,0.45,1,5
2,2,1,0.396355867386,0.45,1,5
1,1,1,0.536852121353,0.45,-1,5
3,3,1,0.404953956604,0.45,1,5
1,1,1,0.447646856308,0.45,1,5
0,0,1,0.394536018372,0.45,1,5
3,3,1,0.32509303093,0.45,1,5
0,0,1,0.319963216782,0.45,1,5
2,2,1,0.329300880432,0.45,1,5
0,0,1,0.404367923737,0.45,1,5
1,1,1,0.409944057465,0.45,1,5
3,3,1,0.323770999908,0.45,1,5
2,2,1,0.393353939056,0.45,1,5
3,3,1,0.485234975815,0.45,-1,5
1,1,1,0.503293991089,0.45,-1,5
2,2,1,0.489840984344,0.45,-1,5
1,1,1,0.444138050079,0.45,1,5
0,0,1,0.384607076645,0.45,1,5
3,3,1,0.282228946686,0.45,1,5
0,0,1,0.383522987366,0.45,1,5
2,2,1,0.368086099625,0.45,1,5
0,0,1,0.404815912247,0.45,1,5
3,3,1,0.440475225449,0.45,1,5
2,2,1,0.430828809738,0.45,1,5
1,1,1,0.537477970123,0.45,-1,5
3,3,1,0.468873023987,0.45,-1,5
1,1,1,0.533277988434,0.45,-1,5
2,2,1,0.385709047318,0.45,1,5
3,3,1,0.48438501358,0.45,-1,5
0,0,1,0.385504961014,0.45,1,5
2,2,1,0.42605304718,0.45,1,5
0,0,1,0.408092975616,0.45,1,5
1,1,1,0.458472967148,0.45,-1,5
0,0,1,0.49359703064,0.45,-1,5
3,3,1,0.477172136307,0.45,-1,5
1,1,1,0.593791007996,0.45,-1,5
2,2,1,0.423522949219,0.45,1,5
1,0,0,0.371608972549,0.45,-2,5
3,3,1,0.33899307251,0.45,1,5
2,2,1,0.353446006775,0.45,1,5
3,3,1,0.451576948166,0.45,-1,5
0,0,1,0.398380994797,0.45,1,5
2,2,1,0.354280948639,0.45,1,5
0,0,1,0.452651023865,0.45,-1,5
1,2,0,0.514668941498,0.45,-2,5
0,0,1,0.546939134598,0.45,-1,5
3,3,1,0.445561885834,0.45,1,5
1,0,0,0.508496999741,0.45,-2,5
2,2,1,0.475980043411,0.45,-1,5
1,0,0,0.547083854675,0.45,-2,5
3,3,1,0.453831911087,0.45,-1,5
2,2,1,0.448943853378,0.45,1,5
3,3,1,0.545037984848,0.45,-1,5
0,0,1,0.430400848389,0.45,1,5
2,2,1,0.410570144653,0.45,1,5
0,0,1,0.419450044632,0.45,1,5
1,1,1,0.585326194763,0.45,-1,5
0,0,1,0.466858148575,0.45,-1,5
3,3,1,0.396831989288,0.45,1,5
2,2,1,0.371115922928,0.45,1,5
1,1,1,0.294164896011,0.45,1,5
3,3,1,0.345440149307,0.45,1,5
1,0,0,0.381171941757,0.45,-2,5
2,1,0,0.476835012436,0.45,-2,5
3,3,1,0.474980115891,0.45,-1,5
0,0,1,0.363380908966,0.45,1,5
2,2,1,0.280783891678,0.45,1,5
0,0,1,0.404958963394,0.45,1,5
1,3,0,0.311923027039,0.45,-2,5
0,0,1,0.442659854889,0.45,1,5
3,3,1,0.436702013016,0.45,1,5
2,2,1,0.378200054169,0.45,1,5
1,0,0,0.385797977448,0.45,-2,5
2,2,1,0.4221098423,0.45,1,5
3,2,0,0.386801958084,0.45,-2,5
1,1,1,0.500617027283,0.45,-1,5
0,0,1,0.442398071289,0.45,1,5
1,-1,0,0.7,0.45,-2,5
3,3,1,0.392641782761,0.45,1,5
0,0,1,0.368316888809,0.45,1,5
2,2,1,0.34298992157,0.45,1,5
0,0,1,0.376132011414,0.45,1,5
1,1,1,0.442707061768,0.45,1,5
3,3,1,0.342348098755,0.45,1,5
2,2,1,0.449695110321,0.45,1,5
1,1,1,0.3722178936,0.45,1,5
2,3,0,0.45716881752,0.45,-2,5
3,3,1,0.387875080109,0.45,1,5
0,0,1,0.305498838425,0.45,1,5
3,2,0,0.257411003113,0.45,-2,5
1,1,1,0.447046995163,0.45,1,5
0,0,1,0.514440059662,0.45,-1,5
2,2,1,0.363716125488,0.45,1,5
0,0,1,0.434221982956,0.45,1,5
3,3,1,0.475164175034,0.45,-1,5
2,2,1,0.470242977142,0.45,-1,5
1,1,1,0.498306035995,0.45,-1,5
2,2,1,0.363570928574,0.45,1,5
3,3,1,0.384561061859,0.45,1,5
1,0,0,0.322627067566,0.45,-2,5
3,3,1,0.391973018646,0.45,1,5
0,1,0,0.427644014359,0.45,-2,5
2,2,1,0.463180065155,0.45,-1,5
0,0,1,0.489239931107,0.45,-1,5
1,1,1,0.494379043579,0.45,-1,5
0,0,1,0.453769922256,0.45,-1,5
3,3,1,0.459508180618,0.45,-1,6
2,2,1,0.367522954941,0.45,1,6
1,1,1,0.311345815659,0.45,1,6
0,0,1,0.324959039688,0.45,1,6
2,2,1,0.295101881027,0.45,1,6
0,1,0,0.275967121124,0.45,-2,6
1,0,0,0.349567890167,0.45,-2,6
2,2,1,0.33034992218,0.45,1,6
3,3,1,0.533351898193,0.45,-1,6
1,1,1,0.466170072556,0.45,-1,6
3,3,1,0.426479101181,0.45,1,6
0,0,1,0.366368055344,0.45,1,6
3,3,1,0.385990142822,0.45,1,6
2,2,1,0.41979598999,0.45,1,6
1,1,1,0.406290054321,0.45,1,6
0,0,1,0.369361877441,0.45,1,6
2,2,1,0.334992170334,0.45,1,6
0,0,1,0.386069059372,0.45,1,6
1,1,1,0.42680978775,0.45,1,6
3,3,1,0.345492124557,0.45,1,6
1,1,1,0.388755083084,0.45,1,6
2,2,1,0.333470106125,0.45,1,6
3,3,1,0.490954875946,0.45,-1,6
0,0,1,0.356922864914,0.45,1,6
3,3,1,0.424377918243,0.45,1,6
0,0,1,0.379548072815,0.45,1,6
2,2,1,0.383156061172,0.45,1,6
1,1,1,0.403309106827,0.45,1,6
0,0,1,0.392008066177,0.45,1,6
1,1,1,0.538908004761,0.45,-1,6
2,1,0,0.387846946716,0.45,-2,6
0,3,0,0.327883005142,0.45,-2,6
3,3,1,0.354588031769,0.45,1,6
2,3,0,0.325577020645,0.45,-2,6
3,3,1,0.53795003891,0.45,-1,6
1,1,1,0.509415149689,0.45,-1,6
3,2,0,0.383064031601,0.45,-2,6
0,0,1,0.461047887802,0.45,-1,6
1,2,0,0.502928972244,0.45,-2,6
2,2,1,0.483012914658,0.45,-1,6
0,0,1,0.454165935516,0.45,-1,6
2,2,1,0.406816959381,0.45,1,6
1,1,1,0.451155185699,0.45,-1,6
3,3,1,0.396725177765,0.45,1,6
1,1,1,0.338047981262,0.45,1,6
0,0,1,0.348157167435,0.45,1,6
3,3,1,0.328219890594,0.45,1,6
2,2,1,0.34975194931,0.45,1,6
3,3,1,0.479655981064,0.45,-1,6
0,0,1,0.312680006027,0.45,1,6
2,2,1,0.293507814407,0.45,1,6
1,1,1,0.409154891968,0.45,1,6
2,2,1,0.366007089615,0.45,1,6
0,0,1,0.374392986298,0.45,1,6
1,0,0,0.417646169662,0.45,-2,6
0,0,1,0.406387090683,0.45,1,6
3,3,1,0.417067050934,0.45,1,6
2,2,1,0.405111789703,0.45,1,6
3,3,1,0.505466938019,0.45,-1,6
1,1,1,0.396404981613,0.45,1,6
3,3,1,0.398051023483,0.45,1,6
0,0,1,0.439327001572,0.45,1,6
2,2,1,0.354423999786,0.45,1,6
1,1,1,0.261283874512,0.45,1,6
2,1,0,0.354029893875,0.45,-2,6
0,0,1,0.495784044266,0.45,-1,6
1,1,1,0.487812995911,0.45,-1,6
0,0,1,0.443518877029,0.45,1,6
3,3,1,0.385140895844,0.45,1,6
2,2,1,0.634868860245,0.45,-1,6
3,3,1,0.405625104904,0.45,1,6
1,0,0,0.424017906189,0.45,-2,6
3,3,1,0.443291902542,0.45,1,6
2,2,1,0.422190904617,0.45,1,6
1,1,1,0.366165876389,0.45,1,6
0,0,1,0.392341136932,0.45,1,6
2,2,1,0.315592050552,0.45,1,6
0,0,1,0.381702899933,0.45,1,6
1,2,0,0.322252988815,0.45,-2,6
3,3,1,0.489931106567,0.45,-1,6
1,2,0,0.343784809113,0.45,-2,6
2,2,1,0.379639863968,0.45,1,6
3,3,1,0.43828701973,0.45,1,6
0,0,1,0.343063831329,0.45,1,6
3,1,0,0.31665802002,0.45,-2,6
0,0,1,0.423446893692,0.45,1,6
1,2,0,0.323920965195,0.45,-2,6
2,2,1,0.376096010208,0.45,1,6
1,0,0,0.416524171829,0.45,-2,6
0,0,1,0.42680311203,0.45,1,6
2,2,1,0.408441066742,0.45,1,6
3,3,1,0.514998912811,0.45,-1,6
1,1,1,0.455851793289,0.45,-1,6
3,2,0,0.449857950211,0.45,-2,6
2,2,1,0.443558931351,0.45,1,6
0,0,1,0.384278774261,0.45,1,6
3,3,1,0.35764503479,0.45,1,6
0,0,1,0.4065990448,0.45,1,6
1,1,1,0.426259994507,0.45,1,6
2,2,1,0.358039855957,0.45,1,6
0,0,1,0.334734916687,0.45,1,6
2,2,1,0.307495832443,0.45,1,6
1,1,1,0.448477983475,0.45,1,6
3,3,1,0.417065143585,0.45,1,6
2,3,0,0.414237976074,0.45,-2,6
3,3,1,0.559609174728,0.45,-1,6
1,1,1,0.52968788147,0.45,-1,6
0,0,1,0.389340877533,0.45,1,6
3,3,1,0.537501096725,0.45,-1,6
2,2,1,0.467640161514,0.45,-1,6
1,1,1,0.497941970825,0.45,-1,6
0,0,1,0.453420877457,0.45,-1,6
2,2,1,0.455974817276,0.45,-1,6
0,0,1,0.353852033615,0.45,1,6
1,1,1,0.348717927933,0.45,1,6
2,3,0,0.335942983627,0.45,-2,6
3,2,0,0.444761037827,0.45,-2,6
1,1,1,0.665417909622,0.45,-1,6
3,2,0,0.434241056442,0.45,-2,6
0,0,1,0.471613883972,0.45,-1,6
3,3,1,0.355566978455,0.45,1,6
2,2,1,0.315809011459,0.45,1,6
1,1,1,0.40814614296,0.45,1,6
0,0,1,0.409399986267,0.45,1,6
1,1,1,0.654252052307,0.45,-1,6
2,2,1,0.370185852051,0.45,1,6
0,0,1,0.459779024124,0.45,-1,6
2,2,1,0.481332063675,0.45,-1,6
3,3,1,0.420967102051,0.45,1,6
0,0,1,0.352297067642,0.45,1,6
3,3,1,0.512933969498,0.45,-1,6
1,1,1,0.478853940964,0.45,-1,6
3,-1,0,0.7,0.45,-2,6
2,2,1,0.217456817627,0.45,1,6
1,0,0,0.38142991066,0.45,-2,6
0,-1,0,0.7,0.45,-2,6
2,2,1,0.559206008911,0.45,-1,6
0,0,1,0.45059299469,0.45,-1,6
1,2,0,0.340553998947,0.45,-2,6
2,2,1,0.517348051071,0.45,-1,6
3,3,1,0.546865940094,0.45,-1,6
1,1,1,0.462265968323,0.45,-1,6
3,3,1,0.415559053421,0.45,1,6
0,0,1,0.485244989395,0.45,-1,6
3,3,1,0.585166931152,0.45,-1,6
0,0,1,0.449106931686,0.45,1,6
1,1,1,0.486690998077,0.45,-1,6
2,2,1,0.441222906113,0.45,1,6
0,0,1,0.426731109619,0.45,1,6
2,2,1,0.425619125366,0.45,1,6
1,1,1,0.387691020966,0.45,1,6
3,3,1,0.423588991165,0.45,1,6
1,1,1,0.450966119766,0.45,-1,6
0,0,1,0.539231061935,0.45,-1,6
3,3,1,0.40668797493,0.45,1,6
2,1,0,0.427330970764,0.45,-2,6
3,3,1,0.544068098068,0.45,-1,6
2,3,0,0.483762025833,0.45,-2,6
1,-1,0,0.7,0.45,-2,6
0,1,0,0.0651721954346,0.45,-2,6
1,2,0,0.405533790588,0.45,-2,6
2,2,1,0.528028964996,0.45,-1,6
0,0,1,0.499704122543,0.45,-1,6
2,2,1,0.415894031525,0.45,1,6
3,3,1,0.400229930878,0.45,1,6
1,0,0,0.41364979744,0.45,-2,6
3,3,1,0.679866790771,0.45,-1,6
0,0,1,0.482615947723,0.45,-1,6
3,3,1,0.415286064148,0.45,1,6
0,0,1,0.464996814728,0.45,-1,6
1,1,1,0.51660990715,0.45,-1,6
2,2,1,0.413505077362,0.45,1,6
0,0,1,0.457755804062,0.45,-1,6
2,2,1,0.44638299942,0.45,1,6
1,1,1,0.424306154251,0.45,1,6
0,0,1,0.491708993912,0.45,-1,6
3,3,1,0.389203071594,0.45,1,6
1,1,1,0.539027929306,0.45,-1,6
3,3,1,0.455395936966,0.45,-1,6
2,2,1,0.532175064087,0.45,-1,6
3,3,1,0.509008169174,0.45,-1,6
1,-1,0,0.7,0.45,-2,6
2,1,0,0.122097969055,0.45,-2,6
0,0,1,0.454442024231,0.45,-1,6
2,2,1,0.480645179749,0.45,-1,6
1,1,1,0.611796855927,0.45,-1,6
0,0,1,0.407937049866,0.45,1,6
3,2,0,0.469893932343,0.45,-2,6
0,0,1,0.47266793251,0.45,-1,6
1,1,1,0.459742069244,0.45,-1,6
3,2,0,0.389847993851,0.45,-2,6
2,0,0,0.43971991539,0.45,-2,6
3,-1,0,0.7,0.45,-2,6
2,3,0,0.0802340507507,0.45,-2,6
0,0,1,0.458892822266,0.45,-1,6
1,2,0,0.421407938004,0.45,-2,6
0,-1,0,0.7,0.45,-2,6
2,2,1,0.491664886475,0.45,-1,6
1,1,1,0.55202293396,0.45,-1,6
3,2,0,0.368283033371,0.45,-2,6
1,1,1,0.574728012085,0.45,-1,6
2,2,1,0.482505083084,0.45,-1,6
3,3,1,0.426906108856,0.45,1,6
0,0,1,0.415894031525,0.45,1,6
3,3,1,0.348994970322,0.45,1,6
2,1,0,0.440346956253,0.45,-2,6
1,1,1,0.504339933395,0.45,-1,6
0,0,1,0.306987047195,0.45,1,6
2,2,1,0.287795066833,0.45,1,6
0,2,0,0.395976781845,0.45,-2,6
1,-1,0,0.7,0.45,-2,6
3,1,0,0.00296998023987,0.45,-2,6
0,1,0,0.502501010895,0.45,-2,6
3,-1,0,0.7,0.45,-2,6
1,-1,0,0.7,0.45,-2,6
2,2,1,0.377342939377,0.45,1,6
3,3,1,0.386382102966,0.45,1,6
1,1,1,0.561928987503,0.45,-1,7
3,2,0,0.354960918427,0.45,-2,7
2,2,1,0.348155975342,0.45,1,7
0,0,1,0.33708190918,0.45,1,7
2,2,1,0.323422193527,0.45,1,7
3,2,0,0.345036029816,0.45,-2,7
0,0,1,0.417239189148,0.45,1,7
1,1,1,0.388683080673,0.45,1,7
0,0,1,0.360522031784,0.45,1,7
3,3,1,0.501300096512,0.45,-1,7
1,1,1,0.390569210052,0.45,1,7
2,2,1,0.313939094543,0.45,1,7
1,1,1,0.319702148438,0.45,1,7
0,0,1,0.321412086487,0.45,1,7
3,3,1,0.411053180695,0.45,1,7
2,2,1,0.334366083145,0.45,1,7
0,0,1,0.400896072388,0.45,1,7
2,2,1,0.36718082428,0.45,1,7
3,3,1,0.363116025925,0.45,1,7
0,0,1,0.398120164871,0.45,1,7
1,1,1,0.401252985001,0.45,1,7
3,3,1,0.362427949905,0.45,1,7
1,1,1,0.366811990738,0.45,1,7
2,2,1,0.40229010582,0.45,1,7
1,1,1,0.341782093048,0.45,1,7
0,0,1,0.376711130142,0.45,1,7
2,2,1,0.396838903427,0.45,1,7
3,3,1,0.392431974411,0.45,1,7
2,2,1,0.377857923508,0.45,1,7
0,0,1,0.397891998291,0.45,1,7
3,2,0,0.385200023651,0.45,-2,7
0,0,1,0.451723098755,0.45,-1,7
1,1,1,0.416013002396,0.45,1,7
2,2,1,0.292174100876,0.45,1,7
1,1,1,0.381241083145,0.45,1,7
3,3,1,0.338001012802,0.45,1,7
1,0,0,0.349951982498,0.45,-2,7
2,2,1,0.409175872803,0.45,1,7
0,0,1,0.459201097488,0.45,-1,7
3,2,0,0.419720172882,0.45,-2,7
2,2,1,0.36137008667,0.45,1,7
3,-1,0,0.7,0.45,-2,7
0,3,0,0.0622911453247,0.45,-2,7
2,1,0,0.304672002792,0.45,-2,7
1,1,1,0.438039064407,0.45,1,7
3,3,1,0.416671037674,0.45,1,7
1,1,1,0.397800922394,0.45,1,7
0,0,1,0.365614891052,0.45,1,7
1,1,1,0.505486011505,0.45,-1,7
2,1,0,0.38130402565,0.45,-2,7
0,0,1,0.387444019318,0.45,1,7
3,3,1,0.413369178772,0.45,1,7
0,0,1,0.448649168015,0.45,1,7
2,2,1,0.377426147461,0.45,1,7
3,3,1,0.430905818939,0.45,1,7
2,2,1,0.392339944839,0.45,1,7
1,1,1,0.404599905014,0.45,1,7
3,3,1,0.495990991592,0.45,-1,7
1,1,1,0.569609165192,0.45,-1,7
0,0,1,0.439006090164,0.45,1,7
1,1,1,0.409735918045,0.45,1,7
2,2,1,0.391470909119,0.45,1,7
0,0,1,0.432716846466,0.45,1,7
3,2,0,0.339565992355,0.45,-2,7
2,2,1,0.376181125641,0.45,1,7
3,-1,0,0.7,0.45,-2,7
0,3,0,0.0377390384674,0.45,-2,7
1,1,1,0.354444980621,0.45,1,7
3,3,1,0.404654979706,0.45,1,7
1,0,0,0.357968091965,0.45,-2,7
0,0,1,0.397248029709,0.45,1,7
2,2,1,0.342300891876,0.45,1,7
1,1,1,0.419281959534,0.45,1,7
3,3,1,0.398319959641,0.45,1,7
2,2,1,0.390835046768,0.45,1,7
0,0,1,0.386387109756,0.45,1,7
3,3,1,0.455877065659,0.45,-1,7
0,0,1,0.353115081787,0.45,1,7
2,2,1,0.579004049301,0.45,-1,7
1,1,1,0.409838914871,0.45,1,7
0,0,1,0.410069942474,0.45,1,7
1,1,1,0.436872959137,0.45,1,7
2,2,1,0.377440929413,0.45,1,7
3,3,1,0.390982151031,0.45,1,7
1,1,1,0.592615127563,0.45,-1,7
2,2,1,0.41965007782,0.45,1,7
0,0,1,0.445885896683,0.45,1,7
3,2,0,0.370614051819,0.45,-2,7
0,0,1,0.443886995316,0.45,1,7
2,2,1,0.369669914246,0.45,1,7
3,2,0,0.403099060059,0.45,-2,7
2,2,1,0.446773052216,0.45,1,7
1,1,1,0.465626955032,0.45,-1,7
3,3,1,0.468743085861,0.45,-1,7
1,1,1,0.591456890106,0.45,-1,7
0,0,1,0.405384063721,0.45,1,7
1,1,1,0.415004014969,0.45,1,7
2,2,1,0.369812965393,0.45,1,7
3,3,1,0.479068994522,0.45,-1,7
0,0,1,0.370136022568,0.45,1,7
3,3,1,0.525533914566,0.45,-1,7
2,2,1,0.454699039459,0.45,-1,7
0,0,1,0.556694030762,0.45,-1,7
2,3,0,0.461021184921,0.45,-2,7
1,1,1,0.68159198761,0.45,-1,7
3,3,1,0.530240058899,0.45,-1,7
1,1,1,0.437680006027,0.45,1,7
0,-1,0,0.7,0.45,-2,7
1,0,0,0.00730109214783,0.45,-2,7
0,0,1,0.482980966568,0.45,-1,7
2,2,1,0.389862060547,0.45,1,7
3,3,1,0.496021032333,0.45,-1,7
0,0,1,0.509751081467,0.45,-1,7
3,2,0,0.511625051498,0.45,-2,7
2,2,1,0.403055906296,0.45,1,7
0,0,1,0.390466928482,0.45,1,7
1,2,0,0.392436027527,0.45,-2,7
2,2,1,0.420314073563,0.45,1,7
1,1,1,0.465512990952,0.45,-1,7
3,3,1,0.367959022522,0.45,1,7
1,1,1,0.492111206055,0.45,-1,7
2,2,1,0.400508880615,0.45,1,7
3,3,1,0.372072935104,0.45,1,7
0,0,1,0.367848157883,0.45,1,7
2,2,1,0.377469062805,0.45,1,7
0,0,1,0.475957870483,0.45,-1,7
3,3,1,0.416079998016,0.45,1,7
2,2,1,0.452782869339,0.45,-1,7
1,1,1,0.455353975296,0.45,-1,7
3,3,1,0.400994062424,0.45,1,7
1,1,1,0.444639205933,0.45,1,7
0,0,1,0.385031938553,0.45,1,7
1,1,1,0.45458817482,0.45,-1,7
0,0,1,0.433412075043,0.45,1,7
3,3,1,0.370616912842,0.45,1,7
2,2,1,0.32004404068,0.45,1,7
0,-1,0,0.7,0.45,-2,7
2,2,1,0.373903989792,0.45,1,7
3,3,1,0.433455944061,0.45,1,7
1,0,0,0.412997961044,0.45,-2,7
3,3,1,0.423276185989,0.45,1,7
0,0,1,0.420019865036,0.45,1,7
1,1,1,0.435771226883,0.45,1,7
2,2,1,0.473596096039,0.45,-1,7
1,1,1,0.458956003189,0.45,-1,7
2,2,1,0.550555944443,0.45,-1,7
0,0,1,0.683101892471,0.45,-1,7
3,3,1,0.485686063766,0.45,-1,7
0,0,1,0.447484016418,0.45,1,7
2,2,1,0.354757070541,0.45,1,7
3,3,1,0.406235933304,0.45,1,7
1,0,0,0.330997228622,0.45,-2,7
0,-1,0,0.7,0.45,-2,7
1,0,0,0.0585398674011,0.45,-2,7
3,3,1,0.529537916183,0.45,-1,7
2,2,1,0.422832965851,0.45,1,7
1,1,1,0.576795101166,0.45,-1,7
3,3,1,0.400085926056,0.45,1,7
0,0,1,0.369049072266,0.45,1,7
2,2,1,0.459717988968,0.45,-1,7
3,3,1,0.482128143311,0.45,-1,7
2,2,1,0.538641929626,0.45,-1,7
0,0,1,0.399796009064,0.45,1,7
1,1,1,0.577509880066,0.45,-1,7
0,0,1,0.478740930557,0.45,-1,7
3,3,1,0.398514032364,0.45,1,7
1,1,1,0.499794960022,0.45,-1,7
2,2,1,0.360417127609,0.45,1,7
1,0,0,0.38628911972,0.45,-2,7
3,3,1,0.388073921204,0.45,1,7
0,-1,0,0.7,0.45,-2,7
2,0,0,0.122766971588,0.45,-2,7
3,2,0,0.367388963699,0.45,-2,7
2,2,1,0.443510055542,0.45,1,7
0,0,1,0.477615118027,0.45,-1,7
1,1,1,0.510949134827,0.45,-1,7
0,1,0,0.460092067719,0.45,-2,7
3,3,1,0.437108039856,0.45,1,7
1,1,1,0.528974056244,0.45,-1,7
2,2,1,0.390945911407,0.45,1,7
1,1,1,0.495786190033,0.45,-1,7
0,0,1,0.414412021637,0.45,1,7
3,3,1,0.351806879044,0.45,1,7
2,1,0,0.3531229496,0.45,-2,7
3,2,0,0.517566919327,0.45,-2,7
0,0,1,0.55281996727,0.45,-1,7
2,2,1,0.538930892944,0.45,-1,7
0,0,1,0.648288965225,0.45,-1,7
1,1,1,0.491791009903,0.45,-1,7
3,3,1,0.415309906006,0.45,1,7
1,0,0,0.467015028,0.45,-2,7
2,2,1,0.413975954056,0.45,1,7
1,1,1,0.408854007721,0.45,1,7
0,0,1,0.413345098495,0.45,1,7
2,2,1,0.424107074738,0.45,1,7
3,3,1,0.51296710968,0.45,-1,7
2,2,1,0.502316951752,0.45,-1,7
0,0,1,0.461728096008,0.45,-1,7
3,3,1,0.373123884201,0.45,1,7
1,1,1,0.404489040375,0.45,1,7
2,2,1,0.451480150223,0.45,-1,7
1,1,1,0.459730148315,0.45,-1,7
3,3,1,0.442091941833,0.45,1,7
0,0,1,0.385933876038,0.45,1,7
1,1,1,0.463056087494,0.45,-1,7
3,-1,0,0.7,0.45,-2,7
0,1,0,0.343509912491,0.45,-2,7
2,2,1,0.447731018066,0.45,1,7
0,0,1,0.445888996124,0.45,1,7
3,3,1,0.365207910538,0.45,1,7
2,2,1,0.442457914352,0.45,1,7
3,3,1,0.551050901413,0.45,-1,7
1,1,1,0.546902179718,0.45,-1,7
2,2,1,0.434153079987,0.45,1,7
1,1,1,0.51850104332,0.45,-1,7
0,0,1,0.379235029221,0.45,1,7
1,1,1,0.661442995071,0.45,-1,7
