probe,press,accuracy,rt,threshold,score,run_num
2,-1,0,0.7,0.45,-2,0
3,2,0,0.220508098602,0.45,-2,0
0,0,1,0.335402965546,0.45,1,0
1,1,1,0.385009050369,0.45,1,0
3,3,1,0.339161872864,0.45,1,0
1,1,1,0.375832080841,0.45,1,0
0,0,1,0.330586910248,0.45,1,0
3,3,1,0.32740187645,0.45,1,0
2,2,1,0.375170946121,0.45,1,0
0,0,1,0.323096036911,0.45,1,0
2,2,1,0.368484020233,0.45,1,0
1,1,1,0.404680967331,0.45,1,0
2,2,1,0.41273188591,0.45,1,0
1,0,0,0.39457988739,0.45,-2,0
3,2,0,0.477127075195,0.45,-2,0
0,0,1,0.463785886765,0.45,-1,0
1,2,0,0.475834846497,0.45,-2,0
0,0,1,0.488389968872,0.45,-1,0
3,3,1,0.455694913864,0.45,-1,0
2,2,1,0.493623971939,0.45,-1,0
0,0,1,0.433830976486,0.45,1,0
2,2,1,0.476263999939,0.45,-1,0
3,3,1,0.437679052353,0.45,1,0
1,1,1,0.387299060822,0.45,1,0
2,2,1,0.531524896622,0.45,-1,0
0,0,1,0.465723991394,0.45,-1,0
1,1,1,0.434444189072,0.45,1,0
3,3,1,0.320385217667,0.45,1,0
1,1,1,0.345604896545,0.45,1,0
0,0,1,0.30991101265,0.45,1,0
3,3,1,0.42330789566,0.45,1,0
0,0,1,0.437044858932,0.45,1,0
2,2,1,0.397380113602,0.45,1,0
1,1,1,0.424515962601,0.45,1,0
2,2,1,0.431821107864,0.45,1,0
3,3,1,0.343163013458,0.45,1,0
2,2,1,0.372455835342,0.45,1,0
0,0,1,0.308972835541,0.45,1,0
3,3,1,0.336216926575,0.45,1,0
1,1,1,0.374727964401,0.45,1,0
0,0,1,0.352205991745,0.45,1,0
1,1,1,0.459489822388,0.45,-1,0
3,3,1,0.405465126038,0.45,1,0
2,2,1,0.529500961304,0.45,-1,0
1,2,0,0.509859800339,0.45,-2,0
2,2,1,0.634204149246,0.45,-1,0
3,3,1,0.483422040939,0.45,-1,0
0,0,1,0.359733104706,0.45,1,0
2,2,1,0.381469011307,0.45,1,0
0,0,1,0.421659946442,0.45,1,0
1,1,1,0.529900789261,0.45,-1,0
3,3,1,0.58922290802,0.45,-1,0
1,1,1,0.534701108932,0.45,-1,0
0,0,1,0.484324216843,0.45,-1,0
3,3,1,0.492388010025,0.45,-1,0
2,2,1,0.46725320816,0.45,-1,0
3,3,1,0.470952987671,0.45,-1,0
0,0,1,0.407511949539,0.45,1,0
2,2,1,0.348530054092,0.45,1,0
1,1,1,0.42519402504,0.45,1,0
2,1,0,0.439987897873,0.45,-2,0
0,0,1,0.486047029495,0.45,-1,0
3,3,1,0.426261901855,0.45,1,0
1,1,1,0.357857942581,0.45,1,0
3,3,1,0.445580005646,0.45,1,0
0,0,1,0.346782922745,0.45,1,0
1,1,1,0.464229106903,0.45,-1,0
0,0,1,0.505066871643,0.45,-1,0
2,2,1,0.501924991608,0.45,-1,0
3,3,1,0.497097969055,0.45,-1,0
2,2,1,0.460927963257,0.45,-1,0
1,1,1,0.373332977295,0.45,1,0
2,2,1,0.482553005219,0.45,-1,0
3,3,1,0.526827096939,0.45,-1,0
1,1,1,0.463057994843,0.45,-1,0
0,0,1,0.372517108917,0.45,1,0
1,1,1,0.38981294632,0.45,1,0
3,3,1,0.432787179947,0.45,1,0
0,0,1,0.430265903473,0.45,1,0
2,2,1,0.43896985054,0.45,1,0
1,1,1,0.477787017822,0.45,-1,0
2,2,1,0.398761034012,0.45,1,0
0,0,1,0.383546113968,0.45,1,0
3,3,1,0.306965112686,0.45,1,0
2,2,1,0.311635971069,0.45,1,0
3,3,1,0.428975105286,0.45,1,0
0,0,1,0.374548912048,0.45,1,0
1,1,1,0.385504961014,0.45,1,0
3,3,1,0.397303104401,0.45,1,0
1,1,1,0.547147989273,0.45,-1,0
0,0,1,0.460452079773,0.45,-1,0
2,2,1,0.550199985504,0.45,-1,0
0,-1,0,0.7,0.45,-2,0
3,0,0,0.0544450283051,0.45,-2,0
2,2,1,0.427427053452,0.45,1,0
1,1,1,0.393991947174,0.45,1,0
2,2,1,0.422824144363,0.45,1,0
1,1,1,0.500174999237,0.45,-1,0
0,0,1,0.422809839249,0.45,1,0
3,3,1,0.547080993652,0.45,-1,0
0,0,1,0.645606994629,0.45,-1,0
1,1,1,0.568928003311,0.45,-1,0
3,3,1,0.579316854477,0.45,-1,0
1,1,1,0.468183994293,0.45,-1,0
2,2,1,0.418290138245,0.45,1,0
0,0,1,0.388804912567,0.45,1,0
2,2,1,0.417272090912,0.45,1,0
3,3,1,0.433958053589,0.45,1,0
2,1,0,0.364776134491,0.45,-2,0
0,0,1,0.594076871872,0.45,-1,0
3,3,1,0.467846155167,0.45,-1,0
1,-1,0,0.7,0.45,-2,0
0,0,1,0.532346010208,0.45,-1,0
1,1,1,0.505172967911,0.45,-1,0
3,3,1,0.363451004028,0.45,1,0
2,2,1,0.461957931519,0.45,-1,0
1,1,1,0.439694166183,0.45,1,0
2,2,1,0.450212955475,0.45,-1,0
3,3,1,0.454324007034,0.45,-1,0
0,0,1,0.395905017853,0.45,1,0
2,2,1,0.356261014938,0.45,1,0
1,1,1,0.42510008812,0.45,1,0
0,0,1,0.45124912262,0.45,-1,0
3,3,1,0.366039991379,0.45,1,0
1,1,1,0.477019071579,0.45,-1,0
3,3,1,0.41264295578,0.45,1,0
0,0,1,0.441056966782,0.45,1,0
2,2,1,0.38850903511,0.45,1,0
3,3,1,0.432126998901,0.45,1,0
2,3,0,0.425859928131,0.45,-2,0
0,1,0,0.543728113174,0.45,-2,0
1,0,0,0.64271402359,0.45,-2,0
2,-1,0,0.7,0.45,-2,0
3,2,0,0.21647310257,0.45,-2,0
0,0,1,0.386919021606,0.45,1,0
1,1,1,0.508372068405,0.45,-1,0
0,0,1,0.67361497879,0.45,-1,0
3,3,1,0.462862014771,0.45,-1,0
1,1,1,0.551684856415,0.45,-1,0
3,3,1,0.669282913208,0.45,-1,0
2,-1,0,0.7,0.45,-2,0
1,-1,0,0.7,0.45,-2,0
2,2,1,0.509577989578,0.45,-1,0
0,0,1,0.425940990448,0.45,1,0
2,2,1,0.379899978638,0.45,1,0
3,3,1,0.318624019623,0.45,1,0
1,1,1,0.480750083923,0.45,-1,0
0,0,1,0.447296857834,0.45,1,0
1,1,1,0.473479032516,0.45,-1,0
3,3,1,0.372845172882,0.45,1,0
0,0,1,0.373510122299,0.45,1,0
3,3,1,0.330279111862,0.45,1,0
2,2,1,0.667942047119,0.45,-1,0
1,1,1,0.424784898758,0.45,1,0
2,2,1,0.429383993149,0.45,1,0
0,0,1,0.423049926758,0.45,1,0
2,2,1,0.396689891815,0.45,1,0
1,1,1,0.472194910049,0.45,-1,0
0,0,1,0.520512104034,0.45,-1,0
3,3,1,0.411635160446,0.45,1,0
1,1,1,0.386070966721,0.45,1,0
3,3,1,0.387758016586,0.45,1,0
0,0,1,0.29553604126,0.45,1,0
2,2,1,0.353986024857,0.45,1,0
0,0,1,0.383237123489,0.45,1,0
1,2,0,0.433717012405,0.45,-2,0
2,-1,0,0.7,0.45,-2,0
3,2,0,0.0625739097595,0.45,-2,0
2,1,0,0.456473112106,0.45,-2,0
0,0,1,0.477140903473,0.45,-1,0
3,3,1,0.505638122559,0.45,-1,0
1,1,1,0.50713300705,0.45,-1,0
0,-1,0,0.7,0.45,-2,0
1,0,0,0.112875938416,0.45,-2,0
3,3,1,0.436846971512,0.45,1,0
2,2,1,0.433269023895,0.45,1,0
1,1,1,0.347093105316,0.45,1,0
2,2,1,0.528222084045,0.45,-1,0
3,3,1,0.540721893311,0.45,-1,0
0,0,1,0.351113080978,0.45,1,0
2,2,1,0.475529909134,0.45,-1,0
0,0,1,0.405146121979,0.45,1,0
3,3,1,0.542121171951,0.45,-1,0
1,1,1,0.53061580658,0.45,-1,0
0,0,1,0.46456694603,0.45,-1,0
1,1,1,0.674760103226,0.45,-1,0
3,3,1,0.557465791702,0.45,-1,0
2,-1,0,0.7,0.45,-2,0
1,2,0,0.0212020874023,0.45,-2,0
2,2,1,0.477068901062,0.45,-1,0
3,3,1,0.408640146255,0.45,1,0
0,0,1,0.334740877151,0.45,1,0
2,2,1,0.423538923264,0.45,1,0
0,0,1,0.603144884109,0.45,-1,0
3,3,1,0.477540016174,0.45,-1,0
1,1,1,0.385241031647,0.45,1,0
3,3,1,0.516913890839,0.45,-1,0
0,0,1,0.461213827133,0.45,-1,0
1,1,1,0.580409049988,0.45,-1,0
0,0,1,0.60707116127,0.45,-1,0
2,3,0,0.410102128983,0.45,-2,0
3,3,1,0.544192075729,0.45,-1,0
2,2,1,0.530117988586,0.45,-1,0
1,1,1,0.421557188034,0.45,1,0
2,2,1,0.616443872452,0.45,-1,0
3,3,1,0.513695001602,0.45,-1,0
0,0,1,0.527946949005,0.45,-1,0
1,1,1,0.467028856277,0.45,-1,0
0,0,1,0.634634971619,0.45,-1,0
3,3,1,0.542833089828,0.45,-1,0
1,1,1,0.545850992203,0.45,-1,0
3,3,1,0.446870088577,0.45,1,0
2,2,1,0.507973909378,0.45,-1,0
1,1,1,0.445497989655,0.45,1,0
2,2,1,0.497648954391,0.45,-1,0
0,0,1,0.426769018173,0.45,1,0
2,2,1,0.365207195282,0.45,1,0
3,1,0,0.0180170536041,0.45,-2,1
0,2,0,0.113830089569,0.45,-2,1
2,2,1,0.360636949539,0.45,1,1
1,1,1,0.336585044861,0.45,1,1
2,2,1,0.388064146042,0.45,1,1
0,0,1,0.376915216446,0.45,1,1
1,1,1,0.411550998688,0.45,1,1
3,3,1,0.480432987213,0.45,-1,1
2,2,1,0.450099945068,0.45,-1,1
3,3,1,0.550885915756,0.45,-1,1
1,-1,0,0.7,0.45,-2,1
0,0,1,0.396985054016,0.45,1,1
3,2,0,0.416281938553,0.45,-2,1
0,0,1,0.608941078186,0.45,-1,1
1,-1,0,0.7,0.45,-2,1
2,2,1,0.0426261425018,0.45,1,1
0,-1,0,0.7,0.45,-2,1
2,-1,0,0.7,0.45,-2,1
1,1,1,0.562599182129,0.45,-1,1
0,0,1,0.493783950806,0.45,-1,1
3,3,1,0.450303077698,0.45,-1,1
1,0,0,0.438163995743,0.45,-2,1
3,2,0,0.47379899025,0.45,-2,1
2,2,1,0.572047948837,0.45,-1,1
3,3,1,0.53358912468,0.45,-1,1
2,2,1,0.505714893341,0.45,-1,1
1,1,1,0.419289112091,0.45,1,1
0,0,1,0.350553035736,0.45,1,1
2,2,1,0.388597011566,0.45,1,1
0,0,1,0.468434095383,0.45,-1,1
1,1,1,0.473633050919,0.45,-1,1
3,3,1,0.579870939255,0.45,-1,1
0,0,1,0.583473920822,0.45,-1,1
3,3,1,0.660611867905,0.45,-1,1
1,1,1,0.469223976135,0.45,-1,1
2,2,1,0.434715986252,0.45,1,1
3,3,1,0.523212909698,0.45,-1,1
1,1,1,0.682267904282,0.45,-1,1
0,0,1,0.612020015717,0.45,-1,1
2,2,1,0.583822011948,0.45,-1,1
1,1,1,0.59564614296,0.45,-1,1
2,2,1,0.451226949692,0.45,-1,1
0,0,1,0.470730781555,0.45,-1,1
3,3,1,0.363209962845,0.45,1,1
2,2,1,0.36910200119,0.45,1,1
3,3,1,0.532582044601,0.45,-1,1
0,-1,0,0.7,0.45,-2,1
1,0,0,0.191260814667,0.45,-2,1
3,3,1,0.380227804184,0.45,1,1
1,1,1,0.590353012085,0.45,-1,1
0,-1,0,0.7,0.45,-2,1
2,0,0,0.0386741161346,0.45,-2,1
0,0,1,0.464318990707,0.45,-1,1
1,0,0,0.501800060272,0.45,-2,1
2,1,0,0.423297166824,0.45,-2,1
1,1,1,0.483592033386,0.45,-1,1
3,3,1,0.428708076477,0.45,1,1
0,1,0,0.608132839203,0.45,-2,1
3,3,1,0.661908864975,0.45,-1,1
2,2,1,0.647909164429,0.45,-1,1
3,3,1,0.52365899086,0.45,-1,1
2,2,1,0.391407966614,0.45,1,1
1,1,1,0.603557825089,0.45,-1,1
0,0,1,0.451417922974,0.45,-1,1
1,0,0,0.43771314621,0.45,-2,1
2,-1,0,0.7,0.45,-2,1
0,2,0,0.0789759159088,0.45,-2,1
2,2,1,0.506744861603,0.45,-1,1
3,3,1,0.621872901917,0.45,-1,1
1,1,1,0.647235155106,0.45,-1,1
3,3,1,0.434726953506,0.45,1,1
0,0,1,0.566917896271,0.45,-1,1
3,3,1,0.481802940369,0.45,-1,1
1,1,1,0.544231891632,0.45,-1,1
0,0,1,0.424707889557,0.45,1,1
2,3,0,0.484628915787,0.45,-2,1
1,-1,0,0.7,0.45,-2,1
2,2,1,0.532534122467,0.45,-1,1
0,0,1,0.527201890945,0.45,-1,1
1,1,1,0.585958957672,0.45,-1,1
3,3,1,0.538861036301,0.45,-1,1
2,2,1,0.551549911499,0.45,-1,1
3,3,1,0.442244052887,0.45,1,1
0,0,1,0.483657836914,0.45,-1,1
3,3,1,0.515084028244,0.45,-1,1
0,0,1,0.501345872879,0.45,-1,1
1,1,1,0.560845136642,0.45,-1,1
2,2,1,0.473473072052,0.45,-1,1
0,0,1,0.446093082428,0.45,1,1
2,2,1,0.402765989304,0.45,1,1
1,0,0,0.422168016434,0.45,-2,1
3,3,1,0.513823032379,0.45,-1,1
1,1,1,0.388055086136,0.45,1,1
0,0,1,0.424656867981,0.45,1,1
3,3,1,0.466905117035,0.45,-1,1
2,2,1,0.398812055588,0.45,1,1
3,3,1,0.466122865677,0.45,-1,1
0,0,1,0.526300191879,0.45,-1,1
1,1,1,0.561708927155,0.45,-1,1
2,2,1,0.482956886292,0.45,-1,1
1,1,1,0.619866847992,0.45,-1,1
0,-1,0,0.7,0.45,-2,1
2,2,1,0.494257926941,0.45,-1,1
0,0,1,0.536875963211,0.45,-1,1
3,3,1,0.523769140244,0.45,-1,1
1,1,1,0.483696937561,0.45,-1,1
3,-1,0,0.7,0.45,-2,1
2,3,0,0.0541548728943,0.45,-2,1
3,3,1,0.679847955704,0.45,-1,1
1,0,0,0.49832701683,0.45,-2,1
0,-1,0,0.7,0.45,-2,1
2,0,0,0.0996670722961,0.45,-2,1
1,1,1,0.582157850266,0.45,-1,1
2,2,1,0.463797092438,0.45,-1,1
0,0,1,0.444994926453,0.45,1,1
3,-1,0,0.7,0.45,-2,1
2,3,0,0.017147064209,0.45,-2,1
3,3,1,0.484162807465,0.45,-1,1
0,0,1,0.481496095657,0.45,-1,1
1,1,1,0.525615930557,0.45,-1,1
3,3,1,0.448850870132,0.45,1,1
2,2,1,0.569258928299,0.45,-1,1
1,1,1,0.467119216919,0.45,-1,1
0,0,1,0.376992940903,0.45,1,1
2,2,1,0.490950107574,0.45,-1,1
0,0,1,0.504791975021,0.45,-1,1
1,1,1,0.580013036728,0.45,-1,1
2,2,1,0.413755893707,0.45,1,1
3,3,1,0.495306968689,0.45,-1,1
1,1,1,0.628160953522,0.45,-1,1
3,3,1,0.582299947739,0.45,-1,1
0,0,1,0.515672922134,0.45,-1,1
3,3,1,0.4696829319,0.45,-1,1
2,-1,0,0.7,0.45,-2,1
0,2,0,0.174805879593,0.45,-2,1
1,1,1,0.400998830795,0.45,1,1
0,0,1,0.499091148376,0.45,-1,1
2,2,1,0.552198886871,0.45,-1,1
1,-1,0,0.7,0.45,-2,1
2,1,0,0.220397949219,0.45,-2,1
3,3,1,0.53453207016,0.45,-1,1
0,0,1,0.505747079849,0.45,-1,1
3,-1,0,0.7,0.45,-2,1
1,3,0,0.104300022125,0.45,-2,1
3,-1,0,0.7,0.45,-2,1
0,-1,0,0.7,0.45,-2,1
2,2,1,0.38861489296,0.45,1,1
1,1,1,0.383571147919,0.45,1,1
2,2,1,0.531625986099,0.45,-1,1
0,0,1,0.445039987564,0.45,1,1
1,1,1,0.545455932617,0.45,-1,1
3,3,1,0.354413032532,0.45,1,1
2,2,1,0.334631919861,0.45,1,1
3,3,1,0.457525968552,0.45,-1,1
1,1,1,0.531280994415,0.45,-1,1
0,0,1,0.369063854218,0.45,1,1
3,3,1,0.514799118042,0.45,-1,1
0,0,1,0.463118076324,0.45,-1,1
2,2,1,0.516764879227,0.45,-1,1
1,1,1,0.555742025375,0.45,-1,1
2,-1,0,0.7,0.45,-2,1
0,0,1,0.550197124481,0.45,-1,1
1,2,0,0.57511305809,0.45,-2,1
0,0,1,0.673627138138,0.45,-1,1
3,3,1,0.547975063324,0.45,-1,1
1,0,0,0.506027936935,0.45,-2,1
3,-1,0,0.7,0.45,-2,1
2,3,0,0.00872087478638,0.45,-2,1
3,-1,0,0.7,0.45,-2,1
1,-1,0,0.7,0.45,-2,1
2,0,0,0.057070016861,0.45,-2,1
0,1,0,0.597090959549,0.45,-2,1
2,2,1,0.569612979889,0.45,-1,1
1,3,0,0.484848976135,0.45,-2,1
0,-1,0,0.7,0.45,-2,1
3,-1,0,0.7,0.45,-2,1
0,0,1,0.547482967377,0.45,-1,1
1,1,1,0.665235996246,0.45,-1,1
3,3,1,0.502050161362,0.45,-1,1
2,2,1,0.542590141296,0.45,-1,1
3,3,1,0.483630895615,0.45,-1,1
1,1,1,0.579679965973,0.45,-1,1
0,0,1,0.4557929039,0.45,-1,1
2,2,1,0.614407062531,0.45,-1,1
0,-1,0,0.7,0.45,-2,1
1,-1,0,0.7,0.45,-2,1
2,2,1,0.591297864914,0.45,-1,1
3,3,1,0.400977134705,0.45,1,1
2,2,1,0.45200586319,0.45,-1,1
1,1,1,0.454651117325,0.45,-1,1
3,3,1,0.420421123505,0.45,1,1
0,0,1,0.471323013306,0.45,-1,1
3,3,1,0.497601985931,0.45,-1,1
2,2,1,0.605136156082,0.45,-1,1
1,1,1,0.59991979599,0.45,-1,1
0,0,1,0.435005903244,0.45,1,1
1,1,1,0.654675960541,0.45,-1,1
2,2,1,0.53580904007,0.45,-1,1
0,0,1,0.636687040329,0.45,-1,1
2,2,1,0.568521022797,0.45,-1,1
3,3,1,0.466935873032,0.45,-1,1
1,0,0,0.528762817383,0.45,-2,1
3,-1,0,0.7,0.45,-2,1
0,1,0,0.406911849976,0.45,-2,1
3,-1,0,0.7,0.45,-2,1
1,1,1,0.554697036743,0.45,-1,1
2,-1,0,0.7,0.45,-2,1
0,1,0,0.0332131385803,0.45,-2,1
2,-1,0,0.7,0.45,-2,1
1,2,0,0.0715169906616,0.45,-2,1
0,0,1,0.492720127106,0.45,-1,1
3,3,1,0.336266994476,0.45,1,1
0,0,1,0.523890018463,0.45,-1,1
1,-1,0,0.7,0.45,-2,1
3,-1,0,0.7,0.45,-2,1
2,2,1,0.547888040543,0.45,-1,1
3,3,1,0.517245054245,0.45,-1,1
3,3,1,0.510468006134,0.45,-1,2
1,1,1,0.483180999756,0.45,-1,2
0,0,1,0.36846113205,0.45,1,2
2,2,1,0.379650115967,0.45,1,2
0,0,1,0.416974782944,0.45,1,2
1,0,0,0.457612991333,0.45,-2,2
2,1,0,0.0460021495819,0.45,-2,2
1,1,1,0.560249090195,0.45,-1,2
3,-1,0,0.7,0.45,-2,2
0,3,0,0.0397660732269,0.45,-2,2
3,-1,0,0.7,0.45,-2,2
2,-1,0,0.7,0.45,-2,2
3,-1,0,0.7,0.45,-2,2
2,-1,0,0.7,0.45,-2,2
0,0,1,0.485934972763,0.45,-1,2
1,2,0,0.395586013794,0.45,-2,2
0,-1,0,0.7,0.45,-2,2
2,2,1,0.554331064224,0.45,-1,2
1,0,0,0.557063817978,0.45,-2,2
2,2,1,0.581568956375,0.45,-1,2
3,3,1,0.524398088455,0.45,-1,2
1,1,1,0.376214027405,0.45,1,2
3,3,1,0.488798141479,0.45,-1,2
0,0,1,0.579514980316,0.45,-1,2
3,3,1,0.568090200424,0.45,-1,2
2,2,1,0.492840051651,0.45,-1,2
0,0,1,0.495666980743,0.45,-1,2
1,1,1,0.305394172668,0.45,1,2
0,0,1,0.316179990768,0.45,1,2
2,2,1,0.530303955078,0.45,-1,2
1,1,1,0.474253177643,0.45,-1,2
3,3,1,0.486738920212,0.45,-1,2
1,1,1,0.538418769836,0.45,-1,2
2,2,1,0.56541800499,0.45,-1,2
3,3,1,0.622452020645,0.45,-1,2
0,0,1,0.348537921906,0.45,1,2
3,3,1,0.423926115036,0.45,1,2
0,0,1,0.363750934601,0.45,1,2
1,1,1,0.311069011688,0.45,1,2
2,1,0,0.455132007599,0.45,-2,2
1,1,1,0.595780849457,0.45,-1,2
0,0,1,0.464434862137,0.45,-1,2
2,2,1,0.523609876633,0.45,-1,2
0,0,1,0.470929861069,0.45,-1,2
3,3,1,0.408802986145,0.45,1,2
2,2,1,0.476977825165,0.45,-1,2
3,3,1,0.469708919525,0.45,-1,2
1,1,1,0.500039100647,0.45,-1,2
3,3,1,0.476258993149,0.45,-1,2
1,1,1,0.443139076233,0.45,1,2
2,2,1,0.517273902893,0.45,-1,2
0,0,1,0.630995035172,0.45,-1,2
1,-1,0,0.7,0.45,-2,2
0,0,1,0.430855035782,0.45,1,2
2,2,1,0.593072891235,0.45,-1,2
3,3,1,0.430838823318,0.45,1,2
0,0,1,0.568192958832,0.45,-1,2
3,3,1,0.454056978226,0.45,-1,2
2,2,1,0.576149940491,0.45,-1,2
1,1,1,0.625905990601,0.45,-1,2
3,3,1,0.574316978455,0.45,-1,2
2,2,1,0.665931940079,0.45,-1,2
1,1,1,0.498325824738,0.45,-1,2
0,0,1,0.545602083206,0.45,-1,2
1,1,1,0.51328587532,0.45,-1,2
2,2,1,0.420576810837,0.45,1,2
0,0,1,0.576991796494,0.45,-1,2
2,2,1,0.484815120697,0.45,-1,2
3,3,1,0.511785984039,0.45,-1,2
1,1,1,0.564453840256,0.45,-1,2
3,3,1,0.493029117584,0.45,-1,2
0,0,1,0.521628141403,0.45,-1,2
3,3,1,0.572324991226,0.45,-1,2
2,2,1,0.56703710556,0.45,-1,2
0,0,1,0.491959095001,0.45,-1,2
1,1,1,0.517226934433,0.45,-1,2
2,2,1,0.48400592804,0.45,-1,2
1,1,1,0.470271110535,0.45,-1,2
0,0,1,0.679473161697,0.45,-1,2
3,3,1,0.580780982971,0.45,-1,2
0,0,1,0.597211837769,0.45,-1,2
2,2,1,0.451256990433,0.45,-1,2
3,3,1,0.573841094971,0.45,-1,2
1,1,1,0.480445861816,0.45,-1,2
3,3,1,0.484450101852,0.45,-1,2
2,-1,0,0.7,0.45,-2,2
0,2,0,0.0585150718689,0.45,-2,2
1,1,1,0.495667934418,0.45,-1,2
2,2,1,0.498918056488,0.45,-1,2
1,1,1,0.53962802887,0.45,-1,2
0,0,1,0.398446083069,0.45,1,2
3,3,1,0.584805965424,0.45,-1,2
1,1,1,0.616495132446,0.45,-1,2
3,3,1,0.616027116776,0.45,-1,2
0,0,1,0.564254999161,0.45,-1,2
2,2,1,0.574301958084,0.45,-1,2
3,-1,0,0.7,0.45,-2,2
1,3,0,0.0401971340179,0.45,-2,2
0,0,1,0.666475057602,0.45,-1,2
2,2,1,0.594988107681,0.45,-1,2
1,1,1,0.609162092209,0.45,-1,2
2,1,0,0.482335090637,0.45,-2,2
0,-1,0,0.7,0.45,-2,2
3,0,0,0.0408618450165,0.45,-2,2
2,2,1,0.442847967148,0.45,1,2
3,-1,0,0.7,0.45,-2,2
0,2,0,0.154512882233,0.45,-2,2
1,1,1,0.644552946091,0.45,-1,2
3,-1,0,0.7,0.45,-2,2
1,-1,0,0.7,0.45,-2,2
2,-1,0,0.7,0.45,-2,2
0,1,0,0.284523010254,0.45,-2,2
1,0,0,0.381937026978,0.45,-2,2
0,-1,0,0.7,0.45,-2,2
2,2,1,0.621108055115,0.45,-1,2
3,2,0,0.504156827927,0.45,-2,2
0,0,1,0.514289140701,0.45,-1,2
3,3,1,0.567023992538,0.45,-1,2
2,2,1,0.556593894958,0.45,-1,2
1,1,1,0.668813943863,0.45,-1,2
3,3,1,0.529847860336,0.45,-1,2
1,1,1,0.538707017899,0.45,-1,2
0,0,1,0.479598045349,0.45,-1,2
2,2,1,0.635457038879,0.45,-1,2
0,1,0,0.661870956421,0.45,-2,2
1,1,1,0.657515048981,0.45,-1,2
2,2,1,0.613506793976,0.45,-1,2
3,3,1,0.471681118011,0.45,-1,2
0,0,1,0.433856010437,0.45,1,2
3,2,0,0.397075891495,0.45,-2,2
2,2,1,0.496704101562,0.45,-1,2
1,1,1,0.366925954819,0.45,1,2
3,3,1,0.51890206337,0.45,-1,2
0,0,1,0.402831077576,0.45,1,2
2,2,1,0.519268035889,0.45,-1,2
1,1,1,0.377480983734,0.45,1,2
2,2,1,0.486505031586,0.45,-1,2
0,0,1,0.511662006378,0.45,-1,2
1,-1,0,0.7,0.45,-2,2
3,1,0,0.280838012695,0.45,-2,2
2,2,1,0.436271905899,0.45,1,2
3,3,1,0.588119029999,0.45,-1,2
1,1,1,0.497652053833,0.45,-1,2
0,0,1,0.412624120712,0.45,1,2
3,3,1,0.485127210617,0.45,-1,2
1,-1,0,0.7,0.45,-2,2
0,1,0,0.0473470687866,0.45,-2,2
2,2,1,0.5042989254,0.45,-1,2
0,0,1,0.602229118347,0.45,-1,2
1,1,1,0.655371189117,0.45,-1,2
2,1,0,0.651815891266,0.45,-2,2
3,2,0,0.628300189972,0.45,-2,2
2,-1,0,0.7,0.45,-2,2
1,1,1,0.590489864349,0.45,-1,2
3,3,1,0.480205059052,0.45,-1,2
0,0,1,0.371624946594,0.45,1,2
3,2,0,0.364466905594,0.45,-2,2
1,1,1,0.394809961319,0.45,1,2
2,2,1,0.597234964371,0.45,-1,2
0,0,1,0.670384883881,0.45,-1,2
2,-1,0,0.7,0.45,-2,2
1,2,0,0.0399429798126,0.45,-2,2
0,0,1,0.562285900116,0.45,-1,2
3,3,1,0.414284944534,0.45,1,2
2,2,1,0.367515087128,0.45,1,2
3,3,1,0.521305084229,0.45,-1,2
0,0,1,0.51710486412,0.45,-1,2
1,1,1,0.584659099579,0.45,-1,2
3,3,1,0.470657110214,0.45,-1,2
0,0,1,0.433720111847,0.45,1,2
1,1,1,0.490364074707,0.45,-1,2
2,2,1,0.543693780899,0.45,-1,2
1,1,1,0.563864946365,0.45,-1,2
0,0,1,0.542463064194,0.45,-1,2
2,2,1,0.431696891785,0.45,1,2
0,1,0,0.315327882767,0.45,-2,2
3,3,1,0.600572109222,0.45,-1,2
2,1,0,0.46862411499,0.45,-2,2
3,3,1,0.535099029541,0.45,-1,2
1,-1,0,0.7,0.45,-2,2
3,0,0,0.0130450725555,0.45,-2,2
2,0,0,0.413690090179,0.45,-2,2
1,0,0,0.547690153122,0.45,-2,2
0,0,1,0.567284107208,0.45,-1,2
1,1,1,0.616379976273,0.45,-1,2
2,2,1,0.428555965424,0.45,1,2
0,0,1,0.653675079346,0.45,-1,2
2,2,1,0.507055044174,0.45,-1,2
3,3,1,0.607148885727,0.45,-1,2
0,0,1,0.519306182861,0.45,-1,2
3,3,1,0.509469032288,0.45,-1,2
1,1,1,0.560261011124,0.45,-1,2
3,3,1,0.426882982254,0.45,1,2
1,1,1,0.431086063385,0.45,1,2
0,0,1,0.513412952423,0.45,-1,2
2,2,1,0.493734121323,0.45,-1,2
0,0,1,0.36696600914,0.45,1,2
1,1,1,0.508969783783,0.45,-1,2
2,2,1,0.500921010971,0.45,-1,2
1,1,1,0.53033208847,0.45,-1,2
3,3,1,0.470698833466,0.45,-1,2
0,0,1,0.504477977753,0.45,-1,2
3,3,1,0.404357910156,0.45,1,2
2,2,1,0.441105127335,0.45,1,2
3,3,1,0.44923210144,0.45,1,2
1,1,1,0.479938030243,0.45,-1,2
0,0,1,0.552904129028,0.45,-1,2
2,2,1,0.517466068268,0.45,-1,2
1,1,1,0.461915969849,0.45,-1,2
2,2,1,0.514750957489,0.45,-1,2
0,0,1,0.580816030502,0.45,-1,2
3,3,1,0.57902097702,0.45,-1,2
0,0,1,0.533108949661,0.45,-1,2
1,1,1,0.447673082352,0.45,1,2
3,3,1,0.594841957092,0.45,-1,2
2,2,1,0.57999587059,0.45,-1,2
3,3,1,0.560791015625,0.45,-1,2
3,-1,0,0.7,0.45,-2,3
2,2,1,0.63595199585,0.45,-1,3
1,1,1,0.432996988297,0.45,1,3
0,0,1,0.401901006699,0.45,1,3
1,1,1,0.50910615921,0.45,-1,3
2,2,1,0.32669210434,0.45,1,3
0,3,0,0.133189201355,0.45,-2,3
2,2,1,0.351773023605,0.45,1,3
3,3,1,0.314574956894,0.45,1,3
1,1,1,0.544024944305,0.45,-1,3
3,3,1,0.594749927521,0.45,-1,3
0,0,1,0.453627109528,0.45,-1,3
3,3,1,0.479691982269,0.45,-1,3
0,0,1,0.666615962982,0.45,-1,3
2,2,1,0.403701066971,0.45,1,3
1,1,1,0.401963949203,0.45,1,3
2,2,1,0.490760803223,0.45,-1,3
0,0,1,0.471391916275,0.45,-1,3
1,-1,0,0.7,0.45,-2,3
3,-1,0,0.7,0.45,-2,3
1,-1,0,0.7,0.45,-2,3
0,0,1,0.403542041779,0.45,1,3
3,3,1,0.470227003098,0.45,-1,3
2,2,1,0.397114992142,0.45,1,3
3,-1,0,0.7,0.45,-2,3
0,0,1,0.459795951843,0.45,-1,3
2,2,1,0.477507829666,0.45,-1,3
1,1,1,0.425798892975,0.45,1,3
2,2,1,0.510068178177,0.45,-1,3
0,0,1,0.425246953964,0.45,1,3
1,2,0,0.657520055771,0.45,-2,3
0,-1,0,0.7,0.45,-2,3
3,0,0,0.191889047623,0.45,-2,3
1,1,1,0.403146982193,0.45,1,3
3,3,1,0.471435070038,0.45,-1,3
2,2,1,0.434500932693,0.45,1,3
3,3,1,0.629124879837,0.45,-1,3
0,0,1,0.450362920761,0.45,-1,3
1,0,0,0.453819990158,0.45,-2,3
2,2,1,0.54983496666,0.45,-1,3
1,1,1,0.481892824173,0.45,-1,3
0,0,1,0.564097881317,0.45,-1,3
2,2,1,0.442346096039,0.45,1,3
3,3,1,0.470282793045,0.45,-1,3
2,2,1,0.386130809784,0.45,1,3
0,0,1,0.373046875,0.45,1,3
3,2,0,0.349794864655,0.45,-2,3
1,1,1,0.327805042267,0.45,1,3
3,3,1,0.2463991642,0.45,1,3
2,2,1,0.43806219101,0.45,1,3
0,0,1,0.508455038071,0.45,-1,3
1,1,1,0.520208120346,0.45,-1,3
2,2,1,0.410808086395,0.45,1,3
1,1,1,0.414975881577,0.45,1,3
0,0,1,0.489541053772,0.45,-1,3
2,2,1,0.402916908264,0.45,1,3
3,3,1,0.365613937378,0.45,1,3
0,1,0,0.378391981125,0.45,-2,3
3,3,1,0.446967124939,0.45,1,3
1,1,1,0.560860872269,0.45,-1,3
3,3,1,0.445116996765,0.45,1,3
0,0,1,0.480539083481,0.45,-1,3
2,2,1,0.37979388237,0.45,1,3
1,1,1,0.581172943115,0.45,-1,3
0,0,1,0.498420000076,0.45,-1,3
1,1,1,0.678785085678,0.45,-1,3
2,2,1,0.447894096375,0.45,1,3
0,-1,0,0.7,0.45,-2,3
3,0,0,0.0237669944763,0.45,-2,3
1,1,1,0.451032876968,0.45,-1,3
3,3,1,0.428453207016,0.45,1,3
2,-1,0,0.7,0.45,-2,3
3,2,0,0.148082017899,0.45,-2,3
0,0,1,0.519401073456,0.45,-1,3
2,2,1,0.520724058151,0.45,-1,3
1,1,1,0.515502929688,0.45,-1,3
2,2,1,0.526987075806,0.45,-1,3
0,-1,0,0.7,0.45,-2,3
1,0,0,0.00568008422852,0.45,-2,3
0,1,0,0.627213001251,0.45,-2,3
3,-1,0,0.7,0.45,-2,3
2,-1,0,0.7,0.45,-2,3
3,-1,0,0.7,0.45,-2,3
1,-1,0,0.7,0.45,-2,3
3,-1,0,0.7,0.45,-2,3
0,0,1,0.422348976135,0.45,1,3
1,1,1,0.383337974548,0.45,1,3
2,2,1,0.346147060394,0.45,1,3
0,1,0,0.33438706398,0.45,-2,3
2,2,1,0.514168024063,0.45,-1,3
1,1,1,0.44771194458,0.45,1,3
0,0,1,0.417540073395,0.45,1,3
3,3,1,0.469885826111,0.45,-1,3
2,2,1,0.551507949829,0.45,-1,3
3,3,1,0.508614063263,0.45,-1,3
1,1,1,0.470338106155,0.45,-1,3
3,3,1,0.359431028366,0.45,1,3
0,0,1,0.427258968353,0.45,1,3
2,2,1,0.416964054108,0.45,1,3
1,1,1,0.428683996201,0.45,1,3
0,2,0,0.220298051834,0.45,-2,3
1,1,1,0.562069892883,0.45,-1,3
2,2,1,0.466788053513,0.45,-1,3
3,3,1,0.519786119461,0.45,-1,3
1,0,0,0.42861199379,0.45,-2,3
3,3,1,0.41585111618,0.45,1,3
2,2,1,0.545670032501,0.45,-1,3
0,-1,0,0.7,0.45,-2,3
3,3,1,0.64158987999,0.45,-1,3
0,-1,0,0.7,0.45,-2,3
2,-1,0,0.7,0.45,-2,3
1,-1,0,0.7,0.45,-2,3
2,-1,0,0.7,0.45,-2,3
0,0,1,0.417061805725,0.45,1,3
1,1,1,0.581112146378,0.45,-1,3
0,0,1,0.485105991364,0.45,-1,3
3,3,1,0.522670030594,0.45,-1,3
1,-1,0,0.7,0.45,-2,3
3,1,0,0.111444950104,0.45,-2,3
2,2,1,0.549437046051,0.45,-1,3
3,-1,0,0.7,0.45,-2,3
2,3,0,0.0265550613403,0.45,-2,3
1,1,1,0.364768981934,0.45,1,3
0,0,1,0.393795967102,0.45,1,3
2,2,1,0.430150032043,0.45,1,3
0,0,1,0.438474178314,0.45,1,3
1,1,1,0.466364145279,0.45,-1,3
2,2,1,0.381531000137,0.45,1,3
3,3,1,0.560977935791,0.45,-1,3
0,0,1,0.515812158585,0.45,-1,3
3,3,1,0.505658149719,0.45,-1,3
1,1,1,0.442240953445,0.45,1,3
3,3,1,0.383039951324,0.45,1,3
2,2,1,0.409968137741,0.45,1,3
0,0,1,0.475018978119,0.45,-1,3
1,1,1,0.438892841339,0.45,1,3
2,2,1,0.438384056091,0.45,1,3
1,1,1,0.456741094589,0.45,-1,3
0,0,1,0.522357940674,0.45,-1,3
2,2,1,0.451677083969,0.45,-1,3
3,3,1,0.450268983841,0.45,-1,3
0,0,1,0.501082897186,0.45,-1,3
3,3,1,0.511997938156,0.45,-1,3
1,1,1,0.505876064301,0.45,-1,3
3,3,1,0.399163007736,0.45,1,3
2,2,1,0.37066411972,0.45,1,3
1,1,1,0.406399011612,0.45,1,3
0,0,1,0.409294128418,0.45,1,3
2,2,1,0.434799194336,0.45,1,3
0,0,1,0.486703157425,0.45,-1,3
1,1,1,0.656548976898,0.45,-1,3
3,3,1,0.501228094101,0.45,-1,3
1,1,1,0.488324165344,0.45,-1,3
2,2,1,0.434108972549,0.45,1,3
3,3,1,0.492500066757,0.45,-1,3
0,0,1,0.402714014053,0.45,1,3
3,3,1,0.43080496788,0.45,1,3
0,0,1,0.553126096725,0.45,-1,3
1,2,0,0.385504007339,0.45,-2,3
2,2,1,0.39154791832,0.45,1,3
0,0,1,0.487617015839,0.45,-1,3
2,2,1,0.555259227753,0.45,-1,3
1,1,1,0.585183143616,0.45,-1,3
3,3,1,0.483667135239,0.45,-1,3
1,-1,0,0.7,0.45,-2,3
0,0,1,0.00082802772522,0.45,1,3
3,3,1,0.454478025436,0.45,-1,3
2,2,1,0.399544000626,0.45,1,3
3,3,1,0.476149082184,0.45,-1,3
0,0,1,0.526141166687,0.45,-1,3
1,1,1,0.554400205612,0.45,-1,3
2,2,1,0.423542976379,0.45,1,3
0,-1,0,0.7,0.45,-2,3
2,0,0,0.0504078865051,0.45,-2,3
1,1,1,0.528623104095,0.45,-1,3
0,0,1,0.540006160736,0.45,-1,3
3,3,1,0.422907114029,0.45,1,3
2,2,1,0.392685890198,0.45,1,3
3,3,1,0.547083854675,0.45,-1,3
1,-1,0,0.7,0.45,-2,3
3,1,0,0.0282771587372,0.45,-2,3
1,1,1,0.476743936539,0.45,-1,3
0,0,1,0.450798988342,0.45,-1,3
2,2,1,0.522506952286,0.45,-1,3
1,1,1,0.503091812134,0.45,-1,3
2,2,1,0.453058958054,0.45,-1,3
0,0,1,0.508860826492,0.45,-1,3
1,1,1,0.587611913681,0.45,-1,3
3,3,1,0.55647611618,0.45,-1,3
2,2,1,0.470994949341,0.45,-1,3
3,3,1,0.565008163452,0.45,-1,3
0,-1,0,0.7,0.45,-2,3
3,0,0,0.00992894172668,0.45,-2,3
2,2,1,0.419450044632,0.45,1,3
0,0,1,0.497168064117,0.45,-1,3
1,1,1,0.547739028931,0.45,-1,3
0,-1,0,0.7,0.45,-2,3
2,0,0,0.0183410644531,0.45,-2,3
1,1,1,0.461120128632,0.45,-1,3
3,3,1,0.44691991806,0.45,1,3
0,0,1,0.435482978821,0.45,1,3
3,2,0,0.375024080276,0.45,-2,3
1,1,1,0.4442050457,0.45,1,3
2,2,1,0.468689203262,0.45,-1,3
3,3,1,0.528670787811,0.45,-1,3
1,1,1,0.644850969315,0.45,-1,3
2,1,0,0.64879488945,0.45,-2,3
0,-1,0,0.7,0.45,-2,3
1,0,0,0.141128063202,0.45,-2,3
0,0,1,0.44083404541,0.45,1,3
2,2,1,0.563102006912,0.45,-1,3
1,1,1,0.496999979019,0.45,-1,3
3,3,1,0.44265294075,0.45,1,3
2,2,1,0.414484024048,0.45,1,3
3,3,1,0.479485988617,0.45,-1,3
0,0,1,0.555863142014,0.45,-1,3
3,3,1,0.49707698822,0.45,-1,3
1,2,0,0.42157292366,0.45,-2,4
2,2,1,0.403415203094,0.45,1,4
0,0,1,0.371114969254,0.45,1,4
3,3,1,0.295835018158,0.45,1,4
0,0,1,0.500562906265,0.45,-1,4
2,2,1,0.400317907333,0.45,1,4
3,3,1,0.490692138672,0.45,-1,4
1,1,1,0.558306932449,0.45,-1,4
3,3,1,0.510607004166,0.45,-1,4
2,2,1,0.445250034332,0.45,1,4
1,1,1,0.40664601326,0.45,1,4
0,0,1,0.490624904633,0.45,-1,4
1,1,1,0.525594949722,0.45,-1,4
2,2,1,0.399896144867,0.45,1,4
3,3,1,0.32473897934,0.45,1,4
0,0,1,0.416126966476,0.45,1,4
2,2,1,0.387048006058,0.45,1,4
0,0,1,0.533587932587,0.45,-1,4
3,3,1,0.503825902939,0.45,-1,4
2,2,1,0.572463989258,0.45,-1,4
1,1,1,0.478551864624,0.45,-1,4
0,0,1,0.508045911789,0.45,-1,4
1,1,1,0.437294006348,0.45,1,4
3,3,1,0.426269054413,0.45,1,4
1,1,1,0.35028219223,0.45,1,4
3,3,1,0.335193157196,0.45,1,4
0,0,1,0.401098966599,0.45,1,4
2,2,1,0.424119949341,0.45,1,4
3,2,0,0.579648017883,0.45,-2,4
2,2,1,0.566856145859,0.45,-1,4
0,0,1,0.480136871338,0.45,-1,4
3,3,1,0.395684957504,0.45,1,4
1,0,0,0.488899946213,0.45,-2,4
0,0,1,0.522166967392,0.45,-1,4
1,2,0,0.451866865158,0.45,-2,4
2,2,1,0.51070690155,0.45,-1,4
1,0,0,0.410238981247,0.45,-2,4
0,0,1,0.623472929001,0.45,-1,4
2,2,1,0.675845861435,0.45,-1,4
3,3,1,0.524194002151,0.45,-1,4
0,0,1,0.52800321579,0.45,-1,4
3,2,0,0.481714963913,0.45,-2,4
2,-1,0,0.7,0.45,-2,4
0,2,0,0.0325899124146,0.45,-2,4
1,1,1,0.414010047913,0.45,1,4
3,3,1,0.402367115021,0.45,1,4
1,1,1,0.413360118866,0.45,1,4
2,2,1,0.479643821716,0.45,-1,4
1,1,1,0.492377996445,0.45,-1,4
2,2,1,0.4713139534,0.45,-1,4
0,0,1,0.457673072815,0.45,-1,4
3,3,1,0.406165122986,0.45,1,4
2,2,1,0.353610992432,0.45,1,4
3,3,1,0.425379991531,0.45,1,4
0,0,1,0.447737932205,0.45,1,4
2,2,1,0.417277097702,0.45,1,4
1,-1,0,0.7,0.45,-2,4
0,1,0,0.000809907913208,0.45,-2,4
1,1,1,0.451402902603,0.45,-1,4
3,3,1,0.549926042557,0.45,-1,4
1,1,1,0.50702214241,0.45,-1,4
2,2,1,0.494328022003,0.45,-1,4
0,0,1,0.47897195816,0.45,-1,4
3,3,1,0.466749191284,0.45,-1,4
2,2,1,0.407100915909,0.45,1,4
3,3,1,0.403026819229,0.45,1,4
0,0,1,0.518194198608,0.45,-1,4
2,2,1,0.591474056244,0.45,-1,4
1,1,1,0.507758140564,0.45,-1,4
0,0,1,0.46156001091,0.45,-1,4
1,2,0,0.459817171097,0.45,-2,4
3,3,1,0.483998060226,0.45,-1,4
1,1,1,0.559565067291,0.45,-1,4
2,2,1,0.459754943848,0.45,-1,4
0,0,1,0.390905857086,0.45,1,4
3,3,1,0.433737039566,0.45,1,4
0,0,1,0.366813898087,0.45,1,4
2,2,1,0.367251157761,0.45,1,4
3,3,1,0.409863948822,0.45,1,4
1,1,1,0.453856945038,0.45,-1,4
0,0,1,0.541209936142,0.45,-1,4
1,2,0,0.55556178093,0.45,-2,4
3,3,1,0.648448944092,0.45,-1,4
2,1,0,0.514388084412,0.45,-2,4
1,1,1,0.493870973587,0.45,-1,4
3,3,1,0.416626930237,0.45,1,4
0,0,1,0.333809137344,0.45,1,4
2,2,1,0.385125875473,0.45,1,4
3,3,1,0.414011955261,0.45,1,4
2,1,0,0.351300954819,0.45,-2,4
0,-1,0,0.7,0.45,-2,4
3,0,0,0.0806529521942,0.45,-2,4
1,1,1,0.612185001373,0.45,-1,4
0,-1,0,0.7,0.45,-2,4
1,1,1,0.622946023941,0.45,-1,4
2,2,1,0.420745849609,0.45,1,4
1,-1,0,0.7,0.45,-2,4
0,-1,0,0.7,0.45,-2,4
2,-1,0,0.7,0.45,-2,4
3,3,1,0.28098487854,0.45,1,4
2,2,1,0.3308801651,0.45,1,4
0,0,1,0.510213136673,0.45,-1,4
3,3,1,0.548169136047,0.45,-1,4
1,1,1,0.435660123825,0.45,1,4
3,2,0,0.618489027023,0.45,-2,4
0,1,0,0.684109210968,0.45,-2,4
1,-1,0,0.7,0.45,-2,4
2,0,0,0.00406002998352,0.45,-2,4
1,1,1,0.63144993782,0.45,-1,4
0,0,1,0.502732992172,0.45,-1,4
2,2,1,0.485968828201,0.45,-1,4
3,3,1,0.43944311142,0.45,1,4
2,2,1,0.516869068146,0.45,-1,4
0,0,1,0.473018884659,0.45,-1,4
3,2,0,0.665791034698,0.45,-2,4
0,-1,0,0.7,0.45,-2,4
1,-1,0,0.7,0.45,-2,4
3,2,0,0.267272949219,0.45,-2,4
1,1,1,0.447732210159,0.45,1,4
2,2,1,0.497682094574,0.45,-1,4
1,-1,0,0.7,0.45,-2,4
2,1,0,0.0105531215668,0.45,-2,4
0,-1,0,0.7,0.45,-2,4
3,-1,0,0.7,0.45,-2,4
0,-1,0,0.7,0.45,-2,4
2,-1,0,0.7,0.45,-2,4
3,-1,0,0.7,0.45,-2,4
2,2,1,0.113302946091,0.45,1,4
1,1,1,0.301311016083,0.45,1,4
3,2,0,0.362142086029,0.45,-2,4
1,3,0,0.398564100266,0.45,-2,4
0,0,1,0.663629055023,0.45,-1,4
1,2,0,0.508290052414,0.45,-2,4
0,-1,0,0.7,0.45,-2,4
3,0,0,0.0922069549561,0.45,-2,4
2,2,1,0.443820953369,0.45,1,4
0,0,1,0.481888055801,0.45,-1,4
2,2,1,0.573874950409,0.45,-1,4
3,2,0,0.486083984375,0.45,-2,4
0,0,1,0.682450056076,0.45,-1,4
1,1,1,0.566200017929,0.45,-1,4
2,2,1,0.538110017776,0.45,-1,4
1,1,1,0.558289051056,0.45,-1,4
3,3,1,0.592277050018,0.45,-1,4
1,1,1,0.62694311142,0.45,-1,4
0,0,1,0.560750007629,0.45,-1,4
2,2,1,0.48006105423,0.45,-1,4
3,3,1,0.438080072403,0.45,1,4
0,0,1,0.44917011261,0.45,1,4
3,2,0,0.497484207153,0.45,-2,4
2,2,1,0.607011079788,0.45,-1,4
1,1,1,0.480593919754,0.45,-1,4
3,3,1,0.414335012436,0.45,1,4
1,0,0,0.360684871674,0.45,-2,4
2,2,1,0.389051198959,0.45,1,4
0,0,1,0.559846162796,0.45,-1,4
1,1,1,0.484205961227,0.45,-1,4
0,0,1,0.566025972366,0.45,-1,4
2,2,1,0.491123914719,0.45,-1,4
3,3,1,0.653762102127,0.45,-1,4
2,2,1,0.673160076141,0.45,-1,4
0,0,1,0.506128072739,0.45,-1,4
3,3,1,0.454537153244,0.45,-1,4
1,1,1,0.490571022034,0.45,-1,4
3,3,1,0.498772859573,0.45,-1,4
0,0,1,0.431013822556,0.45,1,4
1,1,1,0.666244983673,0.45,-1,4
2,2,1,0.45419383049,0.45,-1,4
1,1,1,0.538378953934,0.45,-1,4
2,2,1,0.380136966705,0.45,1,4
0,0,1,0.630904912949,0.45,-1,4
3,3,1,0.362588167191,0.45,1,4
2,2,1,0.42352604866,0.45,1,4
3,-1,0,0.7,0.45,-2,4
0,3,0,0.0229558944702,0.45,-2,4
2,2,1,0.565960884094,0.45,-1,4
1,1,1,0.474550008774,0.45,-1,4
3,3,1,0.464506149292,0.45,-1,4
1,0,0,0.34401512146,0.45,-2,4
0,0,1,0.527230024338,0.45,-1,4
1,-1,0,0.7,0.45,-2,4
3,3,1,0.554052114487,0.45,-1,4
0,0,1,0.471918106079,0.45,-1,4
2,2,1,0.464698076248,0.45,-1,4
0,0,1,0.445079803467,0.45,1,4
3,3,1,0.434012174606,0.45,1,4
2,2,1,0.442077875137,0.45,1,4
3,3,1,0.663964033127,0.45,-1,4
1,1,1,0.523301839828,0.45,-1,4
0,0,1,0.44002199173,0.45,1,4
1,1,1,0.46665096283,0.45,-1,4
2,2,1,0.467697143555,0.45,-1,4
1,-1,0,0.7,0.45,-2,4
0,1,0,0.051285982132,0.45,-2,4
3,3,1,0.39822602272,0.45,1,4
2,2,1,0.386425971985,0.45,1,4
3,3,1,0.516798973083,0.45,-1,4
0,-1,0,0.7,0.45,-2,4
2,1,0,0.13178896904,0.45,-2,4
1,-1,0,0.7,0.45,-2,4
3,2,0,0.120025873184,0.45,-2,4
1,1,1,0.468812942505,0.45,-1,4
2,2,1,0.440931081772,0.45,1,4
0,0,1,0.436275005341,0.45,1,4
1,1,1,0.46125793457,0.45,-1,4
3,2,0,0.464195013046,0.45,-2,4
2,-1,0,0.7,0.45,-2,4
0,2,0,0.0167388916016,0.45,-2,4
3,3,1,0.514422893524,0.45,-1,4
0,0,1,0.517409086227,0.45,-1,4
2,2,1,0.496360063553,0.45,-1,4
1,1,1,0.444626092911,0.45,1,4
0,0,1,0.472916126251,0.45,-1,4
1,-1,0,0.7,0.45,-2,4
2,2,1,0.446157932281,0.45,1,4
3,3,1,0.433275938034,0.45,1,4
1,1,1,0.574043035507,0.45,-1,4
1,1,1,0.463380098343,0.45,-1,5
0,0,1,0.512428998947,0.45,-1,5
3,3,1,0.429154872894,0.45,1,5
2,2,1,0.369099140167,0.45,1,5
3,3,1,0.533739089966,0.45,-1,5
0,0,1,0.464648008347,0.45,-1,5
2,2,1,0.396353006363,0.45,1,5
1,1,1,0.388027906418,0.45,1,5
3,3,1,0.418048858643,0.45,1,5
1,1,1,0.372664928436,0.45,1,5
2,2,1,0.303742170334,0.45,1,5
0,0,1,0.289036989212,0.45,1,5
1,1,1,0.423818826675,0.45,1,5
2,2,1,0.327773094177,0.45,1,5
0,0,1,0.402446985245,0.45,1,5
3,3,1,0.317409038544,0.45,1,5
0,0,1,0.450258016586,0.45,-1,5
2,2,1,0.383136987686,0.45,1,5
3,3,1,0.474207878113,0.45,-1,5
2,2,1,0.508454084396,0.45,-1,5
1,1,1,0.47873210907,0.45,-1,5
0,0,1,0.466835975647,0.45,-1,5
1,1,1,0.351766109467,0.45,1,5
3,3,1,0.394124984741,0.45,1,5
1,1,1,0.462304830551,0.45,-1,5
2,2,1,0.426296949387,0.45,1,5
0,0,1,0.525450944901,0.45,-1,5
3,3,1,0.377604007721,0.45,1,5
2,2,1,0.385505914688,0.45,1,5
3,3,1,0.533882141113,0.45,-1,5
0,0,1,0.448122024536,0.45,1,5
1,1,1,0.420428991318,0.45,1,5
0,0,1,0.624183893204,0.45,-1,5
2,3,0,0.400763034821,0.45,-2,5
1,0,0,0.548352003098,0.45,-2,5
3,3,1,0.512949943542,0.45,-1,5
1,1,1,0.434984207153,0.45,1,5
2,2,1,0.367896080017,0.45,1,5
0,0,1,0.532258033752,0.45,-1,5
3,3,1,0.423470973969,0.45,1,5
2,2,1,0.37063908577,0.45,1,5
3,3,1,0.421746969223,0.45,1,5
0,0,1,0.489442825317,0.45,-1,5
1,1,1,0.337241888046,0.45,1,5
0,0,1,0.384258031845,0.45,1,5
2,2,1,0.472649097443,0.45,-1,5
1,1,1,0.524142026901,0.45,-1,5
3,3,1,0.473123073578,0.45,-1,5
1,1,1,0.404060840607,0.45,1,5
0,0,1,0.477798938751,0.45,-1,5
3,3,1,0.496335983276,0.45,-1,5
2,2,1,0.421768903732,0.45,1,5
0,0,1,0.462825059891,0.45,-1,5
2,2,1,0.515017986298,0.45,-1,5
3,3,1,0.381072044373,0.45,1,5
0,0,1,0.457021951675,0.45,-1,5
1,2,0,0.32640504837,0.45,-2,5
2,2,1,0.520573854446,0.45,-1,5
1,1,1,0.523462057114,0.45,-1,5
3,3,1,0.415466070175,0.45,1,5
1,0,0,0.3690969944,0.45,-2,5
3,3,1,0.607425928116,0.45,-1,5
0,0,1,0.479657888412,0.45,-1,5
2,2,1,0.402743816376,0.45,1,5
3,3,1,0.504445075989,0.45,-1,5
2,0,0,0.418969154358,0.45,-2,5
0,0,1,0.540367841721,0.45,-1,5
1,1,1,0.455681085587,0.45,-1,5
0,0,1,0.508084058762,0.45,-1,5
3,3,1,0.431066036224,0.45,1,5
1,1,1,0.444525957108,0.45,1,5
2,2,1,0.524864196777,0.45,-1,5
1,1,1,0.456192970276,0.45,-1,5
0,0,1,0.498778820038,0.45,-1,5
3,3,1,0.390503883362,0.45,1,5
2,2,1,0.333088874817,0.45,1,5
3,3,1,0.382861852646,0.45,1,5
0,0,1,0.408231973648,0.45,1,5
2,2,1,0.394569158554,0.45,1,5
1,1,1,0.44633102417,0.45,1,5
2,2,1,0.337313175201,0.45,1,5
0,0,1,0.336746931076,0.45,1,5
1,1,1,0.600965023041,0.45,-1,5
3,3,1,0.444752931595,0.45,1,5
1,1,1,0.400282144547,0.45,1,5
3,3,1,0.402756929398,0.45,1,5
0,0,1,0.502454996109,0.45,-1,5
2,2,1,0.443125009537,0.45,1,5
0,-1,0,0.7,0.45,-2,5
3,0,0,0.0740699768066,0.45,-2,5
2,2,1,0.469339847565,0.45,-1,5
1,1,1,0.528445959091,0.45,-1,5
0,0,1,0.44922709465,0.45,1,5
1,1,1,0.467878103256,0.45,-1,5
2,2,1,0.62704706192,0.45,-1,5
3,3,1,0.35594701767,0.45,1,5
1,1,1,0.510420084,0.45,-1,5
0,0,1,0.596731901169,0.45,-1,5
3,3,1,0.430354118347,0.45,1,5
2,1,0,0.354402065277,0.45,-2,5
3,2,0,0.429509878159,0.45,-2,5
0,0,1,0.521843194962,0.45,-1,5
2,2,1,0.460613965988,0.45,-1,5
0,0,1,0.389325857162,0.45,1,5
1,2,0,0.428077936172,0.45,-2,5
2,2,1,0.53126502037,0.45,-1,5
1,1,1,0.447474002838,0.45,1,5
3,3,1,0.308898925781,0.45,1,5
1,1,1,0.383729934692,0.45,1,5
3,3,1,0.298256874084,0.45,1,5
0,0,1,0.346968173981,0.45,1,5
2,3,0,0.401811122894,0.45,-2,5
0,0,1,0.604069948196,0.45,-1,5
3,3,1,0.493879079819,0.45,-1,5
2,2,1,0.435920953751,0.45,1,5
3,3,1,0.501294136047,0.45,-1,5
1,1,1,0.370241880417,0.45,1,5
2,3,0,0.348751068115,0.45,-2,5
1,1,1,0.48800611496,0.45,-1,5
0,0,1,0.490985155106,0.45,-1,5
1,0,0,0.421540975571,0.45,-2,5
0,-1,0,0.7,0.45,-2,5
2,2,1,0.493632793427,0.45,-1,5
3,3,1,0.441538095474,0.45,1,5
0,0,1,0.508955001831,0.45,-1,5
3,-1,0,0.7,0.45,-2,5
2,3,0,0.0011420249939,0.45,-2,5
0,1,0,0.563809871674,0.45,-2,5
1,2,0,0.399024009705,0.45,-2,5
3,-1,0,0.7,0.45,-2,5
1,-1,0,0.7,0.45,-2,5
2,-1,0,0.7,0.45,-2,5
1,-1,0,0.7,0.45,-2,5
0,0,1,0.47318983078,0.45,-1,5
2,2,1,0.421204805374,0.45,1,5
3,3,1,0.325974941254,0.45,1,5
0,0,1,0.426280021667,0.45,1,5
3,3,1,0.421235084534,0.45,1,5
2,2,1,0.358303785324,0.45,1,5
1,2,0,0.370289087296,0.45,-2,5
3,3,1,0.345394134521,0.45,1,5
1,1,1,0.577520847321,0.45,-1,5
2,2,1,0.398724079132,0.45,1,5
0,0,1,0.374619007111,0.45,1,5
1,1,1,0.460802078247,0.45,-1,5
0,0,1,0.560180187225,0.45,-1,5
3,3,1,0.401252031326,0.45,1,5
2,2,1,0.396362066269,0.45,1,5
0,1,0,0.463474988937,0.45,-2,5
2,2,1,0.610040903091,0.45,-1,5
3,3,1,0.429697036743,0.45,1,5
1,1,1,0.346337080002,0.45,1,5
2,2,1,0.492577075958,0.45,-1,5
1,1,1,0.424144983292,0.45,1,5
3,3,1,0.445411920547,0.45,1,5
0,0,1,0.329168081284,0.45,1,5
1,1,1,0.396744966507,0.45,1,5
2,-1,0,0.7,0.45,-2,5
3,2,0,0.00938487052917,0.45,-2,5
0,0,1,0.428992033005,0.45,1,5
2,2,1,0.383883953094,0.45,1,5
0,1,0,0.595982074738,0.45,-2,5
3,3,1,0.57359290123,0.45,-1,5
1,1,1,0.641036987305,0.45,-1,5
0,0,1,0.462834119797,0.45,-1,5
1,1,1,0.519861936569,0.45,-1,5
3,3,1,0.477267026901,0.45,-1,5
2,2,1,0.597428798676,0.45,-1,5
1,1,1,0.683035135269,0.45,-1,5
0,0,1,0.406111955643,0.45,1,5
2,2,1,0.383311986923,0.45,1,5
3,2,0,0.346793889999,0.45,-2,5
2,1,0,0.432656049728,0.45,-2,5
0,0,1,0.521081209183,0.45,-1,5
3,2,0,0.429862976074,0.45,-2,5
1,1,1,0.446726083755,0.45,1,5
3,3,1,0.387392044067,0.45,1,5
0,0,1,0.478055000305,0.45,-1,5
1,1,1,0.633582115173,0.45,-1,5
2,2,1,0.477677822113,0.45,-1,5
1,3,0,0.48313999176,0.45,-2,5
3,-1,0,0.7,0.45,-2,5
0,3,0,0.0154509544373,0.45,-2,5
2,2,1,0.611531972885,0.45,-1,5
0,0,1,0.516357898712,0.45,-1,5
3,3,1,0.56886100769,0.45,-1,5
2,2,1,0.468147039413,0.45,-1,5
1,1,1,0.399999856949,0.45,1,5
2,3,0,0.377975940704,0.45,-2,5
3,3,1,0.471381902695,0.45,-1,5
1,1,1,0.608736038208,0.45,-1,5
0,0,1,0.659740924835,0.45,-1,5
1,1,1,0.52908205986,0.45,-1,5
2,2,1,0.419731140137,0.45,1,5
3,3,1,0.382718086243,0.45,1,5
0,0,1,0.459186077118,0.45,-1,5
2,2,1,0.387335062027,0.45,1,5
0,0,1,0.598383903503,0.45,-1,5
3,3,1,0.466505050659,0.45,-1,5
2,2,1,0.607478141785,0.45,-1,5
1,1,1,0.491268873215,0.45,-1,5
0,0,1,0.398386001587,0.45,1,5
1,1,1,0.431544065475,0.45,1,5
3,2,0,0.427034854889,0.45,-2,5
1,1,1,0.573815107346,0.45,-1,5
0,0,1,0.49202299118,0.45,-1,5
3,3,1,0.486851215363,0.45,-1,5
2,2,1,0.681374073029,0.45,-1,5
0,0,1,0.611939907074,0.45,-1,5
2,2,1,0.61718416214,0.45,-1,5
3,3,1,0.444725990295,0.45,1,5
1,1,1,0.479471921921,0.45,-1,5
3,3,1,0.392835855484,0.45,1,5
0,0,1,0.429466962814,0.45,1,5
1,1,1,0.528454065323,0.45,-1,5
2,2,1,0.402032852173,0.45,1,5
1,1,1,0.501890897751,0.45,-1,5
2,-1,0,0.7,0.45,-2,6
3,2,0,0.120581865311,0.45,-2,6
0,-1,0,0.7,0.45,-2,6
1,1,1,0.414860963821,0.45,1,6
3,2,0,0.288204908371,0.45,-2,6
1,1,1,0.325793027878,0.45,1,6
0,0,1,0.408238887787,0.45,1,6
3,3,1,0.386059999466,0.45,1,6
2,2,1,0.311553001404,0.45,1,6
1,1,1,0.448223829269,0.45,1,6
2,2,1,0.420094013214,0.45,1,6
0,0,1,0.409650087357,0.45,1,6
2,2,1,0.372896909714,0.45,1,6
1,1,1,0.488399028778,0.45,-1,6
3,3,1,0.434459924698,0.45,1,6
0,-1,0,0.7,0.45,-2,6
1,1,1,0.680187940598,0.45,-1,6
0,-1,0,0.7,0.45,-2,6
3,3,1,0.552339076996,0.45,-1,6
1,1,1,0.47452712059,0.45,-1,6
2,2,1,0.437849998474,0.45,1,6
0,0,1,0.43178486824,0.45,1,6
2,2,1,0.382021188736,0.45,1,6
3,3,1,0.497419834137,0.45,-1,6
2,2,1,0.384610176086,0.45,1,6
1,1,1,0.328033924103,0.45,1,6
3,3,1,0.393457889557,0.45,1,6
0,0,1,0.420365095139,0.45,1,6
3,3,1,0.343538999557,0.45,1,6
1,2,0,0.349045038223,0.45,-2,6
0,0,1,0.494635105133,0.45,-1,6
1,1,1,0.48242688179,0.45,-1,6
2,2,1,0.386852025986,0.45,1,6
3,3,1,0.330355882645,0.45,1,6
2,2,1,0.377912044525,0.45,1,6
0,0,1,0.38901591301,0.45,1,6
2,2,1,0.354850053787,0.45,1,6
0,0,1,0.452867984772,0.45,-1,6
3,3,1,0.350471973419,0.45,1,6
1,1,1,0.476902961731,0.45,-1,6
0,0,1,0.516825914383,0.45,-1,6
1,1,1,0.483458042145,0.45,-1,6
3,3,1,0.507040977478,0.45,-1,6
2,2,1,0.473628044128,0.45,-1,6
1,1,1,0.396456003189,0.45,1,6
2,2,1,0.424337148666,0.45,1,6
3,3,1,0.529304981232,0.45,-1,6
0,0,1,0.389971017838,0.45,1,6
2,2,1,0.36961889267,0.45,1,6
1,1,1,0.46820807457,0.45,-1,6
0,0,1,0.513198852539,0.45,-1,6
3,3,1,0.410444974899,0.45,1,6
0,-1,0,0.7,0.45,-2,6
1,0,0,0.0165829658508,0.45,-2,6
3,3,1,0.540088176727,0.45,-1,6
2,2,1,0.439440965652,0.45,1,6
0,0,1,0.373032093048,0.45,1,6
2,2,1,0.413077116013,0.45,1,6
3,3,1,0.415500879288,0.45,1,6
1,1,1,0.39032292366,0.45,1,6
2,1,0,0.449489116669,0.45,-2,6
0,0,1,0.643664836884,0.45,-1,6
3,3,1,0.475905179977,0.45,-1,6
1,0,0,0.487534999847,0.45,-2,6
3,2,0,0.526046991348,0.45,-2,6
0,-1,0,0.7,0.45,-2,6
1,0,0,0.126391887665,0.45,-2,6
2,0,0,0.349539995193,0.45,-2,6
1,-1,0,0.7,0.45,-2,6
0,0,1,0.476394176483,0.45,-1,6
2,3,0,0.366951942444,0.45,-2,6
3,3,1,0.458826065063,0.45,-1,6
2,2,1,0.373514175415,0.45,1,6
0,0,1,0.395364046097,0.45,1,6
3,3,1,0.4672498703,0.45,-1,6
1,1,1,0.344533920288,0.45,1,6
0,0,1,0.418376922607,0.45,1,6
1,1,1,0.470040082932,0.45,-1,6
3,3,1,0.410503149033,0.45,1,6
0,0,1,0.444262981415,0.45,1,6
2,2,1,0.425498008728,0.45,1,6
3,3,1,0.460372924805,0.45,-1,6
2,-1,0,0.7,0.45,-2,6
1,0,0,0.116490840912,0.45,-2,6
2,2,1,0.587626934052,0.45,-1,6
3,1,0,0.442108869553,0.45,-2,6
1,1,1,0.667495965958,0.45,-1,6
0,0,1,0.549165010452,0.45,-1,6
3,3,1,0.537779092789,0.45,-1,6
0,0,1,0.416433095932,0.45,1,6
1,1,1,0.587423801422,0.45,-1,6
2,2,1,0.358891010284,0.45,1,6
1,1,1,0.393353223801,0.45,1,6
3,3,1,0.402323007584,0.45,1,6
2,2,1,0.416616916656,0.45,1,6
0,0,1,0.472593069077,0.45,-1,6
2,2,1,0.451608896255,0.45,-1,6
0,1,0,0.584181070328,0.45,-2,6
3,3,1,0.498739004135,0.45,-1,6
1,1,1,0.476885080338,0.45,-1,6
3,3,1,0.411472082138,0.45,1,6
0,0,1,0.411336183548,0.45,1,6
1,1,1,0.470268964767,0.45,-1,6
0,0,1,0.515568971634,0.45,-1,6
2,2,1,0.455321073532,0.45,-1,6
1,0,0,0.440439939499,0.45,-2,6
2,2,1,0.478291988373,0.45,-1,6
3,3,1,0.362004041672,0.45,1,6
2,2,1,0.45126080513,0.45,-1,6
3,3,1,0.415037155151,0.45,1,6
0,0,1,0.539901018143,0.45,-1,6
1,1,1,0.533265829086,0.45,-1,6
0,0,1,0.535799980164,0.45,-1,6
3,3,1,0.506963014603,0.45,-1,6
1,1,1,0.447438955307,0.45,1,6
3,3,1,0.305203914642,0.45,1,6
2,2,1,0.47736787796,0.45,-1,6
1,1,1,0.395664930344,0.45,1,6
2,2,1,0.402886152267,0.45,1,6
0,0,1,0.456501960754,0.45,-1,6
2,2,1,0.644255161285,0.45,-1,6
0,0,1,0.47763299942,0.45,-1,6
1,1,1,0.511967182159,0.45,-1,6
3,3,1,0.469043016434,0.45,-1,6
1,1,1,0.478855848312,0.45,-1,6
0,0,1,0.409284830093,0.45,1,6
3,2,0,0.374057769775,0.45,-2,6
0,0,1,0.59456205368,0.45,-1,6
2,2,1,0.467503070831,0.45,-1,6
3,3,1,0.43914103508,0.45,1,6
2,2,1,0.443050146103,0.45,1,6
1,1,1,0.365420103073,0.45,1,6
2,2,1,0.329442024231,0.45,1,6
0,0,1,0.375325918198,0.45,1,6
1,1,1,0.472721099854,0.45,-1,6
3,3,1,0.532952070236,0.45,-1,6
1,1,1,0.414088010788,0.45,1,6
0,0,1,0.410836935043,0.45,1,6
3,2,0,0.351401090622,0.45,-2,6
2,1,0,0.433357954025,0.45,-2,6
3,3,1,0.588815927505,0.45,-1,6
0,0,1,0.463450908661,0.45,-1,6
2,2,1,0.483425140381,0.45,-1,6
1,1,1,0.447194099426,0.45,1,6
2,2,1,0.370906829834,0.45,1,6
1,1,1,0.460863113403,0.45,-1,6
3,3,1,0.334416151047,0.45,1,6
0,0,1,0.420544862747,0.45,1,6
3,2,0,0.375744819641,0.45,-2,6
1,1,1,0.530162096024,0.45,-1,6
0,2,0,0.227795124054,0.45,-2,6
1,-1,0,0.7,0.45,-2,6
2,1,0,0.0578818321228,0.45,-2,6
3,2,0,0.348440885544,0.45,-2,6
2,-1,0,0.7,0.45,-2,6
0,0,1,0.44401717186,0.45,1,6
2,2,1,0.521774053574,0.45,-1,6
3,3,1,0.387663841248,0.45,1,6
0,0,1,0.429707050323,0.45,1,6
1,1,1,0.554775953293,0.45,-1,6
0,0,1,0.654056072235,0.45,-1,6
3,3,1,0.400367975235,0.45,1,6
1,0,0,0.430124044418,0.45,-2,6
3,3,1,0.623245000839,0.45,-1,6
2,2,1,0.403940916061,0.45,1,6
1,1,1,0.446798801422,0.45,1,6
2,2,1,0.521370887756,0.45,-1,6
0,0,1,0.483851194382,0.45,-1,6
2,2,1,0.574645996094,0.45,-1,6
0,0,1,0.400469779968,0.45,1,6
1,1,1,0.502683877945,0.45,-1,6
3,2,0,0.367395162582,0.45,-2,6
0,0,1,0.670065164566,0.45,-1,6
3,3,1,0.543704986572,0.45,-1,6
1,1,1,0.516899824142,0.45,-1,6
2,2,1,0.454780101776,0.45,-1,6
3,-1,0,0.7,0.45,-2,6
2,-1,0,0.7,0.45,-2,6
1,-1,0,0.7,0.45,-2,6
0,-1,0,0.7,0.45,-2,6
2,2,1,0.453111886978,0.45,-1,6
1,1,1,0.368083000183,0.45,1,6
3,3,1,0.404597997665,0.45,1,6
0,0,1,0.336450099945,0.45,1,6
1,1,1,0.381633043289,0.45,1,6
0,0,1,0.640684127808,0.45,-1,6
3,3,1,0.385599851608,0.45,1,6
2,2,1,0.339509010315,0.45,1,6
0,0,1,0.307285070419,0.45,1,6
2,2,1,0.356428861618,0.45,1,6
3,3,1,0.408694982529,0.45,1,6
1,1,1,0.31441783905,0.45,1,6
2,2,1,0.406257152557,0.45,1,6
0,0,1,0.393680810928,0.45,1,6
1,2,0,0.381612062454,0.45,-2,6
3,3,1,0.432956933975,0.45,1,6
1,0,0,0.41095495224,0.45,-2,6
0,0,1,0.596515893936,0.45,-1,6
3,2,0,0.474917173386,0.45,-2,6
2,2,1,0.467146873474,0.45,-1,6
3,3,1,0.39936208725,0.45,1,6
0,0,1,0.421310901642,0.45,1,6
2,2,1,0.415099859238,0.45,1,6
1,1,1,0.384856939316,0.45,1,6
2,2,1,0.380475997925,0.45,1,6
3,3,1,0.43049788475,0.45,1,6
0,0,1,0.459486961365,0.45,-1,6
1,-1,0,0.7,0.45,-2,6
0,0,1,0.592522144318,0.45,-1,6
3,3,1,0.526048183441,0.45,-1,6
1,1,1,0.513752937317,0.45,-1,6
3,3,1,0.43736410141,0.45,1,6
2,2,1,0.380507946014,0.45,1,6
0,0,1,0.453289031982,0.45,-1,6
2,2,1,0.493935108185,0.45,-1,6
1,1,1,0.481728076935,0.45,-1,6
2,2,1,0.433766126633,0.45,1,6
3,2,0,0.577708959579,0.45,-2,7
0,3,0,0.0436158180237,0.45,-2,7
1,1,1,0.486246109009,0.45,-1,7
2,2,1,0.395913124084,0.45,1,7
0,0,1,0.448086977005,0.45,1,7
2,2,1,0.425024032593,0.45,1,7
1,1,1,0.412971019745,0.45,1,7
0,0,1,0.447139978409,0.45,1,7
3,3,1,0.417849063873,0.45,1,7
1,1,1,0.4155189991,0.45,1,7
3,2,0,0.362407922745,0.45,-2,7
2,2,1,0.446209192276,0.45,1,7
3,3,1,0.488398075104,0.45,-1,7
0,0,1,0.539381027222,0.45,-1,7
2,2,1,0.467643976212,0.45,-1,7
1,1,1,0.472312927246,0.45,-1,7
0,0,1,0.54843211174,0.45,-1,7
1,1,1,0.505325078964,0.45,-1,7
2,2,1,0.580096960068,0.45,-1,7
3,3,1,0.383037090302,0.45,1,7
2,2,1,0.327120065689,0.45,1,7
0,0,1,0.317739009857,0.45,1,7
3,3,1,0.370694875717,0.45,1,7
1,1,1,0.349440097809,0.45,1,7
3,3,1,0.342257976532,0.45,1,7
1,1,1,0.364252090454,0.45,1,7
0,0,1,0.533684015274,0.45,-1,7
2,2,1,0.463521957397,0.45,-1,7
1,1,1,0.548770904541,0.45,-1,7
2,2,1,0.518828868866,0.45,-1,7
0,0,1,0.577821969986,0.45,-1,7
3,3,1,0.583059072495,0.45,-1,7
2,2,1,0.560402154922,0.45,-1,7
3,3,1,0.52584695816,0.45,-1,7
0,0,1,0.430456161499,0.45,1,7
1,1,1,0.498511791229,0.45,-1,7
3,3,1,0.436574935913,0.45,1,7
1,1,1,0.385768175125,0.45,1,7
2,2,1,0.379161119461,0.45,1,7
0,0,1,0.422638893127,0.45,1,7
1,1,1,0.458916902542,0.45,-1,7
0,0,1,0.516600131989,0.45,-1,7
2,2,1,0.49905705452,0.45,-1,7
3,3,1,0.451331138611,0.45,-1,7
0,0,1,0.615822076797,0.45,-1,7
3,3,1,0.444463968277,0.45,1,7
2,2,1,0.437685012817,0.45,1,7
1,1,1,0.410666942596,0.45,1,7
3,3,1,0.414038181305,0.45,1,7
2,2,1,0.392966032028,0.45,1,7
0,0,1,0.451709985733,0.45,-1,7
1,1,1,0.399021863937,0.45,1,7
2,2,1,0.456827878952,0.45,-1,7
1,1,1,0.57402586937,0.45,-1,7
0,-1,0,0.7,0.45,-2,7
2,-1,0,0.7,0.45,-2,7
3,2,0,0.0215559005737,0.45,-2,7
1,2,0,0.322122097015,0.45,-2,7
3,3,1,0.468167066574,0.45,-1,7
0,0,1,0.416453838348,0.45,1,7
3,3,1,0.580348968506,0.45,-1,7
0,0,1,0.557053089142,0.45,-1,7
2,2,1,0.459258079529,0.45,-1,7
1,1,1,0.405149936676,0.45,1,7
0,0,1,0.410250902176,0.45,1,7
1,1,1,0.604777097702,0.45,-1,7
2,2,1,0.368618965149,0.45,1,7
3,3,1,0.345407009125,0.45,1,7
1,1,1,0.612781047821,0.45,-1,7
3,3,1,0.554843902588,0.45,-1,7
2,2,1,0.486734867096,0.45,-1,7
0,0,1,0.509735822678,0.45,-1,7
3,3,1,0.475311040878,0.45,-1,7
2,2,1,0.405030012131,0.45,1,7
1,1,1,0.384494066238,0.45,1,7
0,0,1,0.382563114166,0.45,1,7
2,2,1,0.446357965469,0.45,1,7
0,0,1,0.492678165436,0.45,-1,7
1,1,1,0.598455190659,0.45,-1,7
3,2,0,0.639508008957,0.45,-2,7
0,3,0,0.180413961411,0.45,-2,7
3,3,1,0.457081079483,0.45,-1,7
1,1,1,0.426734209061,0.45,1,7
2,2,1,0.444411993027,0.45,1,7
3,3,1,0.595530033112,0.45,-1,7
0,0,1,0.414064884186,0.45,1,7
2,1,0,0.551711082458,0.45,-2,7
1,1,1,0.468681097031,0.45,-1,7
0,0,1,0.665004014969,0.45,-1,7
1,2,0,0.585476875305,0.45,-2,7
2,-1,0,0.7,0.45,-2,7
0,0,1,0.650650024414,0.45,-1,7
3,3,1,0.363698005676,0.45,1,7
1,1,1,0.398343086243,0.45,1,7
3,3,1,0.52196097374,0.45,-1,7
2,2,1,0.438776016235,0.45,1,7
3,3,1,0.464147806168,0.45,-1,7
2,2,1,0.446325063705,0.45,1,7
1,0,0,0.409475803375,0.45,-2,7
0,0,1,0.468719005585,0.45,-1,7
1,1,1,0.382122039795,0.45,1,7
2,2,1,0.387007951736,0.45,1,7
0,0,1,0.501224994659,0.45,-1,7
3,3,1,0.383430957794,0.45,1,7
0,3,0,0.529648065567,0.45,-2,7
2,2,1,0.57433795929,0.45,-1,7
3,3,1,0.457710981369,0.45,-1,7
1,1,1,0.493643045425,0.45,-1,7
3,3,1,0.423181056976,0.45,1,7
1,1,1,0.499490976334,0.45,-1,7
0,0,1,0.42321395874,0.45,1,7
2,2,1,0.412494897842,0.45,1,7
1,1,1,0.460281133652,0.45,-1,7
2,1,0,0.481992006302,0.45,-2,7
0,0,1,0.645566225052,0.45,-1,7
3,3,1,0.485193967819,0.45,-1,7
2,2,1,0.481420040131,0.45,-1,7
3,3,1,0.446015834808,0.45,1,7
0,0,1,0.471330881119,0.45,-1,7
1,1,1,0.467144012451,0.45,-1,7
3,3,1,0.469756126404,0.45,-1,7
2,2,1,0.362185001373,0.45,1,7
0,0,1,0.483955144882,0.45,-1,7
1,1,1,0.569609165192,0.45,-1,7
0,2,0,0.55007481575,0.45,-2,7
2,2,1,0.608952045441,0.45,-1,7
1,1,1,0.475587844849,0.45,-1,7
2,2,1,0.543710947037,0.45,-1,7
3,3,1,0.603091001511,0.45,-1,7
1,1,1,0.628431081772,0.45,-1,7
3,2,0,0.495448827744,0.45,-2,7
0,-1,0,0.7,0.45,-2,7
3,0,0,0.0457489490509,0.45,-2,7
0,0,1,0.363921165466,0.45,1,7
2,2,1,0.364896059036,0.45,1,7
1,1,1,0.442318916321,0.45,1,7
2,2,1,0.435033082962,0.45,1,7
0,0,1,0.486968994141,0.45,-1,7
1,1,1,0.546192884445,0.45,-1,7
0,0,1,0.556152105331,0.45,-1,7
3,3,1,0.474416017532,0.45,-1,7
1,1,1,0.522979974747,0.45,-1,7
3,3,1,0.493534803391,0.45,-1,7
2,2,1,0.569836854935,0.45,-1,7
3,3,1,0.543967962265,0.45,-1,7
2,3,0,0.530905008316,0.45,-2,7
1,1,1,0.580744028091,0.45,-1,7
0,0,1,0.39098405838,0.45,1,7
2,2,1,0.490190982819,0.45,-1,7
0,0,1,0.508404970169,0.45,-1,7
1,1,1,0.474436044693,0.45,-1,7
2,2,1,0.476177930832,0.45,-1,7
3,3,1,0.334155082703,0.45,1,7
0,2,0,0.368991851807,0.45,-2,7
3,3,1,0.556643009186,0.45,-1,7
1,1,1,0.496312856674,0.45,-1,7
3,3,1,0.533544063568,0.45,-1,7
0,0,1,0.623425006866,0.45,-1,7
2,2,1,0.405436992645,0.45,1,7
1,1,1,0.478007078171,0.45,-1,7
2,2,1,0.410800933838,0.45,1,7
0,0,1,0.53248500824,0.45,-1,7
1,1,1,0.480168104172,0.45,-1,7
3,3,1,0.449700832367,0.45,1,7
2,2,1,0.367439985275,0.45,1,7
3,2,0,0.427222013474,0.45,-2,7
1,2,0,0.34926700592,0.45,-2,7
0,0,1,0.447665929794,0.45,1,7
3,3,1,0.429376840591,0.45,1,7
2,2,1,0.333192825317,0.45,1,7
0,1,0,0.34568810463,0.45,-2,7
1,-1,0,0.7,0.45,-2,7
2,1,0,0.0579650402069,0.45,-2,7
1,1,1,0.442936897278,0.45,1,7
0,0,1,0.606356143951,0.45,-1,7
2,2,1,0.449277162552,0.45,1,7
3,3,1,0.3249771595,0.45,1,7
0,0,1,0.417425870895,0.45,1,7
3,3,1,0.573239088058,0.45,-1,7
1,1,1,0.504070043564,0.45,-1,7
3,-1,0,0.7,0.45,-2,7
1,2,0,0.127188920975,0.45,-2,7
2,2,1,0.481355905533,0.45,-1,7
0,0,1,0.508671998978,0.45,-1,7
2,2,1,0.430958986282,0.45,1,7
1,1,1,0.413135051727,0.45,1,7
0,2,0,0.527550935745,0.45,-2,7
1,1,1,0.61102104187,0.45,-1,7
3,3,1,0.596503019333,0.45,-1,7
0,0,1,0.48797416687,0.45,-1,7
3,3,1,0.513180017471,0.45,-1,7
2,2,1,0.412646055222,0.45,1,7
3,3,1,0.411102056503,0.45,1,7
0,0,1,0.414129018784,0.45,1,7
1,1,1,0.337920188904,0.45,1,7
2,2,1,0.42755818367,0.45,1,7
1,0,0,0.400195121765,0.45,-2,7
0,0,1,0.576195955276,0.45,-1,7
2,2,1,0.500072956085,0.45,-1,7
0,0,1,0.584040164948,0.45,-1,7
3,3,1,0.498702049255,0.45,-1,7
2,2,1,0.447890996933,0.45,1,7
3,2,0,0.578226089478,0.45,-2,7
1,-1,0,0.7,0.45,-2,7
3,2,0,0.0420579910278,0.45,-2,7
1,1,1,0.558807134628,0.45,-1,7
0,0,1,0.569734096527,0.45,-1,7
2,2,1,0.409273147583,0.45,1,7
1,2,0,0.644411087036,0.45,-2,7
2,-1,0,0.7,0.45,-2,7
0,2,0,0.0686700344086,0.45,-2,7
3,3,1,0.481891870499,0.45,-1,7
0,0,1,0.39616894722,0.45,1,7
1,1,1,0.400059938431,0.45,1,7
3,2,0,0.338088035583,0.45,-2,7
2,1,0,0.34808588028,0.45,-2,7
3,3,1,0.407196998596,0.45,1,7
