probe,press,accuracy,rt,threshold,score,run_num
3,3,1,0.370652914047,0.45,1,0
2,2,1,0.396507024765,0.45,1,0
1,1,1,0.352852106094,0.45,1,0
0,0,1,0.323037147522,0.45,1,0
2,2,1,0.312422037125,0.45,1,0
0,0,1,0.355161905289,0.45,1,0
1,0,0,0.347493886948,0.45,-2,0
2,2,1,0.317790985107,0.45,1,0
3,3,1,0.345705986023,0.45,1,0
0,0,1,0.359270095825,0.45,1,0
3,3,1,0.392095088959,0.45,1,0
1,1,1,0.366503953934,0.45,1,0
3,3,1,0.345414876938,0.45,1,0
1,1,1,0.322092056274,0.45,1,0
2,1,0,0.332534790039,0.45,-2,0
0,0,1,0.396015882492,0.45,1,0
2,2,1,0.334445953369,0.45,1,0
1,1,1,0.449811935425,0.45,1,0
0,0,1,0.369834899902,0.45,1,0
3,3,1,0.336260795593,0.45,1,0
0,0,1,0.364166975021,0.45,1,0
1,1,1,0.395742177963,0.45,1,0
3,3,1,0.3924741745,0.45,1,0
2,2,1,0.364511966705,0.45,1,0
3,3,1,0.326313018799,0.45,1,0
2,2,1,0.31338095665,0.45,1,0
0,0,1,0.358947038651,0.45,1,0
1,1,1,0.377749919891,0.45,1,0
0,0,1,0.438377857208,0.45,1,0
2,2,1,0.42591881752,0.45,1,0
1,1,1,0.425741910934,0.45,1,0
2,2,1,0.333312034607,0.45,1,0
3,3,1,0.360079050064,0.45,1,0
1,0,0,0.371821880341,0.45,-2,0
3,3,1,0.471246004105,0.45,-1,0
0,0,1,0.457541942596,0.45,-1,0
3,3,1,0.390855073929,0.45,1,0
1,1,1,0.408883094788,0.45,1,0
0,0,1,0.348520040512,0.45,1,0
2,1,0,0.392818927765,0.45,-2,0
1,1,1,0.437597990036,0.45,1,0
2,3,0,0.327589988708,0.45,-2,0
0,0,1,0.328768968582,0.45,1,0
3,3,1,0.302734136581,0.45,1,0
2,2,1,0.330524921417,0.45,1,0
3,3,1,0.332719087601,0.45,1,0
0,0,1,0.350826025009,0.45,1,0
1,0,0,0.388154983521,0.45,-2,0
3,3,1,0.42266702652,0.45,1,0
0,0,1,0.400980949402,0.45,1,0
2,2,1,0.379757881165,0.45,1,0
1,1,1,0.416651010513,0.45,1,0
0,0,1,0.332713842392,0.45,1,0
1,1,1,0.38870382309,0.45,1,0
2,2,1,0.323251962662,0.45,1,0
3,3,1,0.291481971741,0.45,1,0
2,1,0,0.287328004837,0.45,-2,0
0,0,1,0.340776920319,0.45,1,0
3,3,1,0.373118162155,0.45,1,0
1,0,0,0.393039226532,0.45,-2,0
3,3,1,0.438043117523,0.45,1,0
0,0,1,0.409770011902,0.45,1,0
2,2,1,0.353229045868,0.45,1,0
1,1,1,0.397809028625,0.45,1,0
2,2,1,0.361090898514,0.45,1,0
0,0,1,0.372195959091,0.45,1,0
1,1,1,0.448379039764,0.45,1,0
3,3,1,0.405642986298,0.45,1,0
2,2,1,0.317294836044,0.45,1,0
3,3,1,0.370449066162,0.45,1,0
1,1,1,0.421958208084,0.45,1,0
0,0,1,0.35037779808,0.45,1,0
3,3,1,0.36274600029,0.45,1,0
2,2,1,0.405555009842,0.45,1,0
1,1,1,0.355813980103,0.45,1,0
0,0,1,0.303263902664,0.45,1,0
2,2,1,0.416826963425,0.45,1,0
0,0,1,0.397774219513,0.45,1,0
1,1,1,0.513467073441,0.45,-1,0
2,2,1,0.420102119446,0.45,1,0
3,3,1,0.343276977539,0.45,1,0
0,0,1,0.320439100266,0.45,1,0
3,3,1,0.38893198967,0.45,1,0
1,1,1,0.4165558815,0.45,1,0
3,3,1,0.354485034943,0.45,1,0
0,0,1,0.365360975266,0.45,1,0
1,1,1,0.410205125809,0.45,1,0
2,2,1,0.316711187363,0.45,1,0
0,0,1,0.40096616745,0.45,1,0
2,2,1,0.449700832367,0.45,1,0
1,1,1,0.391978979111,0.45,1,0
0,0,1,0.337996959686,0.45,1,0
3,3,1,0.343184947968,0.45,1,0
1,1,1,0.442223072052,0.45,1,0
3,3,1,0.357717037201,0.45,1,0
2,2,1,0.398459911346,0.45,1,0
3,3,1,0.425389051437,0.45,1,0
1,1,1,0.398852109909,0.45,1,0
0,0,1,0.359128952026,0.45,1,0
2,2,1,0.32398891449,0.45,1,0
1,1,1,0.3589220047,0.45,1,0
2,2,1,0.315589904785,0.45,1,0
0,0,1,0.382099866867,0.45,1,0
1,1,1,0.400032997131,0.45,1,0
3,3,1,0.388274908066,0.45,1,0
2,2,1,0.383913993835,0.45,1,0
3,3,1,0.411669969559,0.45,1,0
0,0,1,0.366873025894,0.45,1,0
3,3,1,0.353554964066,0.45,1,0
0,0,1,0.317273139954,0.45,1,0
2,2,1,0.398655891418,0.45,1,0
1,1,1,0.354043006897,0.45,1,0
0,0,1,0.326337099075,0.45,1,0
1,0,0,0.507195949554,0.45,-2,0
2,2,1,0.462766885757,0.45,-1,0
0,0,1,0.410187005997,0.45,1,0
3,3,1,0.402547121048,0.45,1,0
2,2,1,0.384109020233,0.45,1,0
3,3,1,0.354854106903,0.45,1,0
1,1,1,0.406710147858,0.45,1,0
3,3,1,0.367611169815,0.45,1,0
0,0,1,0.402516841888,0.45,1,0
2,2,1,0.327986001968,0.45,1,0
1,1,1,0.616854906082,0.45,-1,0
2,2,1,0.45147895813,0.45,-1,0
0,0,1,0.399232149124,0.45,1,0
1,1,1,0.460144042969,0.45,-1,0
0,0,1,0.406548023224,0.45,1,0
3,3,1,0.449414014816,0.45,1,0
2,2,1,0.373445034027,0.45,1,0
3,3,1,0.361611127853,0.45,1,0
1,1,1,0.363770008087,0.45,1,0
3,3,1,0.397534132004,0.45,1,0
1,1,1,0.403728961945,0.45,1,0
2,3,0,0.310855865479,0.45,-2,0
0,0,1,0.329231023788,0.45,1,0
2,2,1,0.348330020905,0.45,1,0
1,1,1,0.385282993317,0.45,1,0
0,0,1,0.370989084244,0.45,1,0
1,1,1,0.392413139343,0.45,1,0
3,3,1,0.400501012802,0.45,1,0
0,0,1,0.41973900795,0.45,1,0
3,3,1,0.449479818344,0.45,1,0
2,2,1,0.35648393631,0.45,1,0
3,3,1,0.351861953735,0.45,1,0
0,0,1,0.392039060593,0.45,1,0
2,2,1,0.348680973053,0.45,1,0
1,1,1,0.415239095688,0.45,1,0
2,2,1,0.381442070007,0.45,1,0
0,0,1,0.405611991882,0.45,1,0
1,1,1,0.392149209976,0.45,1,0
3,3,1,0.405805110931,0.45,1,0
1,1,1,0.382766962051,0.45,1,0
0,0,1,0.325017213821,0.45,1,0
3,3,1,0.397099971771,0.45,1,0
2,2,1,0.401212930679,0.45,1,0
3,3,1,0.382883787155,0.45,1,0
2,2,1,0.371236085892,0.45,1,0
0,0,1,0.40531206131,0.45,1,0
1,0,0,0.416127920151,0.45,-2,0
0,0,1,0.345163106918,0.45,1,0
2,2,1,0.341641902924,0.45,1,0
1,1,1,0.49695110321,0.45,-1,0
2,2,1,0.434579133987,0.45,1,0
3,3,1,0.393718957901,0.45,1,0
0,0,1,0.37163901329,0.45,1,0
3,3,1,0.407602071762,0.45,1,0
1,1,1,0.385236024857,0.45,1,0
3,3,1,0.341922044754,0.45,1,0
1,0,0,0.374206066132,0.45,-2,0
2,2,1,0.417788982391,0.45,1,0
0,0,1,0.412446975708,0.45,1,0
1,1,1,0.387163877487,0.45,1,0
0,0,1,0.397784948349,0.45,1,0
2,2,1,0.366621017456,0.45,1,0
1,1,1,0.433531045914,0.45,1,0
3,3,1,0.392407178879,0.45,1,0
0,0,1,0.352626085281,0.45,1,0
3,3,1,0.387758016586,0.45,1,0
2,2,1,0.401967048645,0.45,1,0
3,3,1,0.437567949295,0.45,1,0
0,0,1,0.409163951874,0.45,1,0
1,1,1,0.378130912781,0.45,1,0
2,2,1,0.334128856659,0.45,1,0
0,0,1,0.442432880402,0.45,1,0
2,2,1,0.387836933136,0.45,1,0
1,1,1,0.430303096771,0.45,1,0
0,0,1,0.346899032593,0.45,1,0
3,3,1,0.327464818954,0.45,1,0
1,1,1,0.394272089005,0.45,1,0
3,3,1,0.390062093735,0.45,1,0
2,2,1,0.510156154633,0.45,-1,0
3,3,1,0.482372999191,0.45,-1,0
2,2,1,0.413292884827,0.45,1,0
1,1,1,0.418615818024,0.45,1,0
0,0,1,0.329884052277,0.45,1,0
1,1,1,0.399228096008,0.45,1,0
2,2,1,0.412875890732,0.45,1,0
0,0,1,0.412456989288,0.45,1,0
2,2,1,0.346286773682,0.45,1,0
3,3,1,0.355973958969,0.45,1,0
1,1,1,0.479063987732,0.45,-1,0
3,3,1,0.482535123825,0.45,-1,0
0,0,1,0.413900136948,0.45,1,0
3,3,1,0.418040037155,0.45,1,0
0,0,1,0.399500131607,0.45,1,0
1,1,1,0.399415969849,0.45,1,0
2,2,1,0.394721031189,0.45,1,0
1,1,1,0.430464029312,0.45,1,0
0,0,1,0.408359766006,0.45,1,0
2,2,1,0.382145166397,0.45,1,0
3,3,1,0.369860887527,0.45,1,0
2,2,1,0.3553647995,0.45,1,0
0,0,1,0.360559940338,0.45,1,0
3,3,1,0.459659099579,0.45,-1,0
1,1,1,0.438346147537,0.45,1,0
3,3,1,0.474762916565,0.45,-1,0
3,3,1,0.510204792023,0.45,-1,1
2,2,1,0.352963924408,0.45,1,1
1,1,1,0.291625022888,0.45,1,1
0,0,1,0.286211013794,0.45,1,1
1,1,1,0.383337974548,0.45,1,1
2,2,1,0.290347099304,0.45,1,1
0,0,1,0.4311170578,0.45,1,1
3,3,1,0.459464073181,0.45,-1,1
0,0,1,0.467958927155,0.45,-1,1
2,2,1,0.466158151627,0.45,-1,1
3,3,1,0.388077974319,0.45,1,1
1,1,1,0.326225996017,0.45,1,1
3,3,1,0.428554058075,0.45,1,1
2,2,1,0.430210113525,0.45,1,1
1,1,1,0.346384763718,0.45,1,1
0,0,1,0.315644979477,0.45,1,1
1,1,1,0.357616901398,0.45,1,1
2,2,1,0.314377069473,0.45,1,1
0,0,1,0.461219072342,0.45,-1,1
3,3,1,0.448865890503,0.45,1,1
1,1,1,0.483990907669,0.45,-1,1
3,3,1,0.448332071304,0.45,1,1
0,0,1,0.389360904694,0.45,1,1
2,2,1,0.375761032104,0.45,1,1
3,3,1,0.393275976181,0.45,1,1
1,1,1,0.374876976013,0.45,1,1
0,0,1,0.352271080017,0.45,1,1
2,2,1,0.338591098785,0.45,1,1
1,1,1,0.389701128006,0.45,1,1
2,2,1,0.408230066299,0.45,1,1
0,0,1,0.3967897892,0.45,1,1
3,3,1,0.376233100891,0.45,1,1
2,2,1,0.324419021606,0.45,1,1
3,3,1,0.393175840378,0.45,1,1
0,0,1,0.335896015167,0.45,1,1
1,1,1,0.475583791733,0.45,-1,1
3,-1,0,0.7,0.45,-2,1
1,3,0,0.161623954773,0.45,-2,1
2,1,0,0.366597890854,0.45,-2,1
0,0,1,0.355262994766,0.45,1,1
2,2,1,0.398702859879,0.45,1,1
1,1,1,0.48977804184,0.45,-1,1
0,0,1,0.419698953629,0.45,1,1
3,3,1,0.480454921722,0.45,-1,1
2,2,1,0.437704086304,0.45,1,1
3,3,1,0.46454501152,0.45,-1,1
0,0,1,0.511792898178,0.45,-1,1
1,1,1,0.422805070877,0.45,1,1
3,3,1,0.495324850082,0.45,-1,1
2,2,1,0.436836004257,0.45,1,1
1,1,1,0.422133922577,0.45,1,1
0,0,1,0.346679925919,0.45,1,1
2,2,1,0.350748062134,0.45,1,1
0,0,1,0.39097905159,0.45,1,1
1,1,1,0.36300778389,0.45,1,1
2,2,1,0.35027718544,0.45,1,1
3,3,1,0.353142023087,0.45,1,1
1,1,1,0.492060184479,0.45,-1,1
3,3,1,0.479876995087,0.45,-1,1
0,0,1,0.425937891006,0.45,1,1
3,3,1,0.488581895828,0.45,-1,1
0,0,1,0.395304918289,0.45,1,1
2,2,1,0.390274047852,0.45,1,1
1,1,1,0.426566123962,0.45,1,1
0,0,1,0.364743947983,0.45,1,1
1,1,1,0.453325033188,0.45,-1,1
2,2,1,0.355366945267,0.45,1,1
0,0,1,0.413826942444,0.45,1,1
3,3,1,0.440836906433,0.45,1,1
1,1,1,0.467634916306,0.45,-1,1
3,3,1,0.400663852692,0.45,1,1
2,2,1,0.441303014755,0.45,1,1
3,3,1,0.428541183472,0.45,1,1
2,2,1,0.401046991348,0.45,1,1
0,0,1,0.412370204926,0.45,1,1
1,1,1,0.464437007904,0.45,-1,1
2,2,1,0.352728843689,0.45,1,1
1,1,1,0.46128988266,0.45,-1,1
0,0,1,0.35538482666,0.45,1,1
2,2,1,0.462802171707,0.45,-1,1
3,3,1,0.400493144989,0.45,1,1
0,0,1,0.483488082886,0.45,-1,1
3,3,1,0.468004226685,0.45,-1,1
1,1,1,0.41966509819,0.45,1,1
3,3,1,0.410593986511,0.45,1,1
0,0,1,0.383794784546,0.45,1,1
1,1,1,0.39760518074,0.45,1,1
2,2,1,0.351999044418,0.45,1,1
0,0,1,0.442290067673,0.45,1,1
2,2,1,0.516100883484,0.45,-1,1
1,1,1,0.346901893616,0.45,1,1
0,0,1,0.299599170685,0.45,1,1
3,3,1,0.262393951416,0.45,1,1
2,2,1,0.396787166595,0.45,1,1
3,3,1,0.414338827133,0.45,1,1
1,1,1,0.379250049591,0.45,1,1
3,3,1,0.340876817703,0.45,1,1
1,1,1,0.376947879791,0.45,1,1
2,2,1,0.43674492836,0.45,1,1
0,0,1,0.405097961426,0.45,1,1
1,1,1,0.450212955475,0.45,-1,1
0,0,1,0.45118689537,0.45,-1,1
2,2,1,0.392241001129,0.45,1,1
3,3,1,0.313858032227,0.45,1,1
2,1,0,0.39843416214,0.45,-2,1
1,0,0,0.395523071289,0.45,-2,1
3,3,1,0.485835075378,0.45,-1,1
0,0,1,0.495702028275,0.45,-1,1
3,3,1,0.483300209045,0.45,-1,1
1,1,1,0.502187013626,0.45,-1,1
2,2,1,0.400108098984,0.45,1,1
0,0,1,0.412445068359,0.45,1,1
1,1,1,0.385457992554,0.45,1,1
0,0,1,0.37307882309,0.45,1,1
2,2,1,0.35098195076,0.45,1,1
3,3,1,0.395473003387,0.45,1,1
2,2,1,0.358984947205,0.45,1,1
1,1,1,0.426434993744,0.45,1,1
3,3,1,0.42206287384,0.45,1,1
0,0,1,0.409286975861,0.45,1,1
3,2,0,0.363206148148,0.45,-2,1
1,0,0,0.439534902573,0.45,-2,1
2,2,1,0.529303073883,0.45,-1,1
0,0,1,0.466892957687,0.45,-1,1
2,2,1,0.448971033096,0.45,1,1
1,1,1,0.475196123123,0.45,-1,1
0,0,1,0.391416788101,0.45,1,1
3,3,1,0.409725904465,0.45,1,1
2,2,1,0.349255084991,0.45,1,1
3,3,1,0.423485994339,0.45,1,1
0,0,1,0.428698062897,0.45,1,1
1,1,1,0.445112943649,0.45,1,1
3,3,1,0.450033187866,0.45,-1,1
0,0,1,0.463276863098,0.45,-1,1
2,2,1,0.407917976379,0.45,1,1
1,1,1,0.385830879211,0.45,1,1
0,0,1,0.333259820938,0.45,1,1
1,1,1,0.410434007645,0.45,1,1
2,2,1,0.340615034103,0.45,1,1
3,3,1,0.30511713028,0.45,1,1
1,1,1,0.404397964478,0.45,1,1
3,3,1,0.503201007843,0.45,-1,1
2,2,1,0.433420181274,0.45,1,1
0,0,1,0.366901874542,0.45,1,1
3,3,1,0.43342590332,0.45,1,1
2,2,1,0.322055101395,0.45,1,1
0,0,1,0.367063045502,0.45,1,1
1,1,1,0.433660030365,0.45,1,1
2,2,1,0.318197965622,0.45,1,1
1,1,1,0.486835956573,0.45,-1,1
0,0,1,0.41875910759,0.45,1,1
3,3,1,0.520278930664,0.45,-1,1
0,0,1,0.36436009407,0.45,1,1
2,2,1,0.355922937393,0.45,1,1
3,3,1,0.423049926758,0.45,1,1
1,0,0,0.427095890045,0.45,-2,1
3,3,1,0.442101955414,0.45,1,1
2,1,0,0.477265119553,0.45,-2,1
1,1,1,0.472233057022,0.45,-1,1
0,0,1,0.415319919586,0.45,1,1
1,0,0,0.420444011688,0.45,-2,1
2,2,1,0.45011806488,0.45,-1,1
0,0,1,0.453032970428,0.45,-1,1
2,2,1,0.448271989822,0.45,1,1
3,3,1,0.44312620163,0.45,1,1
0,0,1,0.398547172546,0.45,1,1
3,3,1,0.37543797493,0.45,1,1
1,1,1,0.389046907425,0.45,1,1
3,3,1,0.350730895996,0.45,1,1
0,0,1,0.37916302681,0.45,1,1
2,2,1,0.316029787064,0.45,1,1
1,1,1,0.409836053848,0.45,1,1
0,0,1,0.381381034851,0.45,1,1
1,1,1,0.37658405304,0.45,1,1
2,2,1,0.297684907913,0.45,1,1
0,0,1,0.43658208847,0.45,1,1
3,3,1,0.392124891281,0.45,1,1
1,1,1,0.346676826477,0.45,1,1
3,3,1,0.369547843933,0.45,1,1
2,2,1,0.44215297699,0.45,1,1
3,3,1,0.414543151855,0.45,1,1
0,0,1,0.408885002136,0.45,1,1
1,1,1,0.395784854889,0.45,1,1
2,2,1,0.352614879608,0.45,1,1
0,0,1,0.420295000076,0.45,1,1
2,2,1,0.464424133301,0.45,-1,1
1,1,1,0.38552904129,0.45,1,1
0,0,1,0.42140007019,0.45,1,1
3,3,1,0.471158027649,0.45,-1,1
1,1,1,0.436830997467,0.45,1,1
3,3,1,0.45573091507,0.45,-1,1
2,2,1,0.393285989761,0.45,1,1
3,3,1,0.419465065002,0.45,1,1
0,0,1,0.423414945602,0.45,1,1
2,2,1,0.38844203949,0.45,1,1
1,1,1,0.31959104538,0.45,1,1
2,2,1,0.425719022751,0.45,1,1
0,0,1,0.324437141418,0.45,1,1
1,1,1,0.417243003845,0.45,1,1
0,0,1,0.466290950775,0.45,-1,1
3,3,1,0.496853113174,0.45,-1,1
1,1,1,0.513652086258,0.45,-1,1
3,3,1,0.451766014099,0.45,-1,1
2,2,1,0.434718847275,0.45,1,1
3,3,1,0.452205181122,0.45,-1,1
1,1,1,0.44823718071,0.45,1,1
0,0,1,0.35564994812,0.45,1,1
2,2,1,0.317452907562,0.45,1,1
1,1,1,0.31961107254,0.45,1,1
2,2,1,0.382092952728,0.45,1,1
0,0,1,0.43328499794,0.45,1,1
1,1,1,0.539927959442,0.45,-1,1
3,3,1,0.503978967667,0.45,-1,1
0,0,1,0.426609992981,0.45,1,1
3,3,1,0.48415184021,0.45,-1,1
2,2,1,0.422101020813,0.45,1,1
3,3,1,0.466693162918,0.45,-1,1
3,3,1,0.496592998505,0.45,-1,2
1,1,1,0.532093048096,0.45,-1,2
0,0,1,0.36670589447,0.45,1,2
2,2,1,0.296787023544,0.45,1,2
0,0,1,0.399469852448,0.45,1,2
1,1,1,0.313124895096,0.45,1,2
2,2,1,0.277931928635,0.45,1,2
1,1,1,0.384821176529,0.45,1,2
3,3,1,0.385120153427,0.45,1,2
2,2,1,0.292171001434,0.45,1,2
3,3,1,0.398275136948,0.45,1,2
0,0,1,0.394450902939,0.45,1,2
3,3,1,0.383358955383,0.45,1,2
2,2,1,0.348309993744,0.45,1,2
0,0,1,0.388835906982,0.45,1,2
1,1,1,0.383607149124,0.45,1,2
0,0,1,0.388756036758,0.45,1,2
2,2,1,0.357815980911,0.45,1,2
1,1,1,0.420794963837,0.45,1,2
3,3,1,0.373306035995,0.45,1,2
1,1,1,0.39164018631,0.45,1,2
2,2,1,0.339146137238,0.45,1,2
3,3,1,0.439508914948,0.45,1,2
0,0,1,0.425852060318,0.45,1,2
3,3,1,0.413370847702,0.45,1,2
2,2,1,0.379935979843,0.45,1,2
1,1,1,0.380055904388,0.45,1,2
0,0,1,0.346262931824,0.45,1,2
2,2,1,0.338660001755,0.45,1,2
0,0,1,0.472859144211,0.45,-1,2
1,1,1,0.377558946609,0.45,1,2
2,2,1,0.350859165192,0.45,1,2
3,3,1,0.351599931717,0.45,1,2
0,0,1,0.337306976318,0.45,1,2
3,3,1,0.360089063644,0.45,1,2
1,1,1,0.410305023193,0.45,1,2
3,3,1,0.405723810196,0.45,1,2
1,1,1,0.362567901611,0.45,1,2
2,2,1,0.364533185959,0.45,1,2
0,0,1,0.374886989594,0.45,1,2
1,1,1,0.37123298645,0.45,1,2
0,0,1,0.397984981537,0.45,1,2
2,2,1,0.393005847931,0.45,1,2
1,1,1,0.420011997223,0.45,1,2
3,3,1,0.46349811554,0.45,-1,2
0,0,1,0.378902196884,0.45,1,2
3,3,1,0.373361825943,0.45,1,2
2,2,1,0.417838096619,0.45,1,2
3,3,1,0.390877008438,0.45,1,2
2,2,1,0.488294124603,0.45,-1,2
0,0,1,0.395346164703,0.45,1,2
1,0,0,0.391558885574,0.45,-2,2
2,2,1,0.355249881744,0.45,1,2
1,1,1,0.450773000717,0.45,-1,2
0,0,1,0.36697602272,0.45,1,2
3,3,1,0.46876502037,0.45,-1,2
0,0,1,0.438064098358,0.45,1,2
2,2,1,0.355283021927,0.45,1,2
3,3,1,0.381627082825,0.45,1,2
1,1,1,0.345603942871,0.45,1,2
3,3,1,0.396173000336,0.45,1,2
2,2,1,0.368561029434,0.45,1,2
1,1,1,0.346543073654,0.45,1,2
0,0,1,0.325475931168,0.45,1,2
1,1,1,0.407347917557,0.45,1,2
2,2,1,0.349458932877,0.45,1,2
0,0,1,0.398874998093,0.45,1,2
3,3,1,0.420171022415,0.45,1,2
0,0,1,0.413278102875,0.45,1,2
2,2,1,0.360129117966,0.45,1,2
3,3,1,0.422424077988,0.45,1,2
1,1,1,0.37460899353,0.45,1,2
3,3,1,0.37038397789,0.45,1,2
1,1,1,0.397558927536,0.45,1,2
2,2,1,0.399860143661,0.45,1,2
0,0,1,0.379922151566,0.45,1,2
2,2,1,0.359556913376,0.45,1,2
1,1,1,0.305959939957,0.45,1,2
0,0,1,0.358937978745,0.45,1,2
3,3,1,0.337558031082,0.45,1,2
2,2,1,0.341513872147,0.45,1,2
3,3,1,0.479001998901,0.45,-1,2
0,0,1,0.443123102188,0.45,1,2
1,1,1,0.359822034836,0.45,1,2
3,3,1,0.401142120361,0.45,1,2
0,0,1,0.405814886093,0.45,1,2
1,1,1,0.430516004562,0.45,1,2
2,2,1,0.369462966919,0.45,1,2
1,1,1,0.471271038055,0.45,-1,2
0,0,1,0.452265977859,0.45,-1,2
2,2,1,0.399428129196,0.45,1,2
0,0,1,0.432266950607,0.45,1,2
3,3,1,0.41425204277,0.45,1,2
1,1,1,0.40665102005,0.45,1,2
3,3,1,0.410880088806,0.45,1,2
2,2,1,0.31875705719,0.45,1,2
3,3,1,0.31148815155,0.45,1,2
2,2,1,0.374392032623,0.45,1,2
0,0,1,0.503646850586,0.45,-1,2
1,1,1,0.39613699913,0.45,1,2
2,2,1,0.340029001236,0.45,1,2
1,1,1,0.426599979401,0.45,1,2
0,0,1,0.405213117599,0.45,1,2
2,2,1,0.325836896896,0.45,1,2
3,3,1,0.338526964188,0.45,1,2
0,0,1,0.396605968475,0.45,1,2
3,3,1,0.379127979279,0.45,1,2
1,1,1,0.370875120163,0.45,1,2
3,3,1,0.317666053772,0.45,1,2
0,0,1,0.388334989548,0.45,1,2
1,1,1,0.375102996826,0.45,1,2
2,2,1,0.321366071701,0.45,1,2
1,1,1,0.444203138351,0.45,1,2
0,0,1,0.314153909683,0.45,1,2
2,2,1,0.381716012955,0.45,1,2
0,1,0,0.400231122971,0.45,-2,2
3,3,1,0.38547205925,0.45,1,2
2,2,1,0.483999013901,0.45,-1,2
3,3,1,0.450037002563,0.45,-1,2
1,1,1,0.475696086884,0.45,-1,2
3,3,1,0.423274040222,0.45,1,2
1,2,0,0.481663942337,0.45,-2,2
0,0,1,0.463265895844,0.45,-1,2
2,2,1,0.442608118057,0.45,1,2
1,1,1,0.340502023697,0.45,1,2
2,2,1,0.376491069794,0.45,1,2
0,0,1,0.403779029846,0.45,1,2
1,1,1,0.421989202499,0.45,1,2
3,3,1,0.418635129929,0.45,1,2
0,0,1,0.428729057312,0.45,1,2
3,3,1,0.428881883621,0.45,1,2
2,2,1,0.377601861954,0.45,1,2
3,3,1,0.4371509552,0.45,1,2
2,2,1,0.400658130646,0.45,1,2
0,0,1,0.405451059341,0.45,1,2
1,1,1,0.336827993393,0.45,1,2
0,0,1,0.401298999786,0.45,1,2
2,2,1,0.357771873474,0.45,1,2
1,1,1,0.400233030319,0.45,1,2
2,2,1,0.382250070572,0.45,1,2
3,3,1,0.383126020432,0.45,1,2
0,0,1,0.378383874893,0.45,1,2
3,3,1,0.512029886246,0.45,-1,2
1,1,1,0.540207862854,0.45,-1,2
3,3,1,0.468741893768,0.45,-1,2
0,0,1,0.375617027283,0.45,1,2
2,2,1,0.451024055481,0.45,-1,2
1,1,1,0.39866900444,0.45,1,2
0,0,1,0.331943035126,0.45,1,2
1,1,1,0.527076005936,0.45,-1,2
2,2,1,0.353425979614,0.45,1,2
0,0,1,0.467978000641,0.45,-1,2
3,3,1,0.40629196167,0.45,1,2
2,2,1,0.336323022842,0.45,1,2
3,3,1,0.430022001266,0.45,1,2
1,0,0,0.431509971619,0.45,-2,2
3,3,1,0.434311151505,0.45,1,2
1,1,1,0.398227930069,0.45,1,2
0,0,1,0.346613883972,0.45,1,2
2,2,1,0.367896080017,0.45,1,2
0,0,1,0.360706090927,0.45,1,2
1,1,1,0.373618125916,0.45,1,2
2,2,1,0.353044986725,0.45,1,2
3,3,1,0.340723991394,0.45,1,2
2,2,1,0.293059825897,0.45,1,2
1,1,1,0.289319038391,0.45,1,2
3,0,0,0.229736089706,0.45,-2,2
0,0,1,0.328947067261,0.45,1,2
3,3,1,0.55529499054,0.45,-1,2
2,2,1,0.440773963928,0.45,1,2
0,0,1,0.427616834641,0.45,1,2
1,1,1,0.438872098923,0.45,1,2
0,0,1,0.432667970657,0.45,1,2
2,2,1,0.37859416008,0.45,1,2
1,1,1,0.38100194931,0.45,1,2
2,2,1,0.395390987396,0.45,1,2
3,3,1,0.39578294754,0.45,1,2
1,0,0,0.38271689415,0.45,-2,2
3,3,1,0.427073001862,0.45,1,2
0,0,1,0.465424060822,0.45,-1,2
3,3,1,0.424672842026,0.45,1,2
1,1,1,0.391868114471,0.45,1,2
2,2,1,0.362207174301,0.45,1,2
0,0,1,0.390089035034,0.45,1,2
2,2,1,0.439870834351,0.45,1,2
1,1,1,0.385456085205,0.45,1,2
0,0,1,0.358855009079,0.45,1,2
1,1,1,0.497817993164,0.45,-1,2
3,3,1,0.475678920746,0.45,-1,2
2,2,1,0.374907970428,0.45,1,2
3,3,1,0.43620300293,0.45,1,2
0,0,1,0.453076124191,0.45,-1,2
3,3,1,0.409420013428,0.45,1,2
1,1,1,0.316025018692,0.45,1,2
2,2,1,0.295714855194,0.45,1,2
0,0,1,0.299736022949,0.45,1,2
1,1,1,0.396726131439,0.45,1,2
0,0,1,0.490444898605,0.45,-1,2
2,2,1,0.428681135178,0.45,1,2
3,3,1,0.442033052444,0.45,1,2
0,0,1,0.370856046677,0.45,1,2
3,3,1,0.384477138519,0.45,1,2
2,2,1,0.363574981689,0.45,1,2
1,1,1,0.413448095322,0.45,1,2
3,3,1,0.42541885376,0.45,1,2
1,1,1,0.460544109344,0.45,-1,2
2,2,1,0.358997821808,0.45,1,2
0,0,1,0.420239925385,0.45,1,2
2,2,1,0.356986999512,0.45,1,2
1,1,1,0.335968017578,0.45,1,2
0,0,1,0.357336044312,0.45,1,2
3,3,1,0.424671173096,0.45,1,2
0,0,1,0.426717042923,0.45,1,2
1,0,0,0.422254085541,0.45,-2,2
3,3,1,0.495187044144,0.45,-1,2
2,2,1,0.442019939423,0.45,1,2
3,3,1,0.456524133682,0.45,-1,2
1,1,1,0.527849912643,0.45,-1,3
3,3,1,0.393264055252,0.45,1,3
2,2,1,0.31751203537,0.45,1,3
0,0,1,0.327148199081,0.45,1,3
3,3,1,0.42854309082,0.45,1,3
0,0,1,0.375545978546,0.45,1,3
2,2,1,0.322695970535,0.45,1,3
1,1,1,0.342283964157,0.45,1,3
2,2,1,0.337718963623,0.45,1,3
3,3,1,0.323623895645,0.45,1,3
1,1,1,0.350484132767,0.45,1,3
0,0,1,0.339499950409,0.45,1,3
1,1,1,0.382194042206,0.45,1,3
3,3,1,0.440693855286,0.45,1,3
0,0,1,0.435605049133,0.45,1,3
2,2,1,0.360967159271,0.45,1,3
3,3,1,0.313930034637,0.45,1,3
2,2,1,0.367509126663,0.45,1,3
0,0,1,0.384967088699,0.45,1,3
3,3,1,0.39108300209,0.45,1,3
1,0,0,0.369212865829,0.45,-2,3
0,0,1,0.386684179306,0.45,1,3
1,1,1,0.433232069016,0.45,1,3
2,2,1,0.380151033401,0.45,1,3
1,1,1,0.415369987488,0.45,1,3
0,0,1,0.353618860245,0.45,1,3
2,2,1,0.46927189827,0.45,-1,3
3,3,1,0.40719294548,0.45,1,3
0,0,1,0.411701917648,0.45,1,3
3,3,1,0.376060962677,0.45,1,3
2,2,1,0.31276512146,0.45,1,3
1,1,1,0.373091220856,0.45,1,3
3,3,1,0.385260820389,0.45,1,3
1,2,0,0.403496026993,0.45,-2,3
2,2,1,0.373309850693,0.45,1,3
0,0,1,0.359124898911,0.45,1,3
1,1,1,0.418184995651,0.45,1,3
3,3,1,0.383332967758,0.45,1,3
2,2,1,0.352577924728,0.45,1,3
0,0,1,0.381194829941,0.45,1,3
2,2,1,0.354615926743,0.45,1,3
3,3,1,0.381558895111,0.45,1,3
0,0,1,0.334324836731,0.45,1,3
1,1,1,0.356498003006,0.45,1,3
0,0,1,0.416630983353,0.45,1,3
3,3,1,0.481450080872,0.45,-1,3
1,1,1,0.587710857391,0.45,-1,3
2,2,1,0.426764011383,0.45,1,3
1,1,1,0.434932947159,0.45,1,3
2,2,1,0.351649999619,0.45,1,3
0,0,1,0.344848155975,0.45,1,3
3,3,1,0.30202794075,0.45,1,3
2,2,1,0.43211889267,0.45,1,3
3,3,1,0.445250988007,0.45,1,3
0,0,1,0.392311811447,0.45,1,3
2,2,1,0.402199983597,0.45,1,3
1,1,1,0.389696836472,0.45,1,3
0,0,1,0.345417976379,0.45,1,3
1,1,1,0.379529953003,0.45,1,3
3,3,1,0.445948123932,0.45,1,3
1,1,1,0.508456945419,0.45,-1,3
0,0,1,0.476759195328,0.45,-1,3
3,3,1,0.471283912659,0.45,-1,3
2,2,1,0.405199050903,0.45,1,3
3,3,1,0.441480875015,0.45,1,3
0,0,1,0.440500974655,0.45,1,3
2,2,1,0.396749019623,0.45,1,3
0,0,1,0.435446977615,0.45,1,3
1,1,1,0.374418973923,0.45,1,3
3,3,1,0.410521030426,0.45,1,3
1,1,1,0.42689704895,0.45,1,3
2,2,1,0.349051952362,0.45,1,3
1,1,1,0.412198066711,0.45,1,3
3,3,1,0.421215057373,0.45,1,3
0,0,1,0.367730855942,0.45,1,3
2,2,1,0.355426073074,0.45,1,3
0,0,1,0.405565023422,0.45,1,3
3,3,1,0.370376110077,0.45,1,3
2,2,1,0.453717947006,0.45,-1,3
3,3,1,0.409971952438,0.45,1,3
1,1,1,0.387958049774,0.45,1,3
0,0,1,0.353017807007,0.45,1,3
1,1,1,0.442487955093,0.45,1,3
2,2,1,0.397405862808,0.45,1,3
1,1,1,0.464286088943,0.45,-1,3
3,3,1,0.389205932617,0.45,1,3
2,2,1,0.375609874725,0.45,1,3
0,0,1,0.418315887451,0.45,1,3
2,2,1,0.364543914795,0.45,1,3
3,3,1,0.427318096161,0.45,1,3
0,0,1,0.422412157059,0.45,1,3
3,2,0,0.373686075211,0.45,-2,3
1,1,1,0.452180147171,0.45,-1,3
0,0,1,0.408411979675,0.45,1,3
1,0,0,0.458488941193,0.45,-2,3
2,2,1,0.413569927216,0.45,1,3
1,1,1,0.377610206604,0.45,1,3
0,0,1,0.356709957123,0.45,1,3
3,3,1,0.480773210526,0.45,-1,3
2,2,1,0.403791904449,0.45,1,3
3,3,1,0.517519950867,0.45,-1,3
0,0,1,0.398765087128,0.45,1,3
2,2,1,0.371966123581,0.45,1,3
0,0,1,0.390352010727,0.45,1,3
1,1,1,0.448724985123,0.45,1,3
3,3,1,0.389997005463,0.45,1,3
1,1,1,0.514126062393,0.45,-1,3
2,2,1,0.397737979889,0.45,1,3
1,1,1,0.424587011337,0.45,1,3
3,3,1,0.38004899025,0.45,1,3
2,2,1,0.382393121719,0.45,1,3
0,0,1,0.377382993698,0.45,1,3
3,3,1,0.395988941193,0.45,1,3
0,0,1,0.408658981323,0.45,1,3
2,2,1,0.345833063126,0.45,1,3
3,3,1,0.350601911545,0.45,1,3
1,1,1,0.33539891243,0.45,1,3
0,0,1,0.261204004288,0.45,1,3
1,2,0,0.285406112671,0.45,-2,3
2,2,1,0.45020198822,0.45,-1,3
1,1,1,0.533618927002,0.45,-1,3
0,0,1,0.377151966095,0.45,1,3
3,3,1,0.403409004211,0.45,1,3
2,2,1,0.310557126999,0.45,1,3
3,3,1,0.355228900909,0.45,1,3
0,0,1,0.461668014526,0.45,-1,3
2,2,1,0.387434005737,0.45,1,3
1,1,1,0.316833019257,0.45,1,3
3,2,0,0.367522954941,0.45,-2,3
1,0,0,0.32489991188,0.45,-2,3
2,2,1,0.428943157196,0.45,1,3
0,0,1,0.368264198303,0.45,1,3
1,1,1,0.395545959473,0.45,1,3
2,2,1,0.351328134537,0.45,1,3
3,3,1,0.323292970657,0.45,1,3
0,0,1,0.350795030594,0.45,1,3
3,3,1,0.37842297554,0.45,1,3
2,2,1,0.428647041321,0.45,1,3
0,0,1,0.418936014175,0.45,1,3
1,1,1,0.347173213959,0.45,1,3
0,0,1,0.360635995865,0.45,1,3
2,2,1,0.337786912918,0.45,1,3
1,1,1,0.303920984268,0.45,1,3
3,2,0,0.347361087799,0.45,-2,3
1,1,1,0.446609020233,0.45,1,3
3,3,1,0.391150951385,0.45,1,3
0,0,1,0.379594087601,0.45,1,3
2,2,1,0.343194961548,0.45,1,3
0,0,1,0.37856221199,0.45,1,3
3,2,0,0.332063913345,0.45,-2,3
2,2,1,0.477867841721,0.45,-1,3
1,1,1,0.435591936111,0.45,1,3
2,2,1,0.407555103302,0.45,1,3
3,3,1,0.394207954407,0.45,1,3
1,-1,0,0.7,0.45,-2,3
0,1,0,0.110759973526,0.45,-2,3
1,1,1,0.43422293663,0.45,1,3
2,2,1,0.455878973007,0.45,-1,3
3,3,1,0.410466909409,0.45,1,3
0,0,1,0.364557981491,0.45,1,3
2,2,1,0.321650981903,0.45,1,3
0,0,1,0.421913862228,0.45,1,3
3,3,1,0.438904047012,0.45,1,3
2,2,1,0.329499959946,0.45,1,3
1,1,1,0.365628004074,0.45,1,3
0,0,1,0.303153038025,0.45,1,3
1,1,1,0.412071943283,0.45,1,3
3,3,1,0.471833944321,0.45,-1,3
1,1,1,0.432803153992,0.45,1,3
0,0,1,0.40548491478,0.45,1,3
2,2,1,0.366950035095,0.45,1,3
3,3,1,0.342282056808,0.45,1,3
2,2,1,0.599637031555,0.45,-1,3
0,0,1,0.436289072037,0.45,1,3
3,3,1,0.40519785881,0.45,1,3
0,0,1,0.417552947998,0.45,1,3
1,1,1,0.444497108459,0.45,1,3
2,2,1,0.358894109726,0.45,1,3
1,1,1,0.442415952682,0.45,1,3
3,3,1,0.38905787468,0.45,1,3
1,1,1,0.305648088455,0.45,1,3
2,2,1,0.34227514267,0.45,1,3
3,3,1,0.400691986084,0.45,1,3
0,0,1,0.37099814415,0.45,1,3
3,3,1,0.368695020676,0.45,1,3
2,2,1,0.307563066483,0.45,1,3
0,0,1,0.404675960541,0.45,1,3
2,2,1,0.359949111938,0.45,1,3
1,1,1,0.401489019394,0.45,1,3
0,0,1,0.352111816406,0.45,1,3
1,2,0,0.360770940781,0.45,-2,3
3,3,1,0.387812852859,0.45,1,3
1,0,0,0.446364164352,0.45,-2,3
3,3,1,0.380992889404,0.45,1,3
0,0,1,0.408306837082,0.45,1,3
2,2,1,0.320904016495,0.45,1,3
3,3,1,0.364506006241,0.45,1,3
2,2,1,0.409343957901,0.45,1,3
0,0,1,0.394250154495,0.45,1,3
3,3,1,0.486645936966,0.45,-1,3
1,1,1,0.43648314476,0.45,1,3
0,0,1,0.39600610733,0.45,1,3
1,1,1,0.451007843018,0.45,-1,3
2,2,1,0.34200501442,0.45,1,3
1,1,1,0.496864795685,0.45,-1,3
3,3,1,0.409875869751,0.45,1,3
2,2,1,0.326267004013,0.45,1,3
0,0,1,0.336795091629,0.45,1,3
2,2,1,0.356670856476,0.45,1,3
3,3,1,0.322458982468,0.45,1,3
0,0,1,0.30092215538,0.45,1,3
1,1,1,0.415377855301,0.45,1,3
0,0,1,0.38415312767,0.45,1,3
3,3,1,0.371978998184,0.45,1,3
1,1,1,0.366755008698,0.45,1,3
2,2,1,0.341123104095,0.45,1,3
1,1,1,0.430177211761,0.45,1,3
2,2,1,0.496976137161,0.45,-1,4
3,3,1,0.367448806763,0.45,1,4
1,1,1,0.284192085266,0.45,1,4
0,0,1,0.233104944229,0.45,1,4
1,1,1,0.345428943634,0.45,1,4
3,3,1,0.351841926575,0.45,1,4
0,0,1,0.371106863022,0.45,1,4
3,3,1,0.381166934967,0.45,1,4
2,2,1,0.417572021484,0.45,1,4
1,1,1,0.370004892349,0.45,1,4
2,2,1,0.343580007553,0.45,1,4
0,0,1,0.339782953262,0.45,1,4
2,2,1,0.308675050735,0.45,1,4
0,0,1,0.367624998093,0.45,1,4
1,1,1,0.333334922791,0.45,1,4
3,3,1,0.381206989288,0.45,1,4
1,1,1,0.376877069473,0.45,1,4
0,0,1,0.334082126617,0.45,1,4
3,3,1,0.401041984558,0.45,1,4
2,2,1,0.30606007576,0.45,1,4
3,3,1,0.345010042191,0.45,1,4
0,0,1,0.323224782944,0.45,1,4
2,2,1,0.349389076233,0.45,1,4
1,1,1,0.395173072815,0.45,1,4
2,2,1,0.332658052444,0.45,1,4
0,0,1,0.343306064606,0.45,1,4
1,1,1,0.372056007385,0.45,1,4
3,3,1,0.381958007812,0.45,1,4
0,0,1,0.426032066345,0.45,1,4
3,3,1,0.42705988884,0.45,1,4
1,1,1,0.368653059006,0.45,1,4
2,2,1,0.325170040131,0.45,1,4
1,2,0,0.446213006973,0.45,-2,4
0,0,1,0.427784919739,0.45,1,4
2,2,1,0.371234178543,0.45,1,4
3,3,1,0.335933923721,0.45,1,4
2,2,1,0.37331199646,0.45,1,4
0,0,1,0.344243049622,0.45,1,4
3,2,0,0.33016705513,0.45,-2,4
1,1,1,0.428133010864,0.45,1,4
3,3,1,0.384575843811,0.45,1,4
0,0,1,0.41698217392,0.45,1,4
1,1,1,0.38418006897,0.45,1,4
2,2,1,0.331126928329,0.45,1,4
1,1,1,0.331298828125,0.45,1,4
0,0,1,0.296628952026,0.45,1,4
2,2,1,0.290599822998,0.45,1,4
3,3,1,0.390601873398,0.45,1,4
2,2,1,0.474254846573,0.45,-1,4
1,1,1,0.407836914062,0.45,1,4
3,3,1,0.424850940704,0.45,1,4
0,0,1,0.406130075455,0.45,1,4
1,1,1,0.317682027817,0.45,1,4
0,0,1,0.363248109818,0.45,1,4
3,3,1,0.391651153564,0.45,1,4
1,1,1,0.331298828125,0.45,1,4
2,2,1,0.366362094879,0.45,1,4
0,0,1,0.318798065186,0.45,1,4
2,2,1,0.328487873077,0.45,1,4
3,3,1,0.331949949265,0.45,1,4
2,2,1,0.394934177399,0.45,1,4
1,1,1,0.358342885971,0.45,1,4
0,0,1,0.385082006454,0.45,1,4
3,3,1,0.378819942474,0.45,1,4
0,0,1,0.383414983749,0.45,1,4
1,1,1,0.401499032974,0.45,1,4
3,3,1,0.391534805298,0.45,1,4
1,1,1,0.400586128235,0.45,1,4
2,2,1,0.405693054199,0.45,1,4
3,3,1,0.287842988968,0.45,1,4
2,2,1,0.364418983459,0.45,1,4
0,0,1,0.389273166656,0.45,1,4
2,2,1,0.415426015854,0.45,1,4
3,3,1,0.396569013596,0.45,1,4
0,0,1,0.325232028961,0.45,1,4
1,1,1,0.402323007584,0.45,1,4
3,3,1,0.372560977936,0.45,1,4
1,1,1,0.455322980881,0.45,-1,4
0,0,1,0.338810920715,0.45,1,4
2,2,1,0.326627016068,0.45,1,4
0,0,1,0.403784990311,0.45,1,4
3,3,1,0.351202011108,0.45,1,4
2,2,1,0.378631830215,0.45,1,4
1,1,1,0.32342505455,0.45,1,4
2,2,1,0.325110197067,0.45,1,4
1,1,1,0.35423207283,0.45,1,4
0,0,1,0.327471017838,0.45,1,4
3,3,1,0.39358997345,0.45,1,4
1,1,1,0.406459093094,0.45,1,4
3,3,1,0.367614984512,0.45,1,4
0,0,1,0.341516017914,0.45,1,4
1,1,1,0.38272190094,0.45,1,4
2,2,1,0.329431056976,0.45,1,4
3,3,1,0.292293071747,0.45,1,4
2,2,1,0.337063074112,0.45,1,4
0,0,1,0.331126928329,0.45,1,4
2,-1,0,0.7,0.45,-2,4
1,1,1,0.436038970947,0.45,1,4
0,0,1,0.445451021194,0.45,1,4
3,3,1,0.449993848801,0.45,1,4
0,0,1,0.450951814651,0.45,-1,4
1,1,1,0.501113891602,0.45,-1,4
3,3,1,0.457900047302,0.45,-1,4
1,1,1,0.357357978821,0.45,1,4
2,2,1,0.337100982666,0.45,1,4
3,3,1,0.325558900833,0.45,1,4
2,2,1,0.397753953934,0.45,1,4
0,0,1,0.42466211319,0.45,1,4
2,2,1,0.383358955383,0.45,1,4
0,0,1,0.386178970337,0.45,1,4
3,3,1,0.364569187164,0.45,1,4
1,1,1,0.393185138702,0.45,1,4
3,3,1,0.364202022552,0.45,1,4
0,0,1,0.285612106323,0.45,1,4
1,1,1,0.376392841339,0.45,1,4
2,2,1,0.342197179794,0.45,1,4
1,1,1,0.378153085709,0.45,1,4
0,0,1,0.333009004593,0.45,1,4
2,2,1,0.374704122543,0.45,1,4
3,3,1,0.354408979416,0.45,1,4
2,2,1,0.396984100342,0.45,1,4
0,0,1,0.373706817627,0.45,1,4
3,3,1,0.450212001801,0.45,-1,4
1,1,1,0.423761129379,0.45,1,4
3,3,1,0.361653089523,0.45,1,4
0,0,1,0.415028095245,0.45,1,4
1,1,1,0.424293994904,0.45,1,4
2,2,1,0.356763839722,0.45,1,4
3,3,1,0.344564914703,0.45,1,4
2,2,1,0.338569164276,0.45,1,4
1,1,1,0.31755900383,0.45,1,4
0,0,1,0.297168016434,0.45,1,4
2,2,1,0.276371002197,0.45,1,4
3,3,1,0.312083005905,0.45,1,4
0,0,1,0.380213022232,0.45,1,4
1,1,1,0.36451292038,0.45,1,4
0,0,1,0.417417049408,0.45,1,4
3,2,0,0.453087806702,0.45,-2,4
1,1,1,0.480170965195,0.45,-1,4
2,2,1,0.404146909714,0.45,1,4
0,0,1,0.493434906006,0.45,-1,4
2,2,1,0.386129140854,0.45,1,4
1,1,1,0.390142917633,0.45,1,4
3,3,1,0.437443971634,0.45,1,4
2,2,1,0.378737926483,0.45,1,4
1,1,1,0.334235906601,0.45,1,4
3,3,1,0.47333407402,0.45,-1,4
0,0,1,0.395992994308,0.45,1,4
1,1,1,0.480854988098,0.45,-1,4
0,0,1,0.400835990906,0.45,1,4
3,3,1,0.423353910446,0.45,1,4
1,1,1,0.402167797089,0.45,1,4
2,2,1,0.326808929443,0.45,1,4
3,3,1,0.310660123825,0.45,1,4
2,2,1,0.395545005798,0.45,1,4
0,0,1,0.3833360672,0.45,1,4
2,2,1,0.320801019669,0.45,1,4
1,1,1,0.406522035599,0.45,1,4
0,0,1,0.354335069656,0.45,1,4
3,3,1,0.412831068039,0.45,1,4
0,0,1,0.414634227753,0.45,1,4
1,0,0,0.420295953751,0.45,-2,4
3,3,1,0.556532144547,0.45,-1,4
2,1,0,0.41805100441,0.45,-2,4
3,3,1,0.475717067719,0.45,-1,4
1,1,1,0.441253900528,0.45,1,4
2,2,1,0.362030029297,0.45,1,4
0,0,1,0.416157007217,0.45,1,4
2,2,1,0.35992193222,0.45,1,4
3,3,1,0.356314897537,0.45,1,4
0,0,1,0.360960960388,0.45,1,4
1,1,1,0.337565898895,0.45,1,4
0,0,1,0.406334161758,0.45,1,4
3,3,1,0.417685985565,0.45,1,4
1,1,1,0.339818000793,0.45,1,4
3,3,1,0.326565027237,0.45,1,4
2,2,1,0.384593009949,0.45,1,4
1,1,1,0.336249113083,0.45,1,4
2,2,1,0.344649076462,0.45,1,4
0,0,1,0.375511884689,0.45,1,4
2,2,1,0.418145179749,0.45,1,4
3,3,1,0.348268985748,0.45,1,4
0,0,1,0.511197090149,0.45,-1,4
1,1,1,0.403035879135,0.45,1,4
0,0,1,0.388609886169,0.45,1,4
3,3,1,0.367305994034,0.45,1,4
1,1,1,0.395363807678,0.45,1,4
2,2,1,0.326544046402,0.45,1,4
1,1,1,0.313560962677,0.45,1,4
3,3,1,0.358902931213,0.45,1,4
2,2,1,0.393090963364,0.45,1,4
0,0,1,0.366078138351,0.45,1,4
2,2,1,0.305391073227,0.45,1,4
1,1,1,0.258548021317,0.45,1,4
0,0,1,0.269505977631,0.45,1,4
3,3,1,0.426537036896,0.45,1,4
0,0,1,0.389936923981,0.45,1,4
1,1,1,0.437026977539,0.45,1,4
3,3,1,0.476330041885,0.45,-1,4
1,1,1,0.422419071198,0.45,1,4
2,2,1,0.320790052414,0.45,1,4
0,0,1,0.358793973923,0.45,1,4
2,2,1,0.346637010574,0.45,1,4
3,3,1,0.381391048431,0.45,1,4
2,2,1,0.366975069046,0.45,1,4
1,1,1,0.289911031723,0.45,1,4
0,0,1,0.229169845581,0.45,1,4
3,2,0,0.142820835114,0.45,-2,4
1,1,1,0.331995010376,0.45,1,4
3,3,1,0.382048130035,0.45,1,4
0,0,1,0.329691886902,0.45,1,4
2,2,1,0.29545712471,0.45,1,4
3,3,1,0.312188863754,0.45,1,4
2,2,1,0.371196985245,0.45,1,4
0,0,1,0.398818969727,0.45,1,4
1,1,1,0.329668045044,0.45,1,4
2,2,1,0.285194158554,0.45,1,4
0,0,1,0.449310064316,0.45,1,5
2,2,1,0.370810031891,0.45,1,5
1,1,1,0.345801830292,0.45,1,5
3,2,0,0.328619003296,0.45,-2,5
2,2,1,0.36762714386,0.45,1,5
3,3,1,0.398987054825,0.45,1,5
1,1,1,0.31898188591,0.45,1,5
0,0,1,0.330693006516,0.45,1,5
3,3,1,0.461573123932,0.45,-1,5
0,0,1,0.424530029297,0.45,1,5
1,1,1,0.398510217667,0.45,1,5
2,2,1,0.342309951782,0.45,1,5
0,0,1,0.426156044006,0.45,1,5
3,3,1,0.360942840576,0.45,1,5
1,0,0,0.379494190216,0.45,-2,5
2,2,1,0.351279973984,0.45,1,5
1,1,1,0.352071046829,0.45,1,5
3,3,1,0.37930893898,0.45,1,5
2,2,1,0.398499011993,0.45,1,5
0,0,1,0.377562999725,0.45,1,5
2,2,1,0.34446811676,0.45,1,5
3,3,1,0.315145015717,0.45,1,5
0,0,1,0.271036148071,0.45,1,5
1,1,1,0.368561029434,0.45,1,5
0,0,1,0.364319086075,0.45,1,5
3,2,0,0.374112844467,0.45,-2,5
1,1,1,0.379795074463,0.45,1,5
2,2,1,0.341331005096,0.45,1,5
3,3,1,0.346307039261,0.45,1,5
2,2,1,0.40452504158,0.45,1,5
1,1,1,0.34258389473,0.45,1,5
0,0,1,0.313876867294,0.45,1,5
2,2,1,0.341418027878,0.45,1,5
0,0,1,0.399410963058,0.45,1,5
1,1,1,0.369892120361,0.45,1,5
3,3,1,0.437675952911,0.45,1,5
0,0,1,0.403630971909,0.45,1,5
3,3,1,0.414543867111,0.45,1,5
1,2,0,0.414180994034,0.45,-2,5
2,2,1,0.364764928818,0.45,1,5
1,1,1,0.326308965683,0.45,1,5
3,3,1,0.345758914948,0.45,1,5
2,2,1,0.358542919159,0.45,1,5
3,3,1,0.40247297287,0.45,1,5
0,0,1,0.402667999268,0.45,1,5
2,2,1,0.401542901993,0.45,1,5
0,3,0,0.322099924088,0.45,-2,5
1,1,1,0.504292011261,0.45,-1,5
0,0,1,0.392832994461,0.45,1,5
1,0,0,0.397146940231,0.45,-2,5
2,2,1,0.400927066803,0.45,1,5
3,3,1,0.426973819733,0.45,1,5
2,2,1,0.40797495842,0.45,1,5
1,1,1,0.336515903473,0.45,1,5
3,3,1,0.430983066559,0.45,1,5
1,1,1,0.42177605629,0.45,1,5
0,0,1,0.372161149979,0.45,1,5
2,2,1,0.300989866257,0.45,1,5
0,0,1,0.392714977264,0.45,1,5
3,3,1,0.348662853241,0.45,1,5
0,0,1,0.375766038895,0.45,1,5
3,3,1,0.419272899628,0.45,1,5
2,2,1,0.375518083572,0.45,1,5
1,1,1,0.384033918381,0.45,1,5
3,3,1,0.380597829819,0.45,1,5
1,1,1,0.345346927643,0.45,1,5
2,2,1,0.349469900131,0.45,1,5
0,0,1,0.336401939392,0.45,1,5
2,2,1,0.377507925034,0.45,1,5
3,3,1,0.350722074509,0.45,1,5
0,0,1,0.369989871979,0.45,1,5
1,1,1,0.446475982666,0.45,1,5
0,0,1,0.367717027664,0.45,1,5
2,2,1,0.337871074677,0.45,1,5
3,3,1,0.415225028992,0.45,1,5
1,1,1,0.353704929352,0.45,1,5
2,2,1,0.412425041199,0.45,1,5
1,1,1,0.417280912399,0.45,1,5
3,3,1,0.4098508358,0.45,1,5
0,0,1,0.359959840775,0.45,1,5
1,1,1,0.378385066986,0.45,1,5
0,0,1,0.402969837189,0.45,1,5
3,3,1,0.478657960892,0.45,-1,5
2,2,1,0.403290987015,0.45,1,5
0,0,1,0.400024175644,0.45,1,5
3,3,1,0.449506998062,0.45,1,5
2,2,1,0.325969934464,0.45,1,5
1,1,1,0.392498016357,0.45,1,5
3,3,1,0.426903009415,0.45,1,5
1,1,1,0.366780996323,0.45,1,5
2,2,1,0.354058027267,0.45,1,5
0,0,1,0.383449077606,0.45,1,5
1,1,1,0.457450151443,0.45,-1,5
0,0,1,0.414083957672,0.45,1,5
2,2,1,0.35976600647,0.45,1,5
3,3,1,0.355842828751,0.45,1,5
0,0,1,0.421102046967,0.45,1,5
1,1,1,0.376819133759,0.45,1,5
2,2,1,0.316395998001,0.45,1,5
3,3,1,0.281508922577,0.45,1,5
1,1,1,0.292191028595,0.45,1,5
3,3,1,0.405313014984,0.45,1,5
2,2,1,0.411038160324,0.45,1,5
1,1,1,0.365989923477,0.45,1,5
0,0,1,0.337929964066,0.45,1,5
2,2,1,0.313384056091,0.45,1,5
0,1,0,0.493298053741,0.45,-2,5
3,3,1,0.41882109642,0.45,1,5
0,0,1,0.40660405159,0.45,1,5
2,2,1,0.416133880615,0.45,1,5
3,3,1,0.418160200119,0.45,1,5
1,1,1,0.344363927841,0.45,1,5
2,2,1,0.330165863037,0.45,1,5
1,1,1,0.396477937698,0.45,1,5
3,3,1,0.494091033936,0.45,-1,5
2,2,1,0.445783138275,0.45,1,5
0,0,1,0.414141893387,0.45,1,5
3,3,1,0.473896980286,0.45,-1,5
0,0,1,0.372140884399,0.45,1,5
1,0,0,0.409976005554,0.45,-2,5
0,0,1,0.362076997757,0.45,1,5
2,2,1,0.341713905334,0.45,1,5
1,1,1,0.339989900589,0.45,1,5
3,3,1,0.389029979706,0.45,1,5
1,1,1,0.450061798096,0.45,-1,5
2,2,1,0.482321023941,0.45,-1,5
3,3,1,0.415823936462,0.45,1,5
2,2,1,0.442442893982,0.45,1,5
0,0,1,0.430209875107,0.45,1,5
3,3,1,0.417068004608,0.45,1,5
0,0,1,0.40455198288,0.45,1,5
1,1,1,0.413421154022,0.45,1,5
0,0,1,0.417492866516,0.45,1,5
1,1,1,0.398936033249,0.45,1,5
2,2,1,0.351581811905,0.45,1,5
3,3,1,0.341531038284,0.45,1,5
1,1,1,0.470534086227,0.45,-1,5
3,3,1,0.452105045319,0.45,-1,5
2,2,1,0.558335781097,0.45,-1,5
1,1,1,0.412005186081,0.45,1,5
0,0,1,0.324063062668,0.45,1,5
2,2,1,0.31994509697,0.45,1,5
0,0,1,0.427561998367,0.45,1,5
3,3,1,0.445173978806,0.45,1,5
0,0,1,0.402602910995,0.45,1,5
3,3,1,0.415328025818,0.45,1,5
2,2,1,0.393172979355,0.45,1,5
1,1,1,0.321858882904,0.45,1,5
3,3,1,0.359985113144,0.45,1,5
1,1,1,0.402446985245,0.45,1,5
2,2,1,0.412588119507,0.45,1,5
3,3,1,0.386178970337,0.45,1,5
0,0,1,0.332619190216,0.45,1,5
1,1,1,0.481076002121,0.45,-1,5
0,0,1,0.483637094498,0.45,-1,5
2,2,1,0.428750991821,0.45,1,5
0,0,1,0.40895986557,0.45,1,5
2,2,1,0.404932975769,0.45,1,5
3,3,1,0.3743019104,0.45,1,5
1,1,1,0.314079046249,0.45,1,5
3,3,1,0.358672142029,0.45,1,5
2,2,1,0.377655982971,0.45,1,5
1,1,1,0.31649518013,0.45,1,5
0,0,1,0.295304059982,0.45,1,5
3,3,1,0.481977939606,0.45,-1,5
0,0,1,0.415075063705,0.45,1,5
1,1,1,0.394403934479,0.45,1,5
2,2,1,0.324573040009,0.45,1,5
0,0,1,0.399483203888,0.45,1,5
3,3,1,0.364394187927,0.45,1,5
2,2,1,0.334232091904,0.45,1,5
1,1,1,0.304219961166,0.45,1,5
3,3,1,0.403070211411,0.45,1,5
1,2,0,0.319772005081,0.45,-2,5
2,2,1,0.427158117294,0.45,1,5
0,0,1,0.334823131561,0.45,1,5
1,1,1,0.331629037857,0.45,1,5
0,0,1,0.430335998535,0.45,1,5
2,2,1,0.393044948578,0.45,1,5
3,3,1,0.380915880203,0.45,1,5
0,0,1,0.320088148117,0.45,1,5
3,3,1,0.372781991959,0.45,1,5
2,2,1,0.412005901337,0.45,1,5
1,1,1,0.384975910187,0.45,1,5
2,2,1,0.355273008347,0.45,1,5
3,3,1,0.449185848236,0.45,1,5
1,1,1,0.346699953079,0.45,1,5
0,0,1,0.358956813812,0.45,1,5
2,2,1,0.304301023483,0.45,1,5
0,-1,0,0.7,0.45,-2,5
1,0,0,0.0715670585632,0.45,-2,5
3,3,1,0.3796210289,0.45,1,5
0,0,1,0.388782978058,0.45,1,5
1,0,0,0.354996204376,0.45,-2,5
3,3,1,0.435652017593,0.45,1,5
2,2,1,0.430942058563,0.45,1,5
3,3,1,0.411837816238,0.45,1,5
1,1,1,0.340764045715,0.45,1,5
2,2,1,0.403115034103,0.45,1,5
1,1,1,0.364624977112,0.45,1,5
0,0,1,0.336477994919,0.45,1,5
2,2,1,0.301681995392,0.45,1,5
0,0,1,0.470914125443,0.45,-1,5
3,3,1,0.40877199173,0.45,1,5
0,0,1,0.40437412262,0.45,1,5
3,3,1,0.391316890717,0.45,1,5
1,1,1,0.402525901794,0.45,1,5
2,2,1,0.357589960098,0.45,1,5
3,3,1,0.408993959427,0.45,1,5
2,2,1,0.413854122162,0.45,1,5
1,1,1,0.402413129807,0.45,1,5
3,3,1,0.460134983063,0.45,-1,5
0,0,1,0.349633932114,0.45,1,5
2,2,1,0.331291913986,0.45,1,5
0,0,1,0.428662776947,0.45,1,5
1,1,1,0.40293097496,0.45,1,5
0,0,1,0.382264137268,0.45,1,5
0,0,1,0.449434995651,0.45,1,6
2,2,1,0.354063034058,0.45,1,6
3,3,1,0.334105968475,0.45,1,6
1,1,1,0.290493011475,0.45,1,6
3,3,1,0.348978996277,0.45,1,6
2,2,1,0.417330026627,0.45,1,6
1,1,1,0.341368913651,0.45,1,6
2,2,1,0.325618028641,0.45,1,6
0,0,1,0.3386759758,0.45,1,6
1,1,1,0.396833181381,0.45,1,6
0,0,1,0.362101078033,0.45,1,6
3,3,1,0.394616127014,0.45,1,6
0,0,1,0.37507891655,0.45,1,6
3,3,1,0.428761005402,0.45,1,6
2,2,1,0.333275079727,0.45,1,6
1,1,1,0.306257009506,0.45,1,6
3,2,0,0.323733091354,0.45,-2,6
1,1,1,0.472981214523,0.45,-1,6
2,2,1,0.39618897438,0.45,1,6
3,3,1,0.333563089371,0.45,1,6
0,0,1,0.321401119232,0.45,1,6
1,1,1,0.388630151749,0.45,1,6
0,0,1,0.399504184723,0.45,1,6
2,2,1,0.325038909912,0.45,1,6
0,0,1,0.405256032944,0.45,1,6
3,3,1,0.338057994843,0.45,1,6
1,1,1,0.301691055298,0.45,1,6
2,2,1,0.400157928467,0.45,1,6
3,3,1,0.370079994202,0.45,1,6
2,2,1,0.428919792175,0.45,1,6
1,1,1,0.352118968964,0.45,1,6
0,0,1,0.334751844406,0.45,1,6
2,2,1,0.394070863724,0.45,1,6
0,0,1,0.377696990967,0.45,1,6
1,1,1,0.40625,0.45,1,6
3,3,1,0.402993917465,0.45,1,6
0,0,1,0.45185303688,0.45,-1,6
3,3,1,0.442461013794,0.45,1,6
2,2,1,0.340749979019,0.45,1,6
1,1,1,0.300793886185,0.45,1,6
3,3,1,0.298079013824,0.45,1,6
1,0,0,0.380049943924,0.45,-2,6
2,2,1,0.354518890381,0.45,1,6
3,3,1,0.411998987198,0.45,1,6
0,0,1,0.37730884552,0.45,1,6
1,1,1,0.394093036652,0.45,1,6
0,0,1,0.383772134781,0.45,1,6
2,2,1,0.337337970734,0.45,1,6
0,0,1,0.348119020462,0.45,1,6
1,1,1,0.374755859375,0.45,1,6
2,2,1,0.371826171875,0.45,1,6
3,3,1,0.300033092499,0.45,1,6
1,1,1,0.45686006546,0.45,-1,6
3,3,1,0.390825033188,0.45,1,6
2,2,1,0.393268108368,0.45,1,6
0,0,1,0.401157140732,0.45,1,6
2,2,1,0.342507123947,0.45,1,6
1,1,1,0.338643074036,0.45,1,6
0,0,1,0.339201927185,0.45,1,6
3,3,1,0.408793926239,0.45,1,6
0,0,1,0.435018062592,0.45,1,6
3,3,1,0.359737157822,0.45,1,6
1,1,1,0.424007177353,0.45,1,6
2,2,1,0.429214954376,0.45,1,6
3,3,1,0.350733995438,0.45,1,6
2,2,1,0.39751291275,0.45,1,6
1,1,1,0.335958957672,0.45,1,6
0,0,1,0.361004114151,0.45,1,6
2,2,1,0.307343006134,0.45,1,6
0,0,1,0.385274887085,0.45,1,6
1,1,1,0.428484916687,0.45,1,6
3,3,1,0.415135145187,0.45,1,6
0,0,1,0.388550043106,0.45,1,6
2,2,1,0.340866804123,0.45,1,6
1,1,1,0.314254999161,0.45,1,6
3,3,1,0.363922119141,0.45,1,6
1,1,1,0.391622066498,0.45,1,6
2,2,1,0.379299879074,0.45,1,6
3,3,1,0.388705015182,0.45,1,6
2,2,1,0.375850200653,0.45,1,6
0,0,1,0.350075006485,0.45,1,6
1,1,1,0.393859863281,0.45,1,6
0,0,1,0.425963163376,0.45,1,6
3,3,1,0.416193962097,0.45,1,6
0,0,1,0.354520797729,0.45,1,6
1,1,1,0.435587882996,0.45,1,6
2,2,1,0.369734048843,0.45,1,6
3,3,1,0.339735984802,0.45,1,6
2,2,1,0.388611078262,0.45,1,6
1,1,1,0.4044880867,0.45,1,6
3,3,1,0.431519031525,0.45,1,6
0,0,1,0.378881931305,0.45,1,6
2,2,1,0.326115846634,0.45,1,6
0,0,1,0.38365483284,0.45,1,6
3,3,1,0.362146139145,0.45,1,6
1,1,1,0.348937034607,0.45,1,6
0,0,1,0.350943088531,0.45,1,6
1,1,1,0.386776208878,0.45,1,6
2,2,1,0.328623056412,0.45,1,6
3,3,1,0.297666072845,0.45,1,6
1,0,0,0.38329410553,0.45,-2,6
3,3,1,0.40656709671,0.45,1,6
2,2,1,0.453372001648,0.45,-1,6
0,0,1,0.437509059906,0.45,1,6
2,2,1,0.344215154648,0.45,1,6
1,1,1,0.300199985504,0.45,1,6
0,0,1,0.306457996368,0.45,1,6
3,3,1,0.308614015579,0.45,1,6
0,0,1,0.341184139252,0.45,1,6
2,2,1,0.347511053085,0.45,1,6
3,3,1,0.391578912735,0.45,1,6
1,1,1,0.329895019531,0.45,1,6
3,3,1,0.356319904327,0.45,1,6
2,2,1,0.415532827377,0.45,1,6
1,1,1,0.364647865295,0.45,1,6
0,0,1,0.334381818771,0.45,1,6
1,1,1,0.409898996353,0.45,1,6
2,2,1,0.339938163757,0.45,1,6
0,0,1,0.313330173492,0.45,1,6
3,3,1,0.362290143967,0.45,1,6
0,0,1,0.350218057632,0.45,1,6
2,2,1,0.312994003296,0.45,1,6
3,3,1,0.364585161209,0.45,1,6
1,1,1,0.302284002304,0.45,1,6
2,2,1,0.330392122269,0.45,1,6
1,1,1,0.423340082169,0.45,1,6
3,3,1,0.371025085449,0.45,1,6
2,2,1,0.375683069229,0.45,1,6
0,0,1,0.338464975357,0.45,1,6
3,3,1,0.366093873978,0.45,1,6
0,0,1,0.359102010727,0.45,1,6
1,0,0,0.42103600502,0.45,-2,6
0,0,1,0.359740972519,0.45,1,6
1,1,1,0.401793956757,0.45,1,6
2,2,1,0.366623163223,0.45,1,6
3,3,1,0.327507972717,0.45,1,6
2,2,1,0.37192606926,0.45,1,6
1,1,1,0.310202121735,0.45,1,6
3,3,1,0.362722873688,0.45,1,6
1,1,1,0.390906095505,0.45,1,6
0,0,1,0.329516172409,0.45,1,6
3,3,1,0.378943920135,0.45,1,6
0,0,1,0.364110946655,0.45,1,6
2,2,1,0.319711923599,0.45,1,6
0,0,1,0.382743120193,0.45,1,6
3,3,1,0.35437297821,0.45,1,6
1,1,1,0.324816942215,0.45,1,6
2,2,1,0.285321950912,0.45,1,6
1,1,1,0.39612197876,0.45,1,6
3,3,1,0.364696979523,0.45,1,6
2,2,1,0.400019884109,0.45,1,6
3,3,1,0.373029947281,0.45,1,6
0,0,1,0.325442790985,0.45,1,6
2,2,1,0.330976963043,0.45,1,6
0,0,1,0.39809012413,0.45,1,6
1,1,1,0.408824920654,0.45,1,6
0,0,1,0.373489141464,0.45,1,6
2,2,1,0.382843971252,0.45,1,6
1,1,1,0.404612064362,0.45,1,6
3,3,1,0.413223028183,0.45,1,6
2,2,1,0.386512041092,0.45,1,6
3,3,1,0.395313978195,0.45,1,6
1,1,1,0.301426887512,0.45,1,6
2,3,0,0.315359115601,0.45,-2,6
0,0,1,0.390809059143,0.45,1,6
3,3,1,0.409836053848,0.45,1,6
0,0,1,0.436424970627,0.45,1,6
1,1,1,0.417013883591,0.45,1,6
0,0,1,0.433185100555,0.45,1,6
1,1,1,0.364440917969,0.45,1,6
2,2,1,0.375288009644,0.45,1,6
3,3,1,0.292309045792,0.45,1,6
2,2,1,0.386062145233,0.45,1,6
1,1,1,0.363404035568,0.45,1,6
3,3,1,0.40806388855,0.45,1,6
1,1,1,0.435684204102,0.45,1,6
0,0,1,0.358320951462,0.45,1,6
3,3,1,0.369345188141,0.45,1,6
0,0,1,0.385225057602,0.45,1,6
2,2,1,0.344466924667,0.45,1,6
0,0,1,0.371313095093,0.45,1,6
3,3,1,0.364530086517,0.45,1,6
1,1,1,0.418871164322,0.45,1,6
2,2,1,0.323875904083,0.45,1,6
3,3,1,0.294914960861,0.45,1,6
2,2,1,0.403102874756,0.45,1,6
1,1,1,0.38060593605,0.45,1,6
0,0,1,0.362941026688,0.45,1,6
2,2,1,0.332685947418,0.45,1,6
0,0,1,0.421915054321,0.45,1,6
1,1,1,0.34862112999,0.45,1,6
3,3,1,0.374423027039,0.45,1,6
0,0,1,0.378356933594,0.45,1,6
3,3,1,0.413592100143,0.45,1,6
2,2,1,0.369629144669,0.45,1,6
1,1,1,0.340080022812,0.45,1,6
3,3,1,0.390564918518,0.45,1,6
1,2,0,0.40997505188,0.45,-2,6
2,2,1,0.366636037827,0.45,1,6
0,0,1,0.326293945312,0.45,1,6
2,2,1,0.361820936203,0.45,1,6
3,3,1,0.420565128326,0.45,1,6
0,0,1,0.345350980759,0.45,1,6
1,1,1,0.404856920242,0.45,1,6
0,0,1,0.402462005615,0.45,1,6
3,3,1,0.451153993607,0.45,-1,6
2,2,1,0.398092985153,0.45,1,6
1,1,1,0.371958971024,0.45,1,6
3,3,1,0.421321153641,0.45,1,6
1,1,1,0.338525056839,0.45,1,6
2,2,1,0.339658021927,0.45,1,6
0,0,1,0.367112874985,0.45,1,6
1,1,1,0.395586967468,0.45,1,6
0,0,1,0.364763021469,0.45,1,6
2,2,1,0.304068803787,0.45,1,6
3,3,1,0.366167068481,0.45,1,6
0,0,1,0.374238014221,0.45,1,6
0,0,1,0.464570999146,0.45,-1,7
2,2,1,0.378396987915,0.45,1,7
3,3,1,0.348675966263,0.45,1,7
1,1,1,0.339202165604,0.45,1,7
2,2,1,0.318027019501,0.45,1,7
1,1,1,0.313230037689,0.45,1,7
3,3,1,0.352562904358,0.45,1,7
2,2,1,0.312370061874,0.45,1,7
0,0,1,0.307314157486,0.45,1,7
1,1,1,0.373133897781,0.45,1,7
0,0,1,0.321794986725,0.45,1,7
3,2,0,0.308811903,0.45,-2,7
0,0,1,0.359975099564,0.45,1,7
1,1,1,0.392269849777,0.45,1,7
3,3,1,0.38204407692,0.45,1,7
2,2,1,0.346257925034,0.45,1,7
1,1,1,0.297674894333,0.45,1,7
2,2,1,0.359445810318,0.45,1,7
3,3,1,0.386542081833,0.45,1,7
0,0,1,0.347857952118,0.45,1,7
2,2,1,0.318594932556,0.45,1,7
0,0,1,0.38006401062,0.45,1,7
3,3,1,0.336547851562,0.45,1,7
1,1,1,0.339002847672,0.45,1,7
0,0,1,0.32547211647,0.45,1,7
2,2,1,0.298694133759,0.45,1,7
3,3,1,0.300104141235,0.45,1,7
1,1,1,0.31084895134,0.45,1,7
2,2,1,0.337860107422,0.45,1,7
1,0,0,0.319620132446,0.45,-2,7
3,3,1,0.440415859222,0.45,1,7
2,2,1,0.380091905594,0.45,1,7
0,0,1,0.341964960098,0.45,1,7
3,3,1,0.308000087738,0.45,1,7
0,0,1,0.376199960709,0.45,1,7
1,1,1,0.398858070374,0.45,1,7
0,0,1,0.412934780121,0.45,1,7
2,2,1,0.35980796814,0.45,1,7
3,3,1,0.314838886261,0.45,1,7
1,1,1,0.390156030655,0.45,1,7
3,3,1,0.377409934998,0.45,1,7
2,2,1,0.397060155869,0.45,1,7
1,1,1,0.424608945847,0.45,1,7
0,0,1,0.345619916916,0.45,1,7
3,3,1,0.405975103378,0.45,1,7
0,0,1,0.36875295639,0.45,1,7
1,1,1,0.413770914078,0.45,1,7
2,2,1,0.352070093155,0.45,1,7
0,0,1,0.409442186356,0.45,1,7
2,2,1,0.350466966629,0.45,1,7
3,3,1,0.376126050949,0.45,1,7
1,1,1,0.379853010178,0.45,1,7
2,2,1,0.447845935822,0.45,1,7
1,1,1,0.396182060242,0.45,1,7
3,3,1,0.408125162125,0.45,1,7
0,0,1,0.384041070938,0.45,1,7
3,3,1,0.397087097168,0.45,1,7
2,2,1,0.352317094803,0.45,1,7
0,0,1,0.389327049255,0.45,1,7
1,1,1,0.45548415184,0.45,-1,7
0,0,1,0.465400934219,0.45,-1,7
3,3,1,0.525886058807,0.45,-1,7
2,2,1,0.414798021317,0.45,1,7
1,1,1,0.396820068359,0.45,1,7
3,3,1,0.374361991882,0.45,1,7
1,0,0,0.37887096405,0.45,-2,7
2,2,1,0.411526918411,0.45,1,7
0,0,1,0.475141048431,0.45,-1,7
1,1,1,0.38889503479,0.45,1,7
0,0,1,0.393200159073,0.45,1,7
2,2,1,0.339559078217,0.45,1,7
3,3,1,0.344485998154,0.45,1,7
0,0,1,0.378515005112,0.45,1,7
2,2,1,0.332342147827,0.45,1,7
1,1,1,0.31191110611,0.45,1,7
3,3,1,0.444329023361,0.45,1,7
1,1,1,0.41393995285,0.45,1,7
2,2,1,0.339577913284,0.45,1,7
3,3,1,0.373595952988,0.45,1,7
0,0,1,0.337574958801,0.45,1,7
3,3,1,0.338808059692,0.45,1,7
2,2,1,0.310137987137,0.45,1,7
0,0,1,0.371473789215,0.45,1,7
1,1,1,0.358665943146,0.45,1,7
0,0,1,0.369568109512,0.45,1,7
1,1,1,0.380112171173,0.45,1,7
2,2,1,0.366103172302,0.45,1,7
3,3,1,0.321891069412,0.45,1,7
2,1,0,0.366646051407,0.45,-2,7
1,1,1,0.344522953033,0.45,1,7
3,3,1,0.339663028717,0.45,1,7
1,1,1,0.329579114914,0.45,1,7
0,0,1,0.330295085907,0.45,1,7
3,3,1,0.391535043716,0.45,1,7
0,0,1,0.379074811935,0.45,1,7
2,2,1,0.32481098175,0.45,1,7
0,0,1,0.374536037445,0.45,1,7
3,3,1,0.338620901108,0.45,1,7
1,1,1,0.358993053436,0.45,1,7
2,2,1,0.368823051453,0.45,1,7
3,3,1,0.341591835022,0.45,1,7
2,2,1,0.385037899017,0.45,1,7
1,1,1,0.347172021866,0.45,1,7
3,3,1,0.343461990356,0.45,1,7
0,0,1,0.383633136749,0.45,1,7
1,1,1,0.40655207634,0.45,1,7
0,0,1,0.414948940277,0.45,1,7
2,2,1,0.41300201416,0.45,1,7
0,0,1,0.398714065552,0.45,1,7
2,2,1,0.376728057861,0.45,1,7
1,1,1,0.399389982224,0.45,1,7
3,3,1,0.443413972855,0.45,1,7
2,2,1,0.453525066376,0.45,-1,7
3,3,1,0.47043800354,0.45,-1,7
1,1,1,0.401575088501,0.45,1,7
0,0,1,0.373156070709,0.45,1,7
1,2,0,0.322579145432,0.45,-2,7
2,2,1,0.325964927673,0.45,1,7
0,0,1,0.42268204689,0.45,1,7
3,3,1,0.410878896713,0.45,1,7
0,0,1,0.392295122147,0.45,1,7
2,2,1,0.375917196274,0.45,1,7
1,1,1,0.430672883987,0.45,1,7
3,3,1,0.409919977188,0.45,1,7
2,2,1,0.387692928314,0.45,1,7
3,3,1,0.363990068436,0.45,1,7
1,1,1,0.337380170822,0.45,1,7
0,0,1,0.354995965958,0.45,1,7
1,1,1,0.35030913353,0.45,1,7
2,2,1,0.339814186096,0.45,1,7
0,0,1,0.428736925125,0.45,1,7
3,3,1,0.434133052826,0.45,1,7
0,0,1,0.340461969376,0.45,1,7
2,2,1,0.337784051895,0.45,1,7
3,3,1,0.354536056519,0.45,1,7
1,1,1,0.3581199646,0.45,1,7
2,2,1,0.35432100296,0.45,1,7
1,1,1,0.430093050003,0.45,1,7
3,3,1,0.417387008667,0.45,1,7
2,2,1,0.395963191986,0.45,1,7
0,0,1,0.409656047821,0.45,1,7
1,1,1,0.400704145432,0.45,1,7
0,0,1,0.389052152634,0.45,1,7
3,3,1,0.440956115723,0.45,1,7
0,0,1,0.395175933838,0.45,1,7
2,2,1,0.437261104584,0.45,1,7
1,1,1,0.419876098633,0.45,1,7
3,3,1,0.366073846817,0.45,1,7
2,2,1,0.418859958649,0.45,1,7
3,3,1,0.396552801132,0.45,1,7
1,1,1,0.333751916885,0.45,1,7
0,0,1,0.315343856812,0.45,1,7
1,1,1,0.390331983566,0.45,1,7
2,2,1,0.313371896744,0.45,1,7
0,0,1,0.39715385437,0.45,1,7
3,3,1,0.351990938187,0.45,1,7
0,0,1,0.346671104431,0.45,1,7
1,1,1,0.430262088776,0.45,1,7
2,2,1,0.363721132278,0.45,1,7
3,3,1,0.412778139114,0.45,1,7
2,2,1,0.479198932648,0.45,-1,7
1,1,1,0.347021818161,0.45,1,7
3,2,0,0.352425813675,0.45,-2,7
0,0,1,0.312675952911,0.45,1,7
2,2,1,0.405076026917,0.45,1,7
0,0,1,0.465741872787,0.45,-1,7
3,-1,0,0.7,0.45,-2,7
1,1,1,0.598858833313,0.45,-1,7
0,0,1,0.428598880768,0.45,1,7
2,2,1,0.411801815033,0.45,1,7
3,3,1,0.393019914627,0.45,1,7
1,1,1,0.387825965881,0.45,1,7
2,2,1,0.424535036087,0.45,1,7
1,1,1,0.370369195938,0.45,1,7
3,3,1,0.343738079071,0.45,1,7
0,0,1,0.306996107101,0.45,1,7
1,1,1,0.397454977036,0.45,1,7
0,0,1,0.415343999863,0.45,1,7
3,2,0,0.372262001038,0.45,-2,7
2,2,1,0.344222068787,0.45,1,7
0,0,1,0.384443998337,0.45,1,7
3,3,1,0.404299974442,0.45,1,7
2,2,1,0.352154016495,0.45,1,7
1,1,1,0.333221912384,0.45,1,7
3,3,1,0.447603940964,0.45,1,7
1,1,1,0.432242870331,0.45,1,7
2,2,1,0.397810935974,0.45,1,7
3,3,1,0.384248018265,0.45,1,7
0,0,1,0.321415901184,0.45,1,7
2,2,1,0.309692144394,0.45,1,7
0,0,1,0.426737070084,0.45,1,7
1,1,1,0.387693166733,0.45,1,7
0,0,1,0.425309896469,0.45,1,7
1,1,1,0.358480930328,0.45,1,7
3,3,1,0.344979047775,0.45,1,7
2,2,1,0.385315179825,0.45,1,7
1,1,1,0.316654920578,0.45,1,7
2,2,1,0.362291097641,0.45,1,7
3,3,1,0.411000013351,0.45,1,7
0,0,1,0.294882059097,0.45,1,7
3,3,1,0.451631069183,0.45,-1,7
1,1,1,0.389982938766,0.45,1,7
0,0,1,0.361582994461,0.45,1,7
2,2,1,0.357752084732,0.45,1,7
0,0,1,0.384375095367,0.45,1,7
1,1,1,0.378000020981,0.45,1,7
3,3,1,0.45338010788,0.45,-1,7
2,2,1,0.384083032608,0.45,1,7
3,3,1,0.413367986679,0.45,1,7
1,1,1,0.502218008041,0.45,-1,7
2,2,1,0.388056993484,0.45,1,7
1,1,1,0.312679052353,0.45,1,7
0,0,1,0.336180925369,0.45,1,7
2,2,1,0.325330972672,0.45,1,7
0,0,1,0.401093006134,0.45,1,7
3,3,1,0.418901920319,0.45,1,7
0,0,1,0.389852762222,0.45,1,7
