probe,press,accuracy,rt,threshold,score,run_num
2,2,1,0.560067892075,0.45,-1,0
0,0,1,0.385212898254,0.45,1,0
1,1,1,0.324522972107,0.45,1,0
3,3,1,0.336781024933,0.45,1,0
1,1,1,0.333054065704,0.45,1,0
0,0,1,0.293103933334,0.45,1,0
3,3,1,0.338530063629,0.45,1,0
0,0,1,0.343600988388,0.45,1,0
2,2,1,0.27411699295,0.45,1,0
1,1,1,0.301993131638,0.45,1,0
2,2,1,0.334030151367,0.45,1,0
3,3,1,0.330064058304,0.45,1,0
2,2,1,0.451906919479,0.45,-1,0
3,3,1,0.442597866058,0.45,1,0
0,0,1,0.380121946335,0.45,1,0
1,0,0,0.374243021011,0.45,-2,0
0,0,1,0.403418064117,0.45,1,0
3,3,1,0.367825031281,0.45,1,0
1,1,1,0.377224206924,0.45,1,0
3,3,1,0.372522115707,0.45,1,0
2,2,1,0.527880907059,0.45,-1,0
0,0,1,0.362434148788,0.45,1,0
2,2,1,0.512386798859,0.45,-1,0
1,1,1,0.505941867828,0.45,-1,0
2,2,1,0.659461021423,0.45,-1,0
0,0,1,0.439314126968,0.45,1,0
3,3,1,0.364292860031,0.45,1,0
1,1,1,0.464981079102,0.45,-1,0
0,0,1,0.38002705574,0.45,1,0
1,1,1,0.438234090805,0.45,1,0
3,3,1,0.366747140884,0.45,1,0
2,-1,0,0.7,0.45,-2,0
3,3,1,0.527896881104,0.45,-1,0
0,0,1,0.434299945831,0.45,1,0
2,2,1,0.437572002411,0.45,1,0
1,1,1,0.35050702095,0.45,1,0
2,2,1,0.372591018677,0.45,1,0
1,1,1,0.50502705574,0.45,-1,0
0,0,1,0.360828876495,0.45,1,0
3,2,0,0.300039768219,0.45,-2,0
1,1,1,0.463761091232,0.45,-1,0
3,3,1,0.564218997955,0.45,-1,0
0,0,1,0.413117170334,0.45,1,0
1,1,1,0.555868864059,0.45,-1,0
2,2,1,0.35871386528,0.45,1,0
0,0,1,0.418107032776,0.45,1,0
2,2,1,0.343010187149,0.45,1,0
3,3,1,0.318361997604,0.45,1,0
2,2,1,0.547441005707,0.45,-1,0
0,0,1,0.432245016098,0.45,1,0
1,1,1,0.361272096634,0.45,1,0
3,3,1,0.42111492157,0.45,1,0
1,-1,0,0.7,0.45,-2,0
0,0,1,0.538977146149,0.45,-1,0
3,3,1,0.423288106918,0.45,1,0
2,2,1,0.435463905334,0.45,1,0
3,3,1,0.484582901001,0.45,-1,0
0,0,1,0.401124954224,0.45,1,0
2,2,1,0.324261903763,0.45,1,0
1,1,1,0.269659042358,0.45,1,0
2,1,0,0.376547813416,0.45,-2,0
1,0,0,0.603042125702,0.45,-2,0
3,3,1,0.502353906631,0.45,-1,0
0,0,1,0.421247005463,0.45,1,0
1,1,1,0.454371929169,0.45,-1,0
0,0,1,0.504256010056,0.45,-1,0
3,3,1,0.445019006729,0.45,1,0
2,2,1,0.440216779709,0.45,1,0
0,0,1,0.445488929749,0.45,1,0
2,2,1,0.393187046051,0.45,1,0
3,3,1,0.402688026428,0.45,1,0
1,1,1,0.359812021255,0.45,1,0
2,2,1,0.367910146713,0.45,1,0
0,0,1,0.302254199982,0.45,1,0
1,1,1,0.382794857025,0.45,1,0
3,3,1,0.28199005127,0.45,1,0
0,0,1,0.356622934341,0.45,1,0
3,3,1,0.416710138321,0.45,1,0
1,1,1,0.450604915619,0.45,-1,0
2,2,1,0.344107151031,0.45,1,0
3,3,1,0.371246099472,0.45,1,0
2,2,1,0.438895940781,0.45,1,0
1,1,1,0.31954407692,0.45,1,0
0,0,1,0.276788949966,0.45,1,0
2,2,1,0.296746015549,0.45,1,0
1,-1,0,0.7,0.45,-2,0
0,1,0,0.161013126373,0.45,-2,0
3,3,1,0.419950008392,0.45,1,0
0,0,1,0.421884059906,0.45,1,0
1,1,1,0.384636163712,0.45,1,0
3,3,1,0.410552024841,0.45,1,0
1,1,1,0.601069927216,0.45,-1,0
2,2,1,0.396758079529,0.45,1,0
0,0,1,0.351004838943,0.45,1,0
2,2,1,0.42368388176,0.45,1,0
3,3,1,0.370841026306,0.45,1,0
2,2,1,0.577555179596,0.45,-1,0
0,0,1,0.460090875626,0.45,-1,0
1,1,1,0.264061927795,0.45,1,0
3,3,1,0.282240867615,0.45,1,0
0,0,1,0.397802114487,0.45,1,0
3,3,1,0.384480953217,0.45,1,0
1,0,0,0.332633972168,0.45,-2,0
0,0,1,0.333237171173,0.45,1,0
2,2,1,0.264993906021,0.45,1,0
3,3,1,0.278478145599,0.45,1,0
2,2,1,0.369233131409,0.45,1,0
1,1,1,0.330826997757,0.45,1,0
2,2,1,0.404160022736,0.45,1,0
3,3,1,0.336488008499,0.45,1,0
1,1,1,0.412980079651,0.45,1,0
0,0,1,0.345299005508,0.45,1,0
1,1,1,0.482127904892,0.45,-1,0
3,3,1,0.545284032822,0.45,-1,0
0,0,1,0.481813192368,0.45,-1,0
2,2,1,0.405084848404,0.45,1,0
1,1,1,0.305275917053,0.45,1,0
2,2,1,0.326121807098,0.45,1,0
0,0,1,0.263561010361,0.45,1,0
3,3,1,0.292892932892,0.45,1,0
2,2,1,0.483489990234,0.45,-1,0
1,1,1,0.367756843567,0.45,1,0
0,0,1,0.236022949219,0.45,1,0
3,3,1,0.422265052795,0.45,1,0
0,0,1,0.401082992554,0.45,1,0
1,1,1,0.621493816376,0.45,-1,0
3,3,1,0.426567077637,0.45,1,0
2,2,1,0.413583993912,0.45,1,0
0,0,1,0.351243019104,0.45,1,0
2,2,1,0.304716825485,0.45,1,0
3,2,0,0.365687131882,0.45,-2,0
1,1,1,0.512129068375,0.45,-1,0
2,3,0,0.389996051788,0.45,-2,0
1,-1,0,0.7,0.45,-2,0
3,1,0,0.0106799602509,0.45,-2,0
0,0,1,0.390027046204,0.45,1,0
3,3,1,0.362540960312,0.45,1,0
1,1,1,0.292233943939,0.45,1,0
0,0,1,0.326859951019,0.45,1,0
2,2,1,0.340176105499,0.45,1,0
0,0,1,0.384712934494,0.45,1,0
1,1,1,0.450398921967,0.45,-1,0
2,2,1,0.357393026352,0.45,1,0
3,3,1,0.345169067383,0.45,1,0
2,2,1,0.660683870316,0.45,-1,0
1,1,1,0.552606105804,0.45,-1,0
3,2,0,0.433402061462,0.45,-2,0
0,0,1,0.476629018784,0.45,-1,0
3,3,1,0.41534781456,0.45,1,0
1,1,1,0.645879030228,0.45,-1,0
0,0,1,0.485385894775,0.45,-1,0
2,2,1,0.418867826462,0.45,1,0
0,0,1,0.459642887115,0.45,-1,0
1,1,1,0.489077091217,0.45,-1,0
2,2,1,0.404966115952,0.45,1,0
3,3,1,0.358001947403,0.45,1,0
2,2,1,0.506675004959,0.45,-1,0
0,0,1,0.568129062653,0.45,-1,0
3,2,0,0.425490856171,0.45,-2,0
1,1,1,0.646644115448,0.45,-1,0
3,3,1,0.471196174622,0.45,-1,0
0,0,1,0.509015083313,0.45,-1,0
1,1,1,0.56005191803,0.45,-1,0
2,2,1,0.376888036728,0.45,1,0
3,3,1,0.357057094574,0.45,1,0
2,2,1,0.375407218933,0.45,1,0
1,1,1,0.292490959167,0.45,1,0
0,0,1,0.293416976929,0.45,1,0
2,2,1,0.396296977997,0.45,1,0
3,3,1,0.348278045654,0.45,1,0
1,1,1,0.303156137466,0.45,1,0
0,0,1,0.331315040588,0.45,1,0
1,1,1,0.421252965927,0.45,1,0
3,2,0,0.329823970795,0.45,-2,0
0,0,1,0.332715988159,0.45,1,0
2,2,1,0.338571071625,0.45,1,0
1,1,1,0.267235994339,0.45,1,0
2,3,0,0.270323991776,0.45,-2,0
0,0,1,0.400825977325,0.45,1,0
3,2,0,0.439025878906,0.45,-2,0
2,2,1,0.505422115326,0.45,-1,0
3,3,1,0.470546960831,0.45,-1,0
1,1,1,0.454467058182,0.45,-1,0
0,0,1,0.325332164764,0.45,1,0
3,2,0,0.32852602005,0.45,-2,0
0,0,1,0.369057178497,0.45,1,0
1,1,1,0.428723096848,0.45,1,0
2,2,1,0.357934951782,0.45,1,0
1,-1,0,0.7,0.45,-2,0
3,3,1,0.462691068649,0.45,-1,0
2,2,1,0.488637924194,0.45,-1,0
0,0,1,0.476718902588,0.45,-1,0
2,2,1,0.375582933426,0.45,1,0
0,-1,0,0.7,0.45,-2,0
1,0,0,0.072968006134,0.45,-2,0
3,3,1,0.36271905899,0.45,1,0
1,1,1,0.487108945847,0.45,-1,0
0,0,1,0.43403506279,0.45,1,0
3,3,1,0.380306959152,0.45,1,0
2,2,1,0.437654972076,0.45,1,0
3,3,1,0.580020904541,0.45,-1,0
0,0,1,0.396888017654,0.45,1,0
2,2,1,0.401226043701,0.45,1,0
1,1,1,0.404851913452,0.45,1,0
2,2,1,0.393687009811,0.45,1,0
1,-1,0,0.7,0.45,-2,0
3,3,1,0.351922035217,0.45,1,0
0,0,1,0.290436029434,0.45,1,0
3,3,1,0.42182302475,0.45,1,0
1,0,0,0.320997953415,0.45,-2,0
0,0,1,0.305799007416,0.45,1,0
2,2,1,0.255653858185,0.45,1,0
3,3,1,0.379841089249,0.45,1,0
2,2,1,0.388300180435,0.45,1,0
0,0,1,0.350994110107,0.45,1,0
1,1,1,0.275460958481,0.45,1,0
2,2,1,0.294250965118,0.45,1,0
2,2,1,0.424410820007,0.45,1,1
0,1,0,0.32204413414,0.45,-2,1
1,1,1,0.412322044373,0.45,1,1
3,2,0,0.230865955353,0.45,-2,1
1,1,1,0.513457775116,0.45,-1,1
0,0,1,0.392378091812,0.45,1,1
3,3,1,0.363567113876,0.45,1,1
0,0,1,0.495461940765,0.45,-1,1
2,2,1,0.410467863083,0.45,1,1
1,1,1,0.266173839569,0.45,1,1
2,2,1,0.359960079193,0.45,1,1
3,3,1,0.475489139557,0.45,-1,1
2,2,1,0.404345989227,0.45,1,1
3,-1,0,0.7,0.45,-2,1
0,3,0,0.0587439537048,0.45,-2,1
1,-1,0,0.7,0.45,-2,1
3,3,1,0.616827964783,0.45,-1,1
1,1,1,0.564750909805,0.45,-1,1
0,0,1,0.408884048462,0.45,1,1
3,3,1,0.413328170776,0.45,1,1
2,2,1,0.393253803253,0.45,1,1
1,1,1,0.348808050156,0.45,1,1
2,2,1,0.349092006683,0.45,1,1
0,0,1,0.354419946671,0.45,1,1
2,2,1,0.315823078156,0.45,1,1
0,0,1,0.399564981461,0.45,1,1
3,3,1,0.465696811676,0.45,-1,1
1,0,0,0.391038894653,0.45,-2,1
3,3,1,0.409837007523,0.45,1,1
0,0,1,0.340381860733,0.45,1,1
1,1,1,0.664366960526,0.45,-1,1
2,2,1,0.436713933945,0.45,1,1
1,0,0,0.422075033188,0.45,-2,1
0,0,1,0.338732004166,0.45,1,1
2,2,1,0.299395084381,0.45,1,1
3,3,1,0.271430015564,0.45,1,1
2,2,1,0.454144954681,0.45,-1,1
3,3,1,0.503896951675,0.45,-1,1
1,1,1,0.515287160873,0.45,-1,1
0,0,1,0.363461017609,0.45,1,1
1,1,1,0.416836023331,0.45,1,1
3,3,1,0.333692789078,0.45,1,1
0,0,1,0.456458806992,0.45,-1,1
3,2,0,0.433657169342,0.45,-2,1
2,2,1,0.445538043976,0.45,1,1
1,1,1,0.393632173538,0.45,1,1
2,2,1,0.486395120621,0.45,-1,1
0,0,1,0.376340866089,0.45,1,1
2,3,0,0.37748003006,0.45,-2,1
3,3,1,0.364876031876,0.45,1,1
0,0,1,0.375868082047,0.45,1,1
1,1,1,0.479115009308,0.45,-1,1
3,3,1,0.38515996933,0.45,1,1
1,1,1,0.497954845428,0.45,-1,1
0,0,1,0.341413974762,0.45,1,1
2,2,1,0.304342985153,0.45,1,1
0,0,1,0.452766895294,0.45,-1,1
3,2,0,0.350746154785,0.45,-2,1
2,2,1,0.362315177917,0.45,1,1
1,1,1,0.447001934052,0.45,1,1
2,3,0,0.416088819504,0.45,-2,1
1,1,1,0.534244060516,0.45,-1,1
0,0,1,0.402238845825,0.45,1,1
3,3,1,0.30979681015,0.45,1,1
0,1,0,0.43715596199,0.45,-2,1
1,1,1,0.434051036835,0.45,1,1
3,3,1,0.45606303215,0.45,-1,1
2,2,1,0.283093214035,0.45,1,1
3,3,1,0.374026060104,0.45,1,1
1,1,1,0.344541072845,0.45,1,1
2,2,1,0.396577119827,0.45,1,1
0,0,1,0.246787071228,0.45,1,1
2,2,1,0.307478904724,0.45,1,1
1,1,1,0.298858880997,0.45,1,1
0,0,1,0.392429113388,0.45,1,1
3,3,1,0.353038787842,0.45,1,1
1,0,0,0.388880968094,0.45,-2,1
3,3,1,0.52910900116,0.45,-1,1
0,0,1,0.371088981628,0.45,1,1
1,1,1,0.440124034882,0.45,1,1
2,2,1,0.283817052841,0.45,1,1
3,3,1,0.342949151993,0.45,1,1
2,2,1,0.432297945023,0.45,1,1
0,0,1,0.230077981949,0.45,1,1
2,2,1,0.383352994919,0.45,1,1
3,3,1,0.457801103592,0.45,-1,1
1,1,1,0.32551407814,0.45,1,1
0,0,1,0.211918115616,0.45,1,1
3,2,0,0.366078138351,0.45,-2,1
0,0,1,0.488761901855,0.45,-1,1
1,1,1,0.563544988632,0.45,-1,1
3,3,1,0.510376930237,0.45,-1,1
2,2,1,0.0839791297913,0.45,1,1
0,1,0,0.317006111145,0.45,-2,1
2,2,1,0.418987989426,0.45,1,1
1,1,1,0.325217008591,0.45,1,1
2,2,1,0.454688072205,0.45,-1,1
1,0,0,0.475091934204,0.45,-2,1
3,3,1,0.431139945984,0.45,1,1
0,0,1,0.235032081604,0.45,1,1
3,3,1,0.470499992371,0.45,-1,1
1,0,0,0.46356010437,0.45,-2,1
0,0,1,0.497611999512,0.45,-1,1
1,0,0,0.534991979599,0.45,-2,1
2,2,1,0.442193031311,0.45,1,1
3,-1,0,0.7,0.45,-2,1
2,3,0,0.121990919113,0.45,-2,1
0,-1,0,0.7,0.45,-2,1
2,0,0,0.053375005722,0.45,-2,1
3,3,1,0.616958141327,0.45,-1,1
0,0,1,0.475708961487,0.45,-1,1
1,1,1,0.256651163101,0.45,1,1
3,3,1,0.386276006699,0.45,1,1
1,1,1,0.647974967957,0.45,-1,1
0,0,1,0.384701013565,0.45,1,1
2,2,1,0.301381826401,0.45,1,1
0,0,1,0.39418387413,0.45,1,1
3,3,1,0.411714076996,0.45,1,1
2,2,1,0.366717100143,0.45,1,1
1,1,1,0.324128866196,0.45,1,1
2,2,1,0.278814077377,0.45,1,1
3,3,1,0.359951019287,0.45,1,1
0,0,1,0.276160001755,0.45,1,1
1,0,0,0.415189027786,0.45,-2,1
3,3,1,0.59598493576,0.45,-1,1
1,1,1,0.511116027832,0.45,-1,1
0,0,1,0.402889966965,0.45,1,1
2,1,0,0.313772916794,0.45,-2,1
0,-1,0,0.7,0.45,-2,1
3,0,0,0.0129849910736,0.45,-2,1
2,-1,0,0.7,0.45,-2,1
1,1,1,0.568171977997,0.45,-1,1
2,2,1,0.413805961609,0.45,1,1
3,3,1,0.482283830643,0.45,-1,1
1,1,1,0.476072072983,0.45,-1,1
0,0,1,0.333683013916,0.45,1,1
1,0,0,0.488969087601,0.45,-2,1
3,3,1,0.333739042282,0.45,1,1
0,0,1,0.472278118134,0.45,-1,1
3,3,1,0.429076910019,0.45,1,1
2,2,1,0.464700937271,0.45,-1,1
1,1,1,0.324235916138,0.45,1,1
2,2,1,0.374317884445,0.45,1,1
0,0,1,0.33530497551,0.45,1,1
2,2,1,0.274940013885,0.45,1,1
0,0,1,0.343418836594,0.45,1,1
1,1,1,0.472458124161,0.45,-1,1
3,3,1,0.331085920334,0.45,1,1
1,1,1,0.40753698349,0.45,1,1
0,0,1,0.314124107361,0.45,1,1
3,3,1,0.37630200386,0.45,1,1
2,2,1,0.393206119537,0.45,1,1
1,1,1,0.387822151184,0.45,1,1
2,2,1,0.383559942245,0.45,1,1
3,3,1,0.398215055466,0.45,1,1
0,0,1,0.414563179016,0.45,1,1
2,2,1,0.434966802597,0.45,1,1
0,0,1,0.572700023651,0.45,-1,1
1,1,1,0.593019962311,0.45,-1,1
3,3,1,0.366091966629,0.45,1,1
1,1,1,0.433751106262,0.45,1,1
0,0,1,0.290864944458,0.45,1,1
3,3,1,0.296723127365,0.45,1,1
2,2,1,0.283210992813,0.45,1,1
1,1,1,0.262964010239,0.45,1,1
2,2,1,0.343430042267,0.45,1,1
3,3,1,0.333416223526,0.45,1,1
0,0,1,0.236901044846,0.45,1,1
2,2,1,0.351923942566,0.45,1,1
1,1,1,0.316703081131,0.45,1,1
3,2,0,0.286634922028,0.45,-2,1
0,0,1,0.348526954651,0.45,1,1
1,2,0,0.381100177765,0.45,-2,1
0,0,1,0.441113948822,0.45,1,1
3,3,1,0.414618968964,0.45,1,1
2,2,1,0.431689023972,0.45,1,1
0,0,1,0.387392997742,0.45,1,1
2,2,1,0.336283922195,0.45,1,1
3,1,0,0.114221811295,0.45,-2,1
1,1,1,0.254400014877,0.45,1,1
2,2,1,0.465165138245,0.45,-1,1
3,3,1,0.380372047424,0.45,1,1
1,0,0,0.263369083405,0.45,-2,1
0,0,1,0.315980911255,0.45,1,1
3,2,0,0.294816017151,0.45,-2,1
0,0,1,0.443272829056,0.45,1,1
1,1,1,0.563837051392,0.45,-1,1
3,3,1,0.367185115814,0.45,1,1
2,1,0,0.345927000046,0.45,-2,1
0,0,1,0.525393009186,0.45,-1,1
2,2,1,0.370249986649,0.45,1,1
1,2,0,0.230252027512,0.45,-2,1
2,2,1,0.312038898468,0.45,1,1
3,3,1,0.305838823318,0.45,1,1
0,0,1,0.279355049133,0.45,1,1
1,1,1,0.395983934402,0.45,1,1
3,3,1,0.325601100922,0.45,1,1
1,1,1,0.414546966553,0.45,1,1
0,0,1,0.420142889023,0.45,1,1
3,3,1,0.414900064468,0.45,1,1
2,2,1,0.41942691803,0.45,1,1
1,1,1,0.318400859833,0.45,1,1
2,2,1,0.378084897995,0.45,1,1
0,0,1,0.290369987488,0.45,1,1
2,2,1,0.334321975708,0.45,1,1
1,1,1,0.348042011261,0.45,1,1
3,3,1,0.262110948563,0.45,1,1
0,0,1,0.361362934113,0.45,1,1
3,3,1,0.507693052292,0.45,-1,1
1,1,1,0.439697027206,0.45,1,1
0,0,1,0.337064027786,0.45,1,1
2,2,1,0.318204164505,0.45,1,1
3,3,1,0.295614004135,0.45,1,1
2,2,1,0.394776105881,0.45,1,1
0,0,1,0.351897001266,0.45,1,1
1,1,1,0.315773963928,0.45,1,1
2,3,0,0.252173900604,0.45,-2,1
2,2,1,0.505862951279,0.45,-1,2
3,3,1,0.395845890045,0.45,1,2
1,1,1,0.303776025772,0.45,1,2
0,0,1,0.235230922699,0.45,1,2
1,1,1,0.379655838013,0.45,1,2
3,2,0,0.327847003937,0.45,-2,2
0,0,1,0.395680904388,0.45,1,2
3,2,0,0.329720973969,0.45,-2,2
2,2,1,0.347816944122,0.45,1,2
1,1,1,0.312305927277,0.45,1,2
2,2,1,0.331326007843,0.45,1,2
0,0,1,0.293096065521,0.45,1,2
2,2,1,0.278664112091,0.45,1,2
3,3,1,0.363987922668,0.45,1,2
0,0,1,0.405523061752,0.45,1,2
1,1,1,0.35289812088,0.45,1,2
3,3,1,0.428956985474,0.45,1,2
1,2,0,0.415345191956,0.45,-2,2
0,0,1,0.442332029343,0.45,1,2
2,1,0,0.408165931702,0.45,-2,2
0,1,0,0.450897932053,0.45,-2,2
3,3,1,0.406601905823,0.45,1,2
2,2,1,0.446902036667,0.45,1,2
1,1,1,0.403657913208,0.45,1,2
2,2,1,0.359276771545,0.45,1,2
1,0,0,0.402369976044,0.45,-2,2
0,0,1,0.35081911087,0.45,1,2
3,3,1,0.34251499176,0.45,1,2
1,1,1,0.42883014679,0.45,1,2
3,3,1,0.415153980255,0.45,1,2
0,0,1,0.370974063873,0.45,1,2
2,2,1,0.359983921051,0.45,1,2
3,3,1,0.391505002975,0.45,1,2
2,2,1,0.421971797943,0.45,1,2
0,0,1,0.335446119308,0.45,1,2
1,0,0,0.425191164017,0.45,-2,2
2,3,0,0.399459838867,0.45,-2,2
0,0,1,0.423983812332,0.45,1,2
3,3,1,0.323293924332,0.45,1,2
1,1,1,0.440938949585,0.45,1,2
0,0,1,0.435822963715,0.45,1,2
1,1,1,0.502131223679,0.45,-1,2
3,3,1,0.360319137573,0.45,1,2
2,2,1,0.291206121445,0.45,1,2
3,2,0,0.398510932922,0.45,-2,2
0,0,1,0.372422933578,0.45,1,2
2,2,1,0.396413087845,0.45,1,2
1,1,1,0.281584024429,0.45,1,2
2,2,1,0.454555988312,0.45,-1,2
1,1,1,0.584409952164,0.45,-1,2
3,3,1,0.397989034653,0.45,1,2
0,0,1,0.294564008713,0.45,1,2
1,0,0,0.394300937653,0.45,-2,2
0,0,1,0.485851049423,0.45,-1,2
3,3,1,0.441334962845,0.45,1,2
2,2,1,0.413204908371,0.45,1,2
3,3,1,0.512951135635,0.45,-1,2
1,1,1,0.504088878632,0.45,-1,2
2,2,1,0.406349897385,0.45,1,2
0,0,1,0.287858009338,0.45,1,2
2,2,1,0.298681020737,0.45,1,2
3,3,1,0.325664043427,0.45,1,2
1,1,1,0.32265496254,0.45,1,2
0,0,1,0.421445846558,0.45,1,2
1,1,1,0.663571119308,0.45,-1,2
3,3,1,0.390213012695,0.45,1,2
0,0,1,0.477580070496,0.45,-1,2
3,3,1,0.364421129227,0.45,1,2
2,2,1,0.37665104866,0.45,1,2
1,1,1,0.279806137085,0.45,1,2
2,2,1,0.302967071533,0.45,1,2
0,0,1,0.367547988892,0.45,1,2
2,3,0,0.266723155975,0.45,-2,2
3,3,1,0.317379951477,0.45,1,2
0,0,1,0.339689016342,0.45,1,2
1,1,1,0.389116048813,0.45,1,2
3,3,1,0.398776054382,0.45,1,2
1,2,0,0.529203176498,0.45,-2,2
0,0,1,0.430054187775,0.45,1,2
2,2,1,0.359721899033,0.45,1,2
0,0,1,0.562981128693,0.45,-1,2
3,3,1,0.376227855682,0.45,1,2
2,2,1,0.313338041306,0.45,1,2
1,1,1,0.278970003128,0.45,1,2
2,2,1,0.2427110672,0.45,1,2
0,0,1,0.270099163055,0.45,1,2
1,0,0,0.342931032181,0.45,-2,2
3,3,1,0.325407028198,0.45,1,2
0,0,1,0.391352891922,0.45,1,2
3,3,1,0.514437913895,0.45,-1,2
1,1,1,0.431078195572,0.45,1,2
0,0,1,0.426326990128,0.45,1,2
2,2,1,0.341965198517,0.45,1,2
1,1,1,0.280427932739,0.45,1,2
2,3,0,0.244225978851,0.45,-2,2
3,3,1,0.35080909729,0.45,1,2
2,2,1,0.449440002441,0.45,1,2
0,0,1,0.277956962585,0.45,1,2
1,1,1,0.294393062592,0.45,1,2
3,2,0,0.347460985184,0.45,-2,2
1,0,0,0.304454088211,0.45,-2,2
0,0,1,0.355707168579,0.45,1,2
3,2,0,0.35649895668,0.45,-2,2
0,0,1,0.473531961441,0.45,-1,2
2,2,1,0.381295919418,0.45,1,2
3,3,1,0.390177965164,0.45,1,2
2,3,0,0.434170007706,0.45,-2,2
1,1,1,0.447224855423,0.45,1,2
2,2,1,0.437887191772,0.45,1,2
1,1,1,0.411791086197,0.45,1,2
0,0,1,0.406576871872,0.45,1,2
3,3,1,0.388195037842,0.45,1,2
1,1,1,0.405431032181,0.45,1,2
3,3,1,0.423685073853,0.45,1,2
0,0,1,0.366268873215,0.45,1,2
2,1,0,0.441087961197,0.45,-2,2
3,2,0,0.482477903366,0.45,-2,2
2,1,0,0.445828199387,0.45,-2,2
0,0,1,0.448912143707,0.45,1,2
1,1,1,0.294456958771,0.45,1,2
2,2,1,0.374558925629,0.45,1,2
1,1,1,0.609194993973,0.45,-1,2
3,3,1,0.383360862732,0.45,1,2
0,0,1,0.458927869797,0.45,-1,2
3,3,1,0.50017118454,0.45,-1,2
1,0,0,0.454616069794,0.45,-2,2
0,0,1,0.467452049255,0.45,-1,2
1,1,1,0.624078989029,0.45,-1,2
2,2,1,0.370558023453,0.45,1,2
3,3,1,0.382858037949,0.45,1,2
2,2,1,0.520148038864,0.45,-1,2
0,0,1,0.360985994339,0.45,1,2
2,3,0,0.429137945175,0.45,-2,2
0,0,1,0.631412982941,0.45,-1,2
1,0,0,0.437151908875,0.45,-2,2
3,3,1,0.497861862183,0.45,-1,2
0,0,1,0.442392110825,0.45,1,2
3,3,1,0.433331012726,0.45,1,2
1,1,1,0.412207126617,0.45,1,2
0,0,1,0.37205696106,0.45,1,2
2,2,1,0.35054898262,0.45,1,2
1,1,1,0.438365936279,0.45,1,2
2,2,1,0.425293922424,0.45,1,2
3,3,1,0.388703107834,0.45,1,2
2,2,1,0.526475906372,0.45,-1,2
3,3,1,0.504358053207,0.45,-1,2
0,0,1,0.366005182266,0.45,1,2
1,1,1,0.29453086853,0.45,1,2
0,2,0,0.236750841141,0.45,-2,2
3,-1,0,0.7,0.45,-2,2
1,3,0,0.0644299983978,0.45,-2,2
3,2,0,0.530955076218,0.45,-2,2
2,2,1,0.446724176407,0.45,1,2
0,0,1,0.411242008209,0.45,1,2
2,2,1,0.334583044052,0.45,1,2
1,1,1,0.255370855331,0.45,1,2
2,3,0,0.311229944229,0.45,-2,2
0,0,1,0.359931945801,0.45,1,2
3,3,1,0.250853061676,0.45,1,2
1,1,1,0.390468120575,0.45,1,2
3,3,1,0.506616830826,0.45,-1,2
0,0,1,0.430855035782,0.45,1,2
1,1,1,0.458391904831,0.45,-1,2
0,0,1,0.453191041946,0.45,-1,2
2,2,1,0.35827422142,0.45,1,2
3,3,1,0.304788827896,0.45,1,2
2,2,1,0.495799064636,0.45,-1,2
1,1,1,0.354169845581,0.45,1,2
2,2,1,0.373703956604,0.45,1,2
0,0,1,0.325540781021,0.45,1,2
1,1,1,0.436443090439,0.45,1,2
3,3,1,0.37422990799,0.45,1,2
1,1,1,0.480615854263,0.45,-1,2
0,0,1,0.348479032516,0.45,1,2
3,3,1,0.480126857758,0.45,-1,2
2,2,1,0.328500986099,0.45,1,2
1,1,1,0.279618024826,0.45,1,2
2,2,1,0.33003783226,0.45,1,2
3,3,1,0.316438913345,0.45,1,2
0,0,1,0.391236066818,0.45,1,2
2,2,1,0.477102994919,0.45,-1,2
3,3,1,0.439166069031,0.45,1,2
1,1,1,0.370153903961,0.45,1,2
0,0,1,0.379095077515,0.45,1,2
3,3,1,0.352436065674,0.45,1,2
0,0,1,0.449835062027,0.45,1,2
1,1,1,0.480020999908,0.45,-1,2
3,3,1,0.458708047867,0.45,-1,2
2,2,1,0.41529083252,0.45,1,2
0,0,1,0.431348800659,0.45,1,2
2,2,1,0.307114839554,0.45,1,2
1,1,1,0.357441902161,0.45,1,2
2,2,1,0.442621946335,0.45,1,2
3,3,1,0.339971065521,0.45,1,2
0,0,1,0.424335002899,0.45,1,2
1,1,1,0.47468996048,0.45,-1,2
3,3,1,0.415144920349,0.45,1,2
1,1,1,0.402167081833,0.45,1,2
0,0,1,0.327596902847,0.45,1,2
3,3,1,0.368616104126,0.45,1,2
2,2,1,0.493108987808,0.45,-1,2
0,0,1,0.398282051086,0.45,1,2
2,2,1,0.429410934448,0.45,1,2
1,1,1,0.280272006989,0.45,1,2
2,2,1,0.330022096634,0.45,1,2
3,2,0,0.330769062042,0.45,-2,2
0,0,1,0.288735866547,0.45,1,2
1,0,0,0.37042593956,0.45,-2,2
3,3,1,0.343163967133,0.45,1,2
1,1,1,0.511929988861,0.45,-1,2
0,0,1,0.333729028702,0.45,1,2
3,3,1,0.471502065659,0.45,-1,2
2,2,1,0.380275964737,0.45,1,2
0,0,1,0.373188018799,0.45,1,2
2,2,1,0.282067060471,0.45,1,2
1,1,1,0.261093139648,0.45,1,2
2,2,1,0.369351863861,0.45,1,2
0,0,1,0.573912143707,0.45,-1,3
1,1,1,0.439074993134,0.45,1,3
3,2,0,0.354534864426,0.45,-2,3
2,2,1,0.436659812927,0.45,1,3
1,1,1,0.331076860428,0.45,1,3
2,2,1,0.366076946259,0.45,1,3
3,2,0,0.366652965546,0.45,-2,3
1,1,1,0.434144973755,0.45,1,3
0,0,1,0.351266860962,0.45,1,3
2,2,1,0.272053956985,0.45,1,3
0,0,1,0.387815952301,0.45,1,3
3,3,1,0.366982936859,0.45,1,3
0,0,1,0.594907999039,0.45,-1,3
2,2,1,0.398843050003,0.45,1,3
3,3,1,0.395382165909,0.45,1,3
1,1,1,0.316545009613,0.45,1,3
2,2,1,0.246778964996,0.45,1,3
1,0,0,0.308673143387,0.45,-2,3
3,2,0,0.494620084763,0.45,-2,3
0,0,1,0.473642110825,0.45,-1,3
3,3,1,0.460232973099,0.45,-1,3
2,2,1,0.429621934891,0.45,1,3
0,0,1,0.397176027298,0.45,1,3
1,1,1,0.268587827682,0.45,1,3
0,0,1,0.539736032486,0.45,-1,3
3,3,1,0.366805076599,0.45,1,3
1,1,1,0.426263093948,0.45,1,3
2,2,1,0.338600873947,0.45,1,3
3,3,1,0.406631946564,0.45,1,3
2,2,1,0.444041967392,0.45,1,3
1,1,1,0.413377046585,0.45,1,3
3,3,1,0.362646818161,0.45,1,3
0,0,1,0.284127950668,0.45,1,3
1,0,0,0.359196186066,0.45,-2,3
0,0,1,0.482908964157,0.45,-1,3
2,2,1,0.421135902405,0.45,1,3
0,0,1,0.337939977646,0.45,1,3
1,1,1,0.316263914108,0.45,1,3
3,3,1,0.313506126404,0.45,1,3
2,2,1,0.412212133408,0.45,1,3
1,1,1,0.311709880829,0.45,1,3
2,2,1,0.344238042831,0.45,1,3
3,3,1,0.2748939991,0.45,1,3
0,0,1,0.286144018173,0.45,1,3
2,3,0,0.356999158859,0.45,-2,3
0,0,1,0.392795085907,0.45,1,3
3,3,1,0.393602132797,0.45,1,3
1,1,1,0.295345067978,0.45,1,3
0,0,1,0.448500871658,0.45,1,3
2,2,1,0.346754074097,0.45,1,3
1,-1,0,0.7,0.45,-2,3
3,1,0,0.162097930908,0.45,-2,3
1,0,0,0.387825965881,0.45,-2,3
2,2,1,0.441567897797,0.45,1,3
3,-1,0,0.7,0.45,-2,3
0,3,0,0.0811460018158,0.45,-2,3
1,1,1,0.419939994812,0.45,1,3
0,0,1,0.414526939392,0.45,1,3
3,3,1,0.353038072586,0.45,1,3
2,1,0,0.331320047379,0.45,-2,3
0,0,1,0.374987840652,0.45,1,3
3,3,1,0.433506965637,0.45,1,3
2,2,1,0.398895978928,0.45,1,3
1,-1,0,0.7,0.45,-2,3
2,2,1,0.411229133606,0.45,1,3
3,3,1,0.336032152176,0.45,1,3
1,2,0,0.473124027252,0.45,-2,3
0,0,1,0.372890949249,0.45,1,3
1,1,1,0.483354091644,0.45,-1,3
3,3,1,0.348453044891,0.45,1,3
0,0,1,0.446882009506,0.45,1,3
2,2,1,0.468560934067,0.45,-1,3
0,0,1,0.455766201019,0.45,-1,3
1,1,1,0.521385908127,0.45,-1,3
2,1,0,0.486363887787,0.45,-2,3
3,3,1,0.367922067642,0.45,1,3
1,0,0,0.362919092178,0.45,-2,3
3,3,1,0.373263120651,0.45,1,3
2,2,1,0.362281799316,0.45,1,3
1,1,1,0.429166078568,0.45,1,3
0,0,1,0.362574100494,0.45,1,3
2,2,1,0.380260944366,0.45,1,3
0,0,1,0.376652002335,0.45,1,3
3,3,1,0.417512178421,0.45,1,3
0,0,1,0.444483041763,0.45,1,3
1,1,1,0.449305057526,0.45,1,3
3,3,1,0.395963907242,0.45,1,3
2,2,1,0.368641138077,0.45,1,3
1,0,0,0.304819107056,0.45,-2,3
2,2,1,0.349417924881,0.45,1,3
3,3,1,0.362051963806,0.45,1,3
1,1,1,0.308239936829,0.45,1,3
0,0,1,0.352962017059,0.45,1,3
3,3,1,0.402522087097,0.45,1,3
0,0,1,0.431011915207,0.45,1,3
2,2,1,0.306565999985,0.45,1,3
0,0,1,0.420392990112,0.45,1,3
2,2,1,0.441222906113,0.45,1,3
1,1,1,0.308792829514,0.45,1,3
3,3,1,0.317584037781,0.45,1,3
1,1,1,0.593987941742,0.45,-1,3
2,2,1,0.388493061066,0.45,1,3
3,3,1,0.273231983185,0.45,1,3
0,0,1,0.402307987213,0.45,1,3
3,3,1,0.46076798439,0.45,-1,3
2,2,1,0.447201013565,0.45,1,3
0,0,1,0.38706612587,0.45,1,3
1,1,1,0.297649860382,0.45,1,3
0,0,1,0.388566017151,0.45,1,3
2,1,0,0.335968971252,0.45,-2,3
3,3,1,0.290911912918,0.45,1,3
1,1,1,0.348848819733,0.45,1,3
3,2,0,0.384526968002,0.45,-2,3
2,2,1,0.461578845978,0.45,-1,3
1,1,1,0.496917963028,0.45,-1,3
0,0,1,0.347011089325,0.45,1,3
3,3,1,0.351425886154,0.45,1,3
0,0,1,0.440107107162,0.45,1,3
1,1,1,0.4666929245,0.45,-1,3
2,2,1,0.29518198967,0.45,1,3
0,0,1,0.378527879715,0.45,1,3
1,1,1,0.366725921631,0.45,1,3
3,3,1,0.323369979858,0.45,1,3
2,2,1,0.414587020874,0.45,1,3
1,0,0,0.327599048615,0.45,-2,3
2,2,1,0.452507972717,0.45,-1,3
3,3,1,0.407932043076,0.45,1,3
0,0,1,0.424717903137,0.45,1,3
3,3,1,0.508229970932,0.45,-1,3
1,1,1,0.40873003006,0.45,1,3
0,0,1,0.386566162109,0.45,1,3
2,2,1,0.283983945847,0.45,1,3
0,0,1,0.506492137909,0.45,-1,3
1,1,1,0.573172092438,0.45,-1,3
3,3,1,0.376592874527,0.45,1,3
2,2,1,0.29909491539,0.45,1,3
1,1,1,0.309468984604,0.45,1,3
2,2,1,0.408708095551,0.45,1,3
3,3,1,0.365218877792,0.45,1,3
0,0,1,0.369811058044,0.45,1,3
3,3,1,0.38089799881,0.45,1,3
1,1,1,0.452883958817,0.45,-1,3
0,0,1,0.395266056061,0.45,1,3
2,2,1,0.259819984436,0.45,1,3
0,0,1,0.442697048187,0.45,1,3
3,3,1,0.353750944138,0.45,1,3
2,1,0,0.309468984604,0.45,-2,3
1,0,0,0.345999002457,0.45,-2,3
3,3,1,0.403799057007,0.45,1,3
1,1,1,0.513654947281,0.45,-1,3
2,2,1,0.318073987961,0.45,1,3
3,3,1,0.383539915085,0.45,1,3
0,0,1,0.459024906158,0.45,-1,3
2,2,1,0.295243024826,0.45,1,3
0,0,1,0.424741983414,0.45,1,3
1,1,1,0.357357978821,0.45,1,3
0,3,0,0.281981945038,0.45,-2,3
3,3,1,0.37153506279,0.45,1,3
1,2,0,0.220935821533,0.45,-2,3
2,2,1,0.25722694397,0.45,1,3
3,3,1,0.350005865097,0.45,1,3
2,2,1,0.390235900879,0.45,1,3
1,1,1,0.354972839355,0.45,1,3
3,2,0,0.383203029633,0.45,-2,3
0,0,1,0.379306077957,0.45,1,3
1,1,1,0.347990036011,0.45,1,3
0,0,1,0.448209047318,0.45,1,3
2,2,1,0.301151990891,0.45,1,3
0,0,1,0.358876943588,0.45,1,3
3,3,1,0.323525905609,0.45,1,3
2,1,0,0.342447042465,0.45,-2,3
1,1,1,0.304803133011,0.45,1,3
2,2,1,0.323234081268,0.45,1,3
3,3,1,0.337142944336,0.45,1,3
1,0,0,0.313895940781,0.45,-2,3
0,0,1,0.367141008377,0.45,1,3
2,2,1,0.287735939026,0.45,1,3
0,0,1,0.37885093689,0.45,1,3
1,2,0,0.357621908188,0.45,-2,3
3,2,0,0.377006053925,0.45,-2,3
0,0,1,0.460919141769,0.45,-1,3
3,3,1,0.433711051941,0.45,1,3
2,2,1,0.277901172638,0.45,1,3
1,1,1,0.279944896698,0.45,1,3
3,3,1,0.459912061691,0.45,-1,3
1,1,1,0.406121969223,0.45,1,3
2,2,1,0.352165937424,0.45,1,3
3,3,1,0.414496183395,0.45,1,3
0,0,1,0.301990032196,0.45,1,3
1,-1,0,0.7,0.45,-2,3
0,0,1,0.406810998917,0.45,1,3
2,2,1,0.345247030258,0.45,1,3
0,0,1,0.462835073471,0.45,-1,3
2,2,1,0.478893995285,0.45,-1,3
3,3,1,0.372189998627,0.45,1,3
1,1,1,0.432604074478,0.45,1,3
3,3,1,0.480614900589,0.45,-1,3
2,2,1,0.43869805336,0.45,1,3
1,0,0,0.359844923019,0.45,-2,3
2,2,1,0.372019052505,0.45,1,3
0,0,1,0.318747997284,0.45,1,3
1,1,1,0.416996955872,0.45,1,3
0,1,0,0.566765069962,0.45,-2,3
3,3,1,0.375790834427,0.45,1,3
0,0,1,0.443636894226,0.45,1,3
1,1,1,0.406698942184,0.45,1,3
3,3,1,0.380745172501,0.45,1,3
2,2,1,0.383846998215,0.45,1,3
3,3,1,0.416965007782,0.45,1,3
1,1,1,0.310530900955,0.45,1,3
2,2,1,0.377746105194,0.45,1,3
0,0,1,0.322115182877,0.45,1,3
3,3,1,0.364009857178,0.45,1,3
0,0,1,0.434023141861,0.45,1,3
2,2,1,0.334054946899,0.45,1,3
1,1,1,0.295145988464,0.45,1,3
0,0,1,0.40220284462,0.45,1,3
3,3,1,0.388072013855,0.45,1,4
2,2,1,0.352267026901,0.45,1,4
1,1,1,0.305434942245,0.45,1,4
0,0,1,0.341835021973,0.45,1,4
1,1,1,0.43109703064,0.45,1,4
2,2,1,0.307579994202,0.45,1,4
0,0,1,0.296811819077,0.45,1,4
2,2,1,0.283357143402,0.45,1,4
3,3,1,0.403033018112,0.45,1,4
0,0,1,0.318628072739,0.45,1,4
3,3,1,0.378174066544,0.45,1,4
1,1,1,0.421039819717,0.45,1,4
3,3,1,0.514312028885,0.45,-1,4
0,0,1,0.412519931793,0.45,1,4
2,2,1,0.297955036163,0.45,1,4
1,1,1,0.283247947693,0.45,1,4
0,0,1,0.318750858307,0.45,1,4
1,1,1,0.45751786232,0.45,-1,4
2,3,0,0.33268904686,0.45,-2,4
3,3,1,0.303740024567,0.45,1,4
2,1,0,0.364293813705,0.45,-2,4
0,0,1,0.414254903793,0.45,1,4
3,3,1,0.426744937897,0.45,1,4
1,1,1,0.364809036255,0.45,1,4
3,3,1,0.385405063629,0.45,1,4
1,0,0,0.37372803688,0.45,-2,4
0,0,1,0.289270162582,0.45,1,4
2,2,1,0.314408063889,0.45,1,4
0,0,1,0.430894851685,0.45,1,4
1,1,1,0.490746974945,0.45,-1,4
2,1,0,0.414784908295,0.45,-2,4
1,1,1,0.513616085052,0.45,-1,4
3,3,1,0.437871932983,0.45,1,4
2,2,1,0.326767921448,0.45,1,4
3,3,1,0.442324876785,0.45,1,4
0,0,1,0.341583967209,0.45,1,4
3,3,1,0.41671705246,0.45,1,4
0,0,1,0.405413866043,0.45,1,4
2,2,1,0.336116075516,0.45,1,4
1,1,1,0.336259126663,0.45,1,4
0,0,1,0.387721061707,0.45,1,4
1,1,1,0.503211975098,0.45,-1,4
2,2,1,0.379082918167,0.45,1,4
0,0,1,0.392400979996,0.45,1,4
3,3,1,0.322153091431,0.45,1,4
2,2,1,0.27833199501,0.45,1,4
3,3,1,0.435281991959,0.45,1,4
1,0,0,0.443810939789,0.45,-2,4
3,3,1,0.517693996429,0.45,-1,4
1,1,1,0.530296087265,0.45,-1,4
0,0,1,0.398715019226,0.45,1,4
2,2,1,0.288502931595,0.45,1,4
1,1,1,0.316763877869,0.45,1,4
2,2,1,0.38440990448,0.45,1,4
0,0,1,0.353656053543,0.45,1,4
3,3,1,0.30997300148,0.45,1,4
0,0,1,0.41001701355,0.45,1,4
1,1,1,0.498992919922,0.45,-1,4
3,3,1,0.376653194427,0.45,1,4
2,2,1,0.354439020157,0.45,1,4
3,2,0,0.422045946121,0.45,-2,4
2,2,1,0.435446023941,0.45,1,4
1,1,1,0.35551905632,0.45,1,4
0,0,1,0.263499975204,0.45,1,4
1,1,1,0.411219835281,0.45,1,4
2,1,0,0.493447065353,0.45,-2,4
0,0,1,0.456294059753,0.45,-1,4
3,3,1,0.453086853027,0.45,-1,4
1,1,1,0.418123960495,0.45,1,4
3,3,1,0.427940130234,0.45,1,4
0,0,1,0.448868989944,0.45,1,4
2,2,1,0.394674062729,0.45,1,4
3,3,1,0.422471046448,0.45,1,4
1,1,1,0.456913948059,0.45,-1,4
0,0,1,0.357630968094,0.45,1,4
2,2,1,0.278244018555,0.45,1,4
0,0,1,0.321972846985,0.45,1,4
1,2,0,0.397061109543,0.45,-2,4
2,3,0,0.392884969711,0.45,-2,4
3,3,1,0.35567688942,0.45,1,4
0,0,1,0.401365041733,0.45,1,4
3,3,1,0.562201023102,0.45,-1,4
2,2,1,0.327525854111,0.45,1,4
1,1,1,0.567789077759,0.45,-1,4
3,2,0,0.403247833252,0.45,-2,4
0,0,1,0.433382987976,0.45,1,4
1,2,0,0.291929960251,0.45,-2,4
2,2,1,0.26925110817,0.45,1,4
1,1,1,0.531045913696,0.45,-1,4
0,0,1,0.430160999298,0.45,1,4
2,3,0,0.353589057922,0.45,-2,4
0,0,1,0.390017032623,0.45,1,4
3,3,1,0.430199146271,0.45,1,4
2,2,1,0.305948019028,0.45,1,4
3,3,1,0.421014070511,0.45,1,4
1,0,0,0.379127979279,0.45,-2,4
3,3,1,0.450084924698,0.45,-1,4
0,0,1,0.393078804016,0.45,1,4
1,0,0,0.46687412262,0.45,-2,4
2,2,1,0.318943023682,0.45,1,4
1,1,1,0.554898023605,0.45,-1,4
0,0,1,0.346772193909,0.45,1,4
2,2,1,0.277966976166,0.45,1,4
0,1,0,0.482878923416,0.45,-2,4
3,0,0,0.182093858719,0.45,-2,4
2,2,1,0.553136110306,0.45,-1,4
3,3,1,0.450745820999,0.45,-1,4
1,1,1,0.27242898941,0.45,1,4
3,3,1,0.321251153946,0.45,1,4
2,2,1,0.398383140564,0.45,1,4
1,1,1,0.419242858887,0.45,1,4
0,0,1,0.310970067978,0.45,1,4
2,2,1,0.303111076355,0.45,1,4
0,0,1,0.353847980499,0.45,1,4
1,1,1,0.432693004608,0.45,1,4
2,2,1,0.329812049866,0.45,1,4
3,3,1,0.275053977966,0.45,1,4
1,1,1,0.39942407608,0.45,1,4
3,3,1,0.450084924698,0.45,-1,4
0,0,1,0.374402999878,0.45,1,4
3,3,1,0.40059709549,0.45,1,4
1,0,0,0.427926063538,0.45,-2,4
0,0,1,0.447047948837,0.45,1,4
2,2,1,0.277735948563,0.45,1,4
1,1,1,0.447815179825,0.45,1,4
2,2,1,0.386708021164,0.45,1,4
0,0,1,0.317529916763,0.45,1,4
1,3,0,0.322942972183,0.45,-2,4
3,3,1,0.41419506073,0.45,1,4
2,2,1,0.33696603775,0.45,1,4
3,2,0,0.409665822983,0.45,-2,4
0,0,1,0.396568059921,0.45,1,4
3,3,1,0.441549777985,0.45,1,4
2,2,1,0.379292011261,0.45,1,4
1,1,1,0.368191957474,0.45,1,4
0,0,1,0.456974029541,0.45,-1,4
1,1,1,0.383481025696,0.45,1,4
2,2,1,0.383503913879,0.45,1,4
0,0,1,0.405017852783,0.45,1,4
2,3,0,0.432307958603,0.45,-2,4
3,3,1,0.388088941574,0.45,1,4
0,0,1,0.335813999176,0.45,1,4
3,3,1,0.643418073654,0.45,-1,4
1,1,1,0.389420986176,0.45,1,4
3,3,1,0.472010135651,0.45,-1,4
0,0,1,0.356902122498,0.45,1,4
1,1,1,0.345073223114,0.45,1,4
2,2,1,0.30482006073,0.45,1,4
1,3,0,0.213413000107,0.45,-2,4
0,0,1,0.626832962036,0.45,-1,4
2,3,0,0.501346111298,0.45,-2,4
3,3,1,0.40909409523,0.45,1,4
1,1,1,0.489958047867,0.45,-1,4
3,3,1,0.478870868683,0.45,-1,4
2,2,1,0.534706115723,0.45,-1,4
0,0,1,0.386250972748,0.45,1,4
3,3,1,0.377982854843,0.45,1,4
1,1,1,0.330687046051,0.45,1,4
0,0,1,0.424045085907,0.45,1,4
2,2,1,0.321257829666,0.45,1,4
1,1,1,0.582245111465,0.45,-1,4
2,2,1,0.4311439991,0.45,1,4
0,0,1,0.419122934341,0.45,1,4
1,2,0,0.408504009247,0.45,-2,4
3,3,1,0.619510889053,0.45,-1,4
0,0,1,0.363589048386,0.45,1,4
3,3,1,0.527848958969,0.45,-1,4
2,2,1,0.492400169373,0.45,-1,4
3,3,1,0.480172872543,0.45,-1,4
0,0,1,0.5197660923,0.45,-1,4
1,1,1,0.510471105576,0.45,-1,4
2,2,1,0.377421855927,0.45,1,4
1,1,1,0.625697851181,0.45,-1,4
0,0,1,0.430520057678,0.45,1,4
2,2,1,0.313431024551,0.45,1,4
0,-1,0,0.7,0.45,-2,4
3,0,0,0.0425410270691,0.45,-2,4
1,1,1,0.442182064056,0.45,1,4
3,2,0,0.333271980286,0.45,-2,4
2,2,1,0.361176013947,0.45,1,4
3,3,1,0.423544883728,0.45,1,4
1,1,1,0.45062994957,0.45,-1,4
0,0,1,0.411448001862,0.45,1,4
2,2,1,0.309897184372,0.45,1,4
0,-1,0,0.7,0.45,-2,4
1,0,0,0.0222091674805,0.45,-2,4
2,2,1,0.529049158096,0.45,-1,4
3,3,1,0.324755907059,0.45,1,4
0,0,1,0.441283941269,0.45,1,4
3,3,1,0.393152952194,0.45,1,4
2,2,1,0.37583398819,0.45,1,4
1,1,1,0.271773099899,0.45,1,4
3,2,0,0.286639213562,0.45,-2,4
0,0,1,0.241308927536,0.45,1,4
2,2,1,0.515595197678,0.45,-1,4
1,1,1,0.342833995819,0.45,1,4
0,0,1,0.376224040985,0.45,1,4
1,1,1,0.484637975693,0.45,-1,4
2,2,1,0.369751930237,0.45,1,4
3,3,1,0.308438062668,0.45,1,4
1,1,1,0.447762966156,0.45,1,4
3,3,1,0.404628038406,0.45,1,4
2,0,0,0.367061853409,0.45,-2,4
0,0,1,0.266587018967,0.45,1,4
3,3,1,0.52588891983,0.45,-1,4
0,0,1,0.454675912857,0.45,-1,4
2,2,1,0.314278841019,0.45,1,4
1,1,1,0.267668962479,0.45,1,4
2,3,0,0.248553991318,0.45,-2,4
0,0,1,0.330639123917,0.45,1,4
1,1,1,0.401085853577,0.45,1,4
0,0,1,0.618864059448,0.45,-1,4
3,3,1,0.41473197937,0.45,1,4
2,2,1,0.386880874634,0.45,1,4
3,3,1,0.452788114548,0.45,-1,4
1,2,0,0.600173950195,0.45,-2,4
3,3,1,0.516723871231,0.45,-1,4
0,0,1,0.409657001495,0.45,1,5
1,1,1,0.423387050629,0.45,1,5
2,2,1,0.299315929413,0.45,1,5
3,3,1,0.269419908524,0.45,1,5
1,1,1,0.327913999557,0.45,1,5
3,2,0,0.332172870636,0.45,-2,5
2,2,1,0.390677928925,0.45,1,5
1,1,1,0.338443994522,0.45,1,5
0,0,1,0.260475158691,0.45,1,5
3,3,1,0.32928609848,0.45,1,5
0,0,1,0.315294981003,0.45,1,5
2,2,1,0.285615921021,0.45,1,5
0,1,0,0.31215596199,0.45,-2,5
2,2,1,0.287276029587,0.45,1,5
3,2,0,0.342090845108,0.45,-2,5
1,1,1,0.483386039734,0.45,-1,5
3,2,0,0.408037900925,0.45,-2,5
2,2,1,0.51521396637,0.45,-1,5
1,1,1,0.414341926575,0.45,1,5
2,3,0,0.39261007309,0.45,-2,5
0,0,1,0.461674928665,0.45,-1,5
3,3,1,0.461714982986,0.45,-1,5
0,0,1,0.369898080826,0.45,1,5
1,2,0,0.388289213181,0.45,-2,5
0,0,1,0.416194915771,0.45,1,5
1,1,1,0.564064979553,0.45,-1,5
2,2,1,0.407850027084,0.45,1,5
3,3,1,0.276138067245,0.45,1,5
2,2,1,0.551734924316,0.45,-1,5
1,1,1,0.344048023224,0.45,1,5
3,2,0,0.372378826141,0.45,-2,5
1,1,1,0.470530986786,0.45,-1,5
0,0,1,0.361109018326,0.45,1,5
2,2,1,0.300426959991,0.45,1,5
0,0,1,0.435249090195,0.45,1,5
3,3,1,0.347796201706,0.45,1,5
0,0,1,0.497303962708,0.45,-1,5
3,2,0,0.378662109375,0.45,-2,5
2,2,1,0.432382822037,0.45,1,5
1,1,1,0.32212805748,0.45,1,5
3,3,1,0.350058078766,0.45,1,5
1,0,0,0.367854833603,0.45,-2,5
2,2,1,0.498170137405,0.45,-1,5
3,3,1,0.332500934601,0.45,1,5
0,0,1,0.505019903183,0.45,-1,5
1,1,1,0.547291994095,0.45,-1,5
0,0,1,0.471127986908,0.45,-1,5
2,2,1,0.410182952881,0.45,1,5
0,0,1,0.415251016617,0.45,1,5
2,2,1,0.571221113205,0.45,-1,5
1,1,1,0.487954854965,0.45,-1,5
3,3,1,0.329514980316,0.45,1,5
2,2,1,0.410923957825,0.45,1,5
3,2,0,0.39892911911,0.45,-2,5
1,-1,0,0.7,0.45,-2,5
0,0,1,0.461047887802,0.45,-1,5
1,1,1,0.49705696106,0.45,-1,5
2,2,1,0.341598987579,0.45,1,5
0,0,1,0.423341035843,0.45,1,5
3,3,1,0.305195093155,0.45,1,5
0,0,1,0.328016996384,0.45,1,5
1,1,1,0.379196166992,0.45,1,5
3,3,1,0.365546941757,0.45,1,5
2,2,1,0.44954419136,0.45,1,5
3,3,1,0.44131398201,0.45,1,5
1,1,1,0.389100790024,0.45,1,5
2,2,1,0.370777130127,0.45,1,5
1,0,0,0.285211086273,0.45,-2,5
0,0,1,0.2895591259,0.45,1,5
3,3,1,0.412728071213,0.45,1,5
0,0,1,0.480247974396,0.45,-1,5
2,2,1,0.338516950607,0.45,1,5
0,0,1,0.468072891235,0.45,-1,5
1,1,1,0.447009086609,0.45,1,5
2,-1,0,0.7,0.45,-2,5
3,2,0,0.16117477417,0.45,-2,5
1,1,1,0.530869007111,0.45,-1,5
3,2,0,0.404847145081,0.45,-2,5
2,2,1,0.439707994461,0.45,1,5
1,1,1,0.51683306694,0.45,-1,5
0,0,1,0.401015996933,0.45,1,5
2,2,1,0.352771997452,0.45,1,5
0,0,1,0.375953912735,0.45,1,5
3,3,1,0.274891853333,0.45,1,5
0,0,1,0.436444044113,0.45,1,5
2,2,1,0.310594081879,0.45,1,5
3,3,1,0.400376081467,0.45,1,5
1,1,1,0.267644166946,0.45,1,5
3,3,1,0.370451211929,0.45,1,5
2,2,1,0.380995035172,0.45,1,5
1,0,0,0.305169820786,0.45,-2,5
2,2,1,0.338576078415,0.45,1,5
0,0,1,0.360751152039,0.45,1,5
3,3,1,0.346998929977,0.45,1,5
0,0,1,0.358726024628,0.45,1,5
1,1,1,0.366802930832,0.45,1,5
0,0,1,0.48108792305,0.45,-1,5
2,1,0,0.39733505249,0.45,-2,5
3,3,1,0.304534196854,0.45,1,5
1,1,1,0.510979890823,0.45,-1,5
2,2,1,0.377795934677,0.45,1,5
1,1,1,0.457555055618,0.45,-1,5
3,3,1,0.375456094742,0.45,1,5
2,2,1,0.433498859406,0.45,1,5
0,0,1,0.279562950134,0.45,1,5
3,3,1,0.368808984756,0.45,1,5
0,0,1,0.475892782211,0.45,-1,5
1,1,1,0.581593990326,0.45,-1,5
0,0,1,0.45197892189,0.45,-1,5
2,2,1,0.335003137589,0.45,1,5
1,2,0,0.367640018463,0.45,-2,5
3,3,1,0.331525802612,0.45,1,5
1,1,1,0.369527101517,0.45,1,5
2,2,1,0.289412021637,0.45,1,5
3,3,1,0.380913972855,0.45,1,5
0,0,1,0.306485891342,0.45,1,5
1,1,1,0.379114151001,0.45,1,5
0,0,1,0.442093849182,0.45,1,5
3,3,1,0.347468137741,0.45,1,5
2,2,1,0.414879083633,0.45,1,5
0,0,1,0.433367967606,0.45,1,5
1,1,1,0.405621051788,0.45,1,5
3,3,1,0.31339097023,0.45,1,5
2,2,1,0.274715900421,0.45,1,5
1,0,0,0.261291980743,0.45,-2,5
2,1,0,0.383887052536,0.45,-2,5
3,3,1,0.372336864471,0.45,1,5
0,0,1,0.407779932022,0.45,1,5
2,2,1,0.404614925385,0.45,1,5
0,0,1,0.391119003296,0.45,1,5
3,-1,0,0.7,0.45,-2,5
1,3,0,0.044725894928,0.45,-2,5
0,0,1,0.391448974609,0.45,1,5
3,3,1,0.429553031921,0.45,1,5
1,0,0,0.422468900681,0.45,-2,5
2,2,1,0.372102975845,0.45,1,5
1,1,1,0.451643943787,0.45,-1,5
3,3,1,0.402709960938,0.45,1,5
2,2,1,0.429618120193,0.45,1,5
0,0,1,0.345645904541,0.45,1,5
2,2,1,0.393204927444,0.45,1,5
3,3,1,0.341718196869,0.45,1,5
0,0,1,0.322825908661,0.45,1,5
1,1,1,0.341955900192,0.45,1,5
0,0,1,0.376487970352,0.45,1,5
3,3,1,0.313599824905,0.45,1,5
2,2,1,0.342099905014,0.45,1,5
1,0,0,0.320904016495,0.45,-2,5
3,3,1,0.348738908768,0.45,1,5
1,0,0,0.303295135498,0.45,-2,5
2,2,1,0.357455015182,0.45,1,5
0,0,1,0.400084972382,0.45,1,5
2,2,1,0.370343923569,0.45,1,5
3,3,1,0.323267221451,0.45,1,5
0,0,1,0.384732961655,0.45,1,5
1,1,1,0.469113826752,0.45,-1,5
0,0,1,0.423257112503,0.45,1,5
2,2,1,0.339071989059,0.45,1,5
3,3,1,0.375419139862,0.45,1,5
1,1,1,0.416938066483,0.45,1,5
2,2,1,0.411577939987,0.45,1,5
1,0,0,0.352936983109,0.45,-2,5
3,3,1,0.363825082779,0.45,1,5
0,0,1,0.294219017029,0.45,1,5
3,3,1,0.345817089081,0.45,1,5
2,2,1,0.427309989929,0.45,1,5
0,0,1,0.400111913681,0.45,1,5
1,1,1,0.322000026703,0.45,1,5
0,0,1,0.451539993286,0.45,-1,5
1,1,1,0.584406137466,0.45,-1,5
2,2,1,0.454725980759,0.45,-1,5
3,3,1,0.296519994736,0.45,1,5
1,1,1,0.451086997986,0.45,-1,5
3,3,1,0.358025074005,0.45,1,5
2,2,1,0.322550058365,0.45,1,5
0,0,1,0.38894200325,0.45,1,5
2,2,1,0.313466787338,0.45,1,5
1,1,1,0.300708055496,0.45,1,5
0,1,0,0.363886117935,0.45,-2,5
3,3,1,0.376608133316,0.45,1,5
0,0,1,0.476707935333,0.45,-1,5
3,2,0,0.376736879349,0.45,-2,5
1,0,0,0.442170858383,0.45,-2,5
2,2,1,0.316848039627,0.45,1,5
1,1,1,0.403466939926,0.45,1,5
3,3,1,0.348797082901,0.45,1,5
2,2,1,0.522371053696,0.45,-1,5
3,3,1,0.547313928604,0.45,-1,5
0,0,1,0.368999958038,0.45,1,5
1,1,1,0.424904108047,0.45,1,5
0,0,1,0.451693058014,0.45,-1,5
2,3,0,0.36310005188,0.45,-2,5
0,0,1,0.434653043747,0.45,1,5
1,1,1,0.400702238083,0.45,1,5
3,3,1,0.340204954147,0.45,1,5
2,2,1,0.343560934067,0.45,1,5
3,3,1,0.48175406456,0.45,-1,5
1,1,1,0.379996776581,0.45,1,5
2,2,1,0.350937843323,0.45,1,5
0,0,1,0.297614812851,0.45,1,5
2,2,1,0.445788145065,0.45,1,5
1,1,1,0.483544111252,0.45,-1,5
0,0,1,0.349868059158,0.45,1,5
3,3,1,0.30439209938,0.45,1,5
0,0,1,0.427883863449,0.45,1,5
3,3,1,0.432334899902,0.45,1,5
1,1,1,0.352439165115,0.45,1,5
2,2,1,0.309644937515,0.45,1,5
1,0,0,0.400704860687,0.45,-2,5
3,3,1,0.341747045517,0.45,1,5
2,2,1,0.392376184464,0.45,1,5
0,0,1,0.299966096878,0.45,1,5
2,2,1,0.357182025909,0.45,1,5
3,3,1,0.432329893112,0.45,1,5
0,0,1,0.33029294014,0.45,1,5
1,1,1,0.375358819962,0.45,1,5
0,0,1,0.444020986557,0.45,1,5
3,3,1,0.330801010132,0.45,1,6
1,1,1,0.399850130081,0.45,1,6
0,0,1,0.360455989838,0.45,1,6
2,2,1,0.282470941544,0.45,1,6
1,1,1,0.270931005478,0.45,1,6
2,2,1,0.316628217697,0.45,1,6
0,0,1,0.339344024658,0.45,1,6
3,3,1,0.344385147095,0.45,1,6
2,2,1,0.330942153931,0.45,1,6
3,2,0,0.358850002289,0.45,-2,6
0,0,1,0.393249988556,0.45,1,6
1,1,1,0.414619207382,0.45,1,6
3,3,1,0.41885304451,0.45,1,6
1,1,1,0.42987203598,0.45,1,6
2,2,1,0.337946891785,0.45,1,6
0,0,1,0.291260004044,0.45,1,6
2,2,1,0.310865879059,0.45,1,6
1,1,1,0.283325910568,0.45,1,6
0,0,1,0.338792085648,0.45,1,6
3,3,1,0.286910057068,0.45,1,6
2,2,1,0.37991309166,0.45,1,6
3,3,1,0.412373065948,0.45,1,6
0,0,1,0.368874073029,0.45,1,6
1,1,1,0.343120098114,0.45,1,6
3,3,1,0.391034126282,0.45,1,6
0,0,1,0.404381036758,0.45,1,6
2,2,1,0.279110908508,0.45,1,6
1,1,1,0.250978946686,0.45,1,6
2,2,1,0.301447868347,0.45,1,6
0,0,1,0.330221891403,0.45,1,6
1,1,1,0.47712802887,0.45,-1,6
3,3,1,0.352283000946,0.45,1,6
1,1,1,0.348254919052,0.45,1,6
0,0,1,0.317492008209,0.45,1,6
3,3,1,0.367520093918,0.45,1,6
2,1,0,0.377857923508,0.45,-2,6
3,3,1,0.462706804276,0.45,-1,6
1,1,1,0.393018007278,0.45,1,6
2,2,1,0.349037885666,0.45,1,6
0,0,1,0.295887947083,0.45,1,6
2,2,1,0.28601193428,0.45,1,6
1,1,1,0.256326913834,0.45,1,6
0,0,1,0.29892206192,0.45,1,6
1,1,1,0.477360010147,0.45,-1,6
3,3,1,0.344486951828,0.45,1,6
0,1,0,0.413741827011,0.45,-2,6
3,2,0,0.425497055054,0.45,-2,6
2,2,1,0.413599967957,0.45,1,6
3,3,1,0.605309963226,0.45,-1,6
1,2,0,0.408960819244,0.45,-2,6
2,2,1,0.388646841049,0.45,1,6
0,0,1,0.264366865158,0.45,1,6
2,2,1,0.364134073257,0.45,1,6
1,1,1,0.304084062576,0.45,1,6
0,0,1,0.347769021988,0.45,1,6
1,1,1,0.444808006287,0.45,1,6
3,3,1,0.408997058868,0.45,1,6
2,2,1,0.395799875259,0.45,1,6
3,3,1,0.485896110535,0.45,-1,6
0,0,1,0.402188062668,0.45,1,6
3,3,1,0.372498035431,0.45,1,6
0,0,1,0.360900163651,0.45,1,6
2,2,1,0.314872980118,0.45,1,6
1,1,1,0.285043001175,0.45,1,6
2,2,1,0.28085398674,0.45,1,6
0,0,1,0.382694959641,0.45,1,6
1,1,1,0.483381986618,0.45,-1,6
3,2,0,0.387903928757,0.45,-2,6
2,2,1,0.334771871567,0.45,1,6
3,3,1,0.362193107605,0.45,1,6
1,0,0,0.295542955399,0.45,-2,6
0,0,1,0.34593296051,0.45,1,6
3,3,1,0.478257894516,0.45,-1,6
0,0,1,0.367276906967,0.45,1,6
1,1,1,0.426385879517,0.45,1,6
2,2,1,0.324687957764,0.45,1,6
0,-1,0,0.7,0.45,-2,6
2,2,1,0.534041166306,0.45,-1,6
1,1,1,0.432461023331,0.45,1,6
0,0,1,0.347516059875,0.45,1,6
3,3,1,0.340864181519,0.45,1,6
2,2,1,0.351912975311,0.45,1,6
3,3,1,0.427846908569,0.45,1,6
1,1,1,0.394357919693,0.45,1,6
3,2,0,0.394246101379,0.45,-2,6
2,2,1,0.344753980637,0.45,1,6
0,0,1,0.306639909744,0.45,1,6
1,1,1,0.435708045959,0.45,1,6
2,2,1,0.334539890289,0.45,1,6
1,1,1,0.349334001541,0.45,1,6
0,0,1,0.302901983261,0.45,1,6
2,1,0,0.346056938171,0.45,-2,6
3,-1,0,0.7,0.45,-2,6
0,0,1,0.427174091339,0.45,1,6
3,3,1,0.38093996048,0.45,1,6
1,1,1,0.35804605484,0.45,1,6
3,3,1,0.408881902695,0.45,1,6
0,0,1,0.390769004822,0.45,1,6
1,0,0,0.346574068069,0.45,-2,6
2,2,1,0.276571989059,0.45,1,6
0,0,1,0.382168054581,0.45,1,6
2,2,1,0.396567106247,0.45,1,6
1,1,1,0.383399963379,0.45,1,6
3,3,1,0.393527984619,0.45,1,6
2,2,1,0.4193110466,0.45,1,6
3,3,1,0.584513902664,0.45,-1,6
1,1,1,0.477164030075,0.45,-1,6
0,0,1,0.35813999176,0.45,1,6
3,3,1,0.339471101761,0.45,1,6
0,0,1,0.390233039856,0.45,1,6
2,2,1,0.302606105804,0.45,1,6
1,1,1,0.300927877426,0.45,1,6
0,0,1,0.42223405838,0.45,1,6
1,1,1,0.452260017395,0.45,-1,6
2,3,0,0.327519178391,0.45,-2,6
3,3,1,0.297910928726,0.45,1,6
2,2,1,0.378447055817,0.45,1,6
0,0,1,0.397477149963,0.45,1,6
3,3,1,0.403485059738,0.45,1,6
1,1,1,0.334057092667,0.45,1,6
3,3,1,0.32999420166,0.45,1,6
0,0,1,0.283223867416,0.45,1,6
2,2,1,0.249356985092,0.45,1,6
1,0,0,0.249971151352,0.45,-2,6
2,2,1,0.342180967331,0.45,1,6
0,0,1,0.280396938324,0.45,1,6
1,1,1,0.429170846939,0.45,1,6
0,0,1,0.431093931198,0.45,1,6
3,3,1,0.356508016586,0.45,1,6
2,2,1,0.373443841934,0.45,1,6
3,3,1,0.417423009872,0.45,1,6
1,1,1,0.412091016769,0.45,1,6
3,3,1,0.342834949493,0.45,1,6
1,1,1,0.466799020767,0.45,-1,6
2,2,1,0.423364162445,0.45,1,6
0,0,1,0.424721956253,0.45,1,6
2,2,1,0.380907058716,0.45,1,6
1,1,1,0.368391990662,0.45,1,6
0,0,1,0.394806861877,0.45,1,6
1,1,1,0.43176984787,0.45,1,6
3,3,1,0.348443984985,0.45,1,6
0,0,1,0.430658102036,0.45,1,6
3,3,1,0.489882230759,0.45,-1,6
2,2,1,0.37867307663,0.45,1,6
3,3,1,0.45366191864,0.45,-1,6
0,0,1,0.441155910492,0.45,1,6
2,2,1,0.511271953583,0.45,-1,6
1,1,1,0.334508180618,0.45,1,6
0,0,1,0.370399951935,0.45,1,6
1,1,1,0.430222988129,0.45,1,6
2,2,1,0.324623823166,0.45,1,6
0,0,1,0.364818096161,0.45,1,6
3,3,1,0.362098932266,0.45,1,6
2,2,1,0.362885951996,0.45,1,6
3,3,1,0.44687795639,0.45,1,6
1,1,1,0.44090795517,0.45,1,6
3,3,1,0.374459028244,0.45,1,6
1,1,1,0.489293813705,0.45,-1,6
0,0,1,0.452594041824,0.45,-1,6
2,2,1,0.457994937897,0.45,-1,6
1,1,1,0.442716121674,0.45,1,6
2,3,0,0.336462020874,0.45,-2,6
0,0,1,0.412257194519,0.45,1,6
3,3,1,0.35040807724,0.45,1,6
2,2,1,0.400377035141,0.45,1,6
3,3,1,0.426319122314,0.45,1,6
0,0,1,0.430530071259,0.45,1,6
1,1,1,0.491530179977,0.45,-1,6
3,3,1,0.459834098816,0.45,-1,6
0,0,1,0.400024175644,0.45,1,6
2,2,1,0.357476949692,0.45,1,6
1,1,1,0.310736894608,0.45,1,6
0,2,0,0.323122024536,0.45,-2,6
1,1,1,0.501067876816,0.45,-1,6
2,-1,0,0.7,0.45,-2,6
3,3,1,0.409607887268,0.45,1,6
2,2,1,0.440011978149,0.45,1,6
0,0,1,0.364365100861,0.45,1,6
3,3,1,0.355137825012,0.45,1,6
1,1,1,0.329145908356,0.45,1,6
3,2,0,0.330716133118,0.45,-2,6
1,1,1,0.425693035126,0.45,1,6
0,0,1,0.314486026764,0.45,1,6
2,2,1,0.272051095963,0.45,1,6
1,1,1,0.386319875717,0.45,1,6
2,2,1,0.373898029327,0.45,1,6
0,0,1,0.317641019821,0.45,1,6
3,3,1,0.332146167755,0.45,1,6
0,0,1,0.469782114029,0.45,-1,6
1,1,1,0.410645961761,0.45,1,6
3,3,1,0.342543125153,0.45,1,6
2,1,0,0.342441082001,0.45,-2,6
3,2,0,0.413645982742,0.45,-2,6
2,2,1,0.493407011032,0.45,-1,6
1,1,1,0.608334064484,0.45,-1,6
0,0,1,0.412981987,0.45,1,6
1,1,1,0.479423999786,0.45,-1,6
2,2,1,0.403573989868,0.45,1,6
0,0,1,0.390700101852,0.45,1,6
3,3,1,0.33833694458,0.45,1,6
0,0,1,0.374836206436,0.45,1,6
2,2,1,0.291137933731,0.45,1,6
3,3,1,0.362524032593,0.45,1,6
1,1,1,0.455857038498,0.45,-1,6
3,3,1,0.402413129807,0.45,1,6
0,0,1,0.381589174271,0.45,1,6
1,1,1,0.431449890137,0.45,1,6
2,2,1,0.355674028397,0.45,1,6
1,0,0,0.358965158463,0.45,-2,6
0,0,1,0.289814949036,0.45,1,6
2,2,1,0.269588947296,0.45,1,6
3,3,1,0.33737206459,0.45,1,6
2,1,0,0.38937497139,0.45,-2,6
0,0,1,0.278942108154,0.45,1,6
3,3,1,0.42653799057,0.45,1,6
1,1,1,0.381591796875,0.45,1,6
3,3,1,0.367910861969,0.45,1,6
2,2,1,0.395794153214,0.45,1,7
1,0,0,0.322085857391,0.45,-2,7
3,2,0,0.30402803421,0.45,-2,7
0,0,1,0.412096977234,0.45,1,7
3,2,0,0.318834066391,0.45,-2,7
1,1,1,0.377982854843,0.45,1,7
0,0,1,0.397767066956,0.45,1,7
1,0,0,0.400238990784,0.45,-2,7
2,2,1,0.352428197861,0.45,1,7
3,3,1,0.341078996658,0.45,1,7
2,2,1,0.346635818481,0.45,1,7
0,0,1,0.34924697876,0.45,1,7
2,2,1,0.281133174896,0.45,1,7
3,3,1,0.330320119858,0.45,1,7
0,0,1,0.327934980392,0.45,1,7
1,1,1,0.367542982101,0.45,1,7
0,0,1,0.403630971909,0.45,1,7
3,2,0,0.309216022491,0.45,-2,7
1,0,0,0.313594102859,0.45,-2,7
3,2,0,0.383426904678,0.45,-2,7
2,2,1,0.456662893295,0.45,-1,7
1,1,1,0.363425016403,0.45,1,7
2,2,1,0.341908931732,0.45,1,7
0,0,1,0.32309794426,0.45,1,7
2,2,1,0.312725067139,0.45,1,7
1,1,1,0.282510042191,0.45,1,7
0,0,1,0.350788831711,0.45,1,7
3,3,1,0.335797071457,0.45,1,7
0,0,1,0.345936059952,0.45,1,7
1,1,1,0.352785110474,0.45,1,7
3,3,1,0.345363140106,0.45,1,7
2,2,1,0.364114999771,0.45,1,7
0,0,1,0.312386989594,0.45,1,7
2,2,1,0.274875879288,0.45,1,7
3,3,1,0.311991930008,0.45,1,7
1,1,1,0.274667978287,0.45,1,7
2,2,1,0.333667993546,0.45,1,7
3,3,1,0.327041149139,0.45,1,7
1,1,1,0.361709833145,0.45,1,7
0,0,1,0.328968048096,0.45,1,7
1,1,1,0.4416680336,0.45,1,7
3,3,1,0.375673055649,0.45,1,7
0,0,1,0.399349927902,0.45,1,7
2,2,1,0.349914073944,0.45,1,7
0,0,1,0.442172050476,0.45,1,7
3,3,1,0.388803958893,0.45,1,7
2,2,1,0.374141931534,0.45,1,7
1,2,0,0.472173929214,0.45,-2,7
2,2,1,0.525714874268,0.45,-1,7
3,3,1,0.401153087616,0.45,1,7
1,1,1,0.477648019791,0.45,-1,7
0,0,1,0.350123882294,0.45,1,7
3,3,1,0.363970041275,0.45,1,7
0,0,1,0.413550138474,0.45,1,7
1,1,1,0.399915933609,0.45,1,7
2,2,1,0.316671133041,0.45,1,7
1,1,1,0.380931854248,0.45,1,7
3,3,1,0.323304176331,0.45,1,7
2,2,1,0.525857925415,0.45,-1,7
0,0,1,0.408482074738,0.45,1,7
2,2,1,0.317184925079,0.45,1,7
3,3,1,0.463788032532,0.45,-1,7
0,0,1,0.34779381752,0.45,1,7
1,1,1,0.398945093155,0.45,1,7
0,0,1,0.425446033478,0.45,1,7
3,3,1,0.309020042419,0.45,1,7
1,0,0,0.305248975754,0.45,-2,7
2,2,1,0.357120037079,0.45,1,7
1,1,1,0.380998849869,0.45,1,7
3,2,0,0.313202857971,0.45,-2,7
2,2,1,0.326594114304,0.45,1,7
0,0,1,0.350018024445,0.45,1,7
2,2,1,0.347632884979,0.45,1,7
3,3,1,0.318979024887,0.45,1,7
1,1,1,0.303544998169,0.45,1,7
0,0,1,0.44632601738,0.45,1,7
1,0,0,0.478271961212,0.45,-2,7
3,2,0,0.394623041153,0.45,-2,7
0,0,1,0.407633066177,0.45,1,7
2,2,1,0.314600944519,0.45,1,7
1,1,1,0.372068166733,0.45,1,7
2,2,1,0.46607208252,0.45,-1,7
0,0,1,0.428889989853,0.45,1,7
3,3,1,0.343267917633,0.45,1,7
2,2,1,0.289550065994,0.45,1,7
3,2,0,0.363819122314,0.45,-2,7
0,0,1,0.358858108521,0.45,1,7
1,1,1,0.357998847961,0.45,1,7
3,3,1,0.327330112457,0.45,1,7
1,1,1,0.355421066284,0.45,1,7
0,0,1,0.32453918457,0.45,1,7
3,3,1,0.370711803436,0.45,1,7
2,2,1,0.283154010773,0.45,1,7
0,0,1,0.329385995865,0.45,1,7
2,2,1,0.300208091736,0.45,1,7
1,2,0,0.382233858109,0.45,-2,7
2,2,1,0.338703155518,0.45,1,7
1,1,1,0.458832979202,0.45,-1,7
0,0,1,0.384169816971,0.45,1,7
3,3,1,0.363385915756,0.45,1,7
0,0,1,0.42896604538,0.45,1,7
1,1,1,0.384495973587,0.45,1,7
3,3,1,0.30908703804,0.45,1,7
1,0,0,0.353161096573,0.45,-2,7
2,1,0,0.354790210724,0.45,-2,7
0,0,1,0.357522010803,0.45,1,7
2,2,1,0.355329036713,0.45,1,7
3,3,1,0.373784065247,0.45,1,7
2,2,1,0.413577079773,0.45,1,7
0,0,1,0.393258810043,0.45,1,7
1,1,1,0.391565084457,0.45,1,7
3,3,1,0.369585990906,0.45,1,7
0,0,1,0.309826850891,0.45,1,7
3,3,1,0.457749128342,0.45,-1,7
1,1,1,0.381630897522,0.45,1,7
0,0,1,0.279639959335,0.45,1,7
2,2,1,0.299290180206,0.45,1,7
1,1,1,0.33324098587,0.45,1,7
2,2,1,0.330238819122,0.45,1,7
3,3,1,0.388362884521,0.45,1,7
2,2,1,0.438329219818,0.45,1,7
1,1,1,0.363610982895,0.45,1,7
0,0,1,0.287400960922,0.45,1,7
3,3,1,0.33514881134,0.45,1,7
1,1,1,0.427480220795,0.45,1,7
3,3,1,0.385528802872,0.45,1,7
0,0,1,0.332705974579,0.45,1,7
1,1,1,0.364305973053,0.45,1,7
2,2,1,0.305155992508,0.45,1,7
3,3,1,0.325557947159,0.45,1,7
2,2,1,0.349895000458,0.45,1,7
0,0,1,0.347026109695,0.45,1,7
2,2,1,0.293334007263,0.45,1,7
1,1,1,0.272277116776,0.45,1,7
3,2,0,0.299926996231,0.45,-2,7
0,0,1,0.33717417717,0.45,1,7
1,1,1,0.417684078217,0.45,1,7
0,1,0,0.397403001785,0.45,-2,7
3,3,1,0.392105102539,0.45,1,7
1,1,1,0.396636009216,0.45,1,7
2,2,1,0.304777145386,0.45,1,7
0,0,1,0.342041015625,0.45,1,7
2,2,1,0.334246873856,0.45,1,7
3,3,1,0.296601057053,0.45,1,7
2,1,0,0.382176876068,0.45,-2,7
0,0,1,0.449376106262,0.45,1,7
1,1,1,0.434853076935,0.45,1,7
3,3,1,0.334443807602,0.45,1,7
0,0,1,0.363051176071,0.45,1,7
3,3,1,0.404635190964,0.45,1,7
1,0,0,0.329973936081,0.45,-2,7
0,0,1,0.397675991058,0.45,1,7
2,2,1,0.280152082443,0.45,1,7
1,1,1,0.428222179413,0.45,1,7
2,2,1,0.493084907532,0.45,-1,7
3,3,1,0.353646993637,0.45,1,7
2,0,0,0.194972991943,0.45,-2,7
1,1,1,0.35036611557,0.45,1,7
3,3,1,0.395992994308,0.45,1,7
0,1,0,0.356201887131,0.45,-2,7
3,2,0,0.371030807495,0.45,-2,7
1,1,1,0.478437900543,0.45,-1,7
0,0,1,0.343214035034,0.45,1,7
2,3,0,0.307913064957,0.45,-2,7
3,2,0,0.390959978104,0.45,-2,7
2,2,1,0.451138973236,0.45,-1,7
0,0,1,0.366045951843,0.45,1,7
1,1,1,0.345247030258,0.45,1,7
2,2,1,0.293627977371,0.45,1,7
0,0,1,0.406769990921,0.45,1,7
3,3,1,0.364175796509,0.45,1,7
1,1,1,0.423069953918,0.45,1,7
3,2,0,0.335289955139,0.45,-2,7
0,0,1,0.355497121811,0.45,1,7
1,1,1,0.360468149185,0.45,1,7
0,0,1,0.412344932556,0.45,1,7
2,2,1,0.302752017975,0.45,1,7
3,3,1,0.242068052292,0.45,1,7
2,2,1,0.374499082565,0.45,1,7
1,1,1,0.30481505394,0.45,1,7
2,2,1,0.386262893677,0.45,1,7
3,3,1,0.343159914017,0.45,1,7
1,0,0,0.385274887085,0.45,-2,7
0,0,1,0.32684803009,0.45,1,7
1,1,1,0.439233064651,0.45,1,7
3,3,1,0.435687065125,0.45,1,7
0,0,1,0.430165052414,0.45,1,7
2,2,1,0.345833063126,0.45,1,7
0,0,1,0.42779302597,0.45,1,7
3,3,1,0.383579015732,0.45,1,7
2,1,0,0.348615884781,0.45,-2,7
1,1,1,0.397760868073,0.45,1,7
2,2,1,0.418594837189,0.45,1,7
0,0,1,0.325763940811,0.45,1,7
3,3,1,0.32220697403,0.45,1,7
1,0,0,0.427191019058,0.45,-2,7
3,3,1,0.439383983612,0.45,1,7
0,0,1,0.610216856003,0.45,-1,7
1,-1,0,0.7,0.45,-2,7
0,1,0,0.118587017059,0.45,-2,7
2,2,1,0.573171854019,0.45,-1,7
3,3,1,0.400939941406,0.45,1,7
2,2,1,0.410494089127,0.45,1,7
1,1,1,0.334557056427,0.45,1,7
2,2,1,0.338284015656,0.45,1,7
0,0,1,0.276753902435,0.45,1,7
1,1,1,0.374819993973,0.45,1,7
3,3,1,0.380321025848,0.45,1,7
1,1,1,0.534420967102,0.45,-1,7
0,0,1,0.351187944412,0.45,1,7
3,3,1,0.411251068115,0.45,1,7
0,0,1,0.345883131027,0.45,1,7
2,2,1,0.408715009689,0.45,1,7
3,3,1,0.536090135574,0.45,-1,7
2,3,0,0.456764936447,0.45,-2,7
1,1,1,0.364917993546,0.45,1,7
2,2,1,0.352208852768,0.45,1,7
