probe,press,accuracy,rt,threshold,score,run_num
1,1,1,0.556036949158,0.45,-1,0
2,2,1,0.36660695076,0.45,1,0
0,0,1,0.368312835693,0.45,1,0
3,3,1,0.364734888077,0.45,1,0
0,0,1,0.400667905807,0.45,1,0
2,2,1,0.379872083664,0.45,1,0
3,3,1,0.381320953369,0.45,1,0
1,1,1,0.457795143127,0.45,-1,0
3,3,1,0.450208187103,0.45,-1,0
2,2,1,0.551239013672,0.45,-1,0
1,1,1,0.442625999451,0.45,1,0
0,0,1,0.318829059601,0.45,1,0
1,0,0,0.3911049366,0.45,-2,0
0,0,1,0.461363077164,0.45,-1,0
2,2,1,0.422420978546,0.45,1,0
3,3,1,0.36202788353,0.45,1,0
0,0,1,0.341799020767,0.45,1,0
3,3,1,0.399365901947,0.45,1,0
2,2,1,0.413908958435,0.45,1,0
1,1,1,0.317922115326,0.45,1,0
3,3,1,0.292604923248,0.45,1,0
1,0,0,0.35060095787,0.45,-2,0
2,2,1,0.424533843994,0.45,1,0
0,0,1,0.399191141129,0.45,1,0
1,1,1,0.497726917267,0.45,-1,0
3,3,1,0.500863075256,0.45,-1,0
2,2,1,0.471354961395,0.45,-1,0
0,0,1,0.434499025345,0.45,1,0
2,2,1,0.447000980377,0.45,1,0
3,3,1,0.366814136505,0.45,1,0
0,0,1,0.307009935379,0.45,1,0
3,3,1,0.368659973145,0.45,1,0
1,1,1,0.403188943863,0.45,1,0
0,0,1,0.3499751091,0.45,1,0
1,0,0,0.400794029236,0.45,-2,0
2,1,0,0.420336961746,0.45,-2,0
1,0,0,0.496148109436,0.45,-2,0
3,3,1,0.490247964859,0.45,-1,0
2,2,1,0.5652987957,0.45,-1,0
0,0,1,0.447245836258,0.45,1,0
3,3,1,0.452045917511,0.45,-1,0
0,0,1,0.471508026123,0.45,-1,0
2,2,1,0.426290035248,0.45,1,0
1,1,1,0.38790678978,0.45,1,0
0,0,1,0.345505952835,0.45,1,0
1,1,1,0.454423189163,0.45,-1,0
2,2,1,0.405653953552,0.45,1,0
3,3,1,0.380572795868,0.45,1,0
1,1,1,0.432099103928,0.45,1,0
2,2,1,0.312954902649,0.45,1,0
0,0,1,0.301926851273,0.45,1,0
3,3,1,0.361755132675,0.45,1,0
0,0,1,0.388797998428,0.45,1,0
2,2,1,0.350702047348,0.45,1,0
3,3,1,0.392179965973,0.45,1,0
2,2,1,0.428576946259,0.45,1,0
1,1,1,0.463418006897,0.45,-1,0
3,3,1,0.435372114182,0.45,1,0
1,1,1,0.581258058548,0.45,-1,0
0,0,1,0.376399040222,0.45,1,0
1,1,1,0.396574020386,0.45,1,0
2,2,1,0.375402212143,0.45,1,0
3,3,1,0.388318777084,0.45,1,0
0,0,1,0.333348035812,0.45,1,0
2,2,1,0.385640859604,0.45,1,0
0,0,1,0.334011793137,0.45,1,0
3,3,1,0.282034158707,0.45,1,0
1,1,1,0.284200906754,0.45,1,0
3,3,1,0.345319032669,0.45,1,0
2,2,1,0.387757062912,0.45,1,0
1,1,1,0.40506696701,0.45,1,0
0,0,1,0.351061105728,0.45,1,0
1,1,1,0.526637077332,0.45,-1,0
0,0,1,0.42218208313,0.45,1,0
2,2,1,0.349234104156,0.45,1,0
3,3,1,0.324491024017,0.45,1,0
2,2,1,0.375089883804,0.45,1,0
0,0,1,0.355259895325,0.45,1,0
3,3,1,0.433614015579,0.45,1,0
0,0,1,0.384747982025,0.45,1,0
1,1,1,0.493580818176,0.45,-1,0
2,2,1,0.409173965454,0.45,1,0
1,1,1,0.462827920914,0.45,-1,0
3,3,1,0.454360961914,0.45,-1,0
1,1,1,0.513823032379,0.45,-1,0
3,3,1,0.549180030823,0.45,-1,0
2,2,1,0.545034170151,0.45,-1,0
0,0,1,0.429656982422,0.45,1,0
2,2,1,0.328737020493,0.45,1,0
3,3,1,0.32542014122,0.45,1,0
0,0,1,0.472777843475,0.45,-1,0
3,3,1,0.500122070312,0.45,-1,0
1,1,1,0.436322927475,0.45,1,0
0,0,1,0.415252923965,0.45,1,0
1,1,1,0.397937059402,0.45,1,0
2,2,1,0.358669042587,0.45,1,0
1,0,0,0.35645198822,0.45,-2,0
3,3,1,0.462496995926,0.45,-1,0
0,0,1,0.497464895248,0.45,-1,0
2,2,1,0.426699876785,0.45,1,0
3,3,1,0.480123996735,0.45,-1,0
2,1,0,0.572130918503,0.45,-2,0
0,0,1,0.607538938522,0.45,-1,0
1,2,0,0.481490850449,0.45,-2,0
0,0,1,0.526373147964,0.45,-1,0
3,3,1,0.463314056396,0.45,-1,0
1,1,1,0.476188898087,0.45,-1,0
2,2,1,0.456088066101,0.45,-1,0
1,1,1,0.400111913681,0.45,1,0
3,2,0,0.371022939682,0.45,-2,0
2,2,1,0.394668102264,0.45,1,0
0,0,1,0.300825119019,0.45,1,0
2,2,1,0.293786764145,0.45,1,0
3,3,1,0.330124139786,0.45,1,0
0,0,1,0.35010099411,0.45,1,0
1,1,1,0.424222946167,0.45,1,0
2,2,1,0.34932923317,0.45,1,0
1,1,1,0.407788038254,0.45,1,0
0,0,1,0.364506006241,0.45,1,0
3,3,1,0.391131877899,0.45,1,0
1,1,1,0.361180067062,0.45,1,0
3,3,1,0.380424976349,0.45,1,0
0,0,1,0.321338891983,0.45,1,0
2,2,1,0.272237062454,0.45,1,0
0,0,1,0.309174060822,0.45,1,0
3,3,1,0.310681819916,0.45,1,0
2,2,1,0.356352090836,0.45,1,0
3,3,1,0.398628950119,0.45,1,0
1,1,1,0.39532494545,0.45,1,0
2,2,1,0.343802928925,0.45,1,0
1,0,0,0.296859025955,0.45,-2,0
0,0,1,0.441905021667,0.45,1,0
1,0,0,0.423336982727,0.45,-2,0
2,2,1,0.468111991882,0.45,-1,0
3,3,1,0.432325124741,0.45,1,0
0,0,1,0.329403877258,0.45,1,0
2,2,1,0.316498041153,0.45,1,0
0,0,1,0.279079914093,0.45,1,0
3,3,1,0.340508937836,0.45,1,0
2,2,1,0.38041806221,0.45,1,0
1,1,1,0.346508026123,0.45,1,0
3,3,1,0.342196941376,0.45,1,0
1,1,1,0.426601171494,0.45,1,0
0,1,0,0.379855871201,0.45,-2,0
1,2,0,0.456736087799,0.45,-2,0
0,0,1,0.527841806412,0.45,-1,0
2,2,1,0.389070987701,0.45,1,0
3,3,1,0.441252946854,0.45,1,0
2,2,1,0.446047067642,0.45,1,0
0,0,1,0.358289003372,0.45,1,0
3,3,1,0.434321165085,0.45,1,0
0,0,1,0.367168903351,0.45,1,0
1,1,1,0.376904010773,0.45,1,0
3,3,1,0.36301112175,0.45,1,0
1,1,1,0.584635019302,0.45,-1,0
2,2,1,0.443417072296,0.45,1,0
1,1,1,0.492453098297,0.45,-1,0
2,2,1,0.385361909866,0.45,1,0
0,0,1,0.381146192551,0.45,1,0
3,3,1,0.374470949173,0.45,1,0
0,0,1,0.371552944183,0.45,1,0
2,2,1,0.352383852005,0.45,1,0
3,3,1,0.384617090225,0.45,1,0
1,1,1,0.501271009445,0.45,-1,0
0,0,1,0.517692089081,0.45,-1,0
1,0,0,0.45015501976,0.45,-2,0
3,3,1,0.463675022125,0.45,-1,0
2,2,1,0.512198925018,0.45,-1,0
1,1,1,0.468735218048,0.45,-1,0
2,2,1,0.327575922012,0.45,1,0
0,0,1,0.465051174164,0.45,-1,0
3,3,1,0.381114959717,0.45,1,0
2,2,1,0.480492830276,0.45,-1,0
3,3,1,0.427904844284,0.45,1,0
0,0,1,0.473522901535,0.45,-1,0
1,1,1,0.541582107544,0.45,-1,0
0,0,1,0.513409852982,0.45,-1,0
2,2,1,0.491420030594,0.45,-1,0
1,1,1,0.519032001495,0.45,-1,0
3,3,1,0.505886077881,0.45,-1,0
1,1,1,0.550138950348,0.45,-1,0
3,3,1,0.43888092041,0.45,1,0
0,0,1,0.515608072281,0.45,-1,0
2,2,1,0.567698955536,0.45,-1,0
3,3,1,0.497666120529,0.45,-1,0
2,2,1,0.506671905518,0.45,-1,0
0,0,1,0.454542160034,0.45,-1,0
3,3,1,0.433152914047,0.45,1,0
1,1,1,0.558450937271,0.45,-1,0
2,2,1,0.323825836182,0.45,1,0
1,0,0,0.466957807541,0.45,-2,0
0,0,1,0.422029018402,0.45,1,0
1,0,0,0.457797050476,0.45,-2,0
3,3,1,0.479850053787,0.45,-1,0
2,2,1,0.394346952438,0.45,1,0
0,0,1,0.372149944305,0.45,1,0
2,2,1,0.535846948624,0.45,-1,0
3,3,1,0.572818994522,0.45,-1,0
0,0,1,0.414247989655,0.45,1,0
1,1,1,0.47481584549,0.45,-1,0
0,0,1,0.484704971313,0.45,-1,0
3,3,1,0.54421710968,0.45,-1,0
1,1,1,0.581699132919,0.45,-1,0
2,2,1,0.446550130844,0.45,1,0
1,1,1,0.601699113846,0.45,-1,0
0,0,1,0.383436918259,0.45,1,0
2,3,0,0.354594945908,0.45,-2,0
3,3,1,0.379838943481,0.45,1,0
2,2,1,0.622545003891,0.45,-1,0
0,0,1,0.49071097374,0.45,-1,0
3,3,1,0.487972974777,0.45,-1,0
0,0,1,0.433427095413,0.45,1,0
1,1,1,0.572228908539,0.45,-1,0
2,2,1,0.350836992264,0.45,1,0
1,1,1,0.434036970139,0.45,1,0
3,2,0,0.382469892502,0.45,-2,0
1,1,1,0.530263900757,0.45,-1,0
3,3,1,0.554756879807,0.45,-1,1
2,2,1,0.335284948349,0.45,1,1
1,1,1,0.297777891159,0.45,1,1
0,0,1,0.270268917084,0.45,1,1
2,2,1,0.255282878876,0.45,1,1
0,0,1,0.333236217499,0.45,1,1
1,1,1,0.429199934006,0.45,1,1
2,2,1,0.313740968704,0.45,1,1
3,3,1,0.284272909164,0.45,1,1
0,0,1,0.346277236938,0.45,1,1
3,2,0,0.347971916199,0.45,-2,1
1,1,1,0.455682039261,0.45,-1,1
3,2,0,0.37619805336,0.45,-2,1
2,2,1,0.365978956223,0.45,1,1
0,0,1,0.296373128891,0.45,1,1
1,1,1,0.436280012131,0.45,1,1
0,0,1,0.446233034134,0.45,1,1
2,2,1,0.408538103104,0.45,1,1
1,0,0,0.341527938843,0.45,-2,1
3,3,1,0.383303880692,0.45,1,1
1,0,0,0.332864999771,0.45,-2,1
2,2,1,0.45777797699,0.45,-1,1
3,3,1,0.475659132004,0.45,-1,1
0,0,1,0.405586004257,0.45,1,1
3,3,1,0.392405986786,0.45,1,1
1,1,1,0.379884958267,0.45,1,1
0,0,1,0.296519994736,0.45,1,1
2,2,1,0.338526964188,0.45,1,1
0,0,1,0.37667798996,0.45,1,1
1,1,1,0.443251132965,0.45,1,1
2,2,1,0.340409994125,0.45,1,1
1,0,0,0.33642077446,0.45,-2,1
3,3,1,0.485293149948,0.45,-1,1
2,2,1,0.480908870697,0.45,-1,1
3,3,1,0.427943944931,0.45,1,1
0,0,1,0.467040061951,0.45,-1,1
3,3,1,0.400546073914,0.45,1,1
1,1,1,0.418411970139,0.45,1,1
0,0,1,0.420566082001,0.45,1,1
2,2,1,0.371150970459,0.45,1,1
1,1,1,0.446811914444,0.45,1,1
2,2,1,0.358803033829,0.45,1,1
0,0,1,0.51680803299,0.45,-1,1
1,1,1,0.529381990433,0.45,-1,1
3,3,1,0.466736078262,0.45,-1,1
0,0,1,0.416157960892,0.45,1,1
3,3,1,0.505398988724,0.45,-1,1
2,2,1,0.54957985878,0.45,-1,1
3,3,1,0.447751045227,0.45,1,1
0,0,1,0.369507074356,0.45,1,1
2,2,1,0.41388297081,0.45,1,1
1,1,1,0.499619960785,0.45,-1,1
2,2,1,0.404458045959,0.45,1,1
0,0,1,0.366868019104,0.45,1,1
1,1,1,0.491693973541,0.45,-1,1
3,3,1,0.430219173431,0.45,1,1
1,0,0,0.352847099304,0.45,-2,1
0,0,1,0.323332071304,0.45,1,1
3,3,1,0.360219955444,0.45,1,1
2,2,1,0.420284032822,0.45,1,1
3,3,1,0.503129005432,0.45,-1,1
2,2,1,0.499594211578,0.45,-1,1
0,0,1,0.380270004272,0.45,1,1
1,1,1,0.407742023468,0.45,1,1
0,0,1,0.477105140686,0.45,-1,1
2,2,1,0.381451845169,0.45,1,1
1,0,0,0.45228600502,0.45,-2,1
2,2,1,0.438900947571,0.45,1,1
3,3,1,0.471914052963,0.45,-1,1
1,1,1,0.550144910812,0.45,-1,1
3,3,1,0.389939785004,0.45,1,1
0,0,1,0.395602226257,0.45,1,1
3,3,1,0.445508003235,0.45,1,1
1,0,0,0.363242149353,0.45,-2,1
2,2,1,0.421980857849,0.45,1,1
0,0,1,0.479684114456,0.45,-1,1
2,2,1,0.427549123764,0.45,1,1
1,0,0,0.397101163864,0.45,-2,1
0,0,1,0.288727998734,0.45,1,1
1,2,0,0.330929040909,0.45,-2,1
3,3,1,0.479432106018,0.45,-1,1
2,2,1,0.444783210754,0.45,1,1
3,3,1,0.444324016571,0.45,1,1
0,0,1,0.353022098541,0.45,1,1
3,3,1,0.397643089294,0.45,1,1
2,2,1,0.358882188797,0.45,1,1
0,0,1,0.315050125122,0.45,1,1
1,2,0,0.334444046021,0.45,-2,1
2,1,0,0.347492933273,0.45,-2,1
1,1,1,0.419970989227,0.45,1,1
0,0,1,0.350833177567,0.45,1,1
3,3,1,0.28556895256,0.45,1,1
1,1,1,0.487766981125,0.45,-1,1
3,3,1,0.362580060959,0.45,1,1
0,0,1,0.319480895996,0.45,1,1
2,2,1,0.330343961716,0.45,1,1
3,3,1,0.356646060944,0.45,1,1
0,0,1,0.296073913574,0.45,1,1
1,1,1,0.395806074142,0.45,1,1
2,2,1,0.307523965836,0.45,1,1
0,0,1,0.393419981003,0.45,1,1
2,2,1,0.346600055695,0.45,1,1
1,1,1,0.397094964981,0.45,1,1
0,0,1,0.289922952652,0.45,1,1
3,3,1,0.341989040375,0.45,1,1
1,0,0,0.304305076599,0.45,-2,1
3,2,0,0.345931053162,0.45,-2,1
2,3,0,0.527429103851,0.45,-2,1
3,2,0,0.514600038528,0.45,-2,1
2,2,1,0.566975831985,0.45,-1,1
0,0,1,0.464395999908,0.45,-1,1
1,1,1,0.35619187355,0.45,1,1
2,2,1,0.345979213715,0.45,1,1
1,1,1,0.38655591011,0.45,1,1
0,0,1,0.351184844971,0.45,1,1
2,3,0,0.321074962616,0.45,-2,1
3,2,0,0.487513065338,0.45,-2,1
1,1,1,0.658301830292,0.45,-1,1
3,3,1,0.45220708847,0.45,-1,1
0,0,1,0.343337059021,0.45,1,1
3,3,1,0.39381480217,0.45,1,1
2,2,1,0.427839994431,0.45,1,1
1,1,1,0.511819839478,0.45,-1,1
0,0,1,0.395663976669,0.45,1,1
1,1,1,0.488572835922,0.45,-1,1
2,2,1,0.380352020264,0.45,1,1
0,0,1,0.403301954269,0.45,1,1
3,3,1,0.383072137833,0.45,1,1
1,1,1,0.371258974075,0.45,1,1
3,3,1,0.374175071716,0.45,1,1
0,0,1,0.384906053543,0.45,1,1
2,2,1,0.399479866028,0.45,1,1
3,3,1,0.394193887711,0.45,1,1
1,1,1,0.435224056244,0.45,1,1
2,2,1,0.33516907692,0.45,1,1
0,0,1,0.380578041077,0.45,1,1
1,1,1,0.40411400795,0.45,1,1
0,0,1,0.352104902267,0.45,1,1
2,2,1,0.363249063492,0.45,1,1
3,3,1,0.342151165009,0.45,1,1
2,2,1,0.394287109375,0.45,1,1
1,1,1,0.334123849869,0.45,1,1
3,2,0,0.44822883606,0.45,-2,1
0,0,1,0.47579407692,0.45,-1,1
3,3,1,0.518594026566,0.45,-1,1
0,0,1,0.525244951248,0.45,-1,1
1,0,0,0.535615921021,0.45,-2,1
2,1,0,0.432801961899,0.45,-2,1
1,0,0,0.52575802803,0.45,-2,1
0,0,1,0.566462993622,0.45,-1,1
2,2,1,0.460916996002,0.45,-1,1
0,0,1,0.589112043381,0.45,-1,1
3,-1,0,0.7,0.45,-2,1
2,3,0,0.166574954987,0.45,-2,1
3,3,1,0.498950958252,0.45,-1,1
1,0,0,0.436414957047,0.45,-2,1
3,3,1,0.472838163376,0.45,-1,1
2,2,1,0.305621147156,0.45,1,1
1,1,1,0.335974931717,0.45,1,1
0,0,1,0.314152956009,0.45,1,1
2,2,1,0.325958967209,0.45,1,1
0,0,1,0.33401799202,0.45,1,1
1,1,1,0.381049871445,0.45,1,1
3,3,1,0.366605043411,0.45,1,1
1,1,1,0.483439922333,0.45,-1,1
2,2,1,0.389442920685,0.45,1,1
3,3,1,0.45519900322,0.45,-1,1
0,0,1,0.443238019943,0.45,1,1
3,3,1,0.404518127441,0.45,1,1
1,1,1,0.370051860809,0.45,1,1
2,2,1,0.300209999084,0.45,1,1
0,0,1,0.334625959396,0.45,1,1
1,1,1,0.537850856781,0.45,-1,1
0,0,1,0.520495176315,0.45,-1,1
2,2,1,0.417348861694,0.45,1,1
3,3,1,0.428017139435,0.45,1,1
0,0,1,0.321017026901,0.45,1,1
3,3,1,0.389993906021,0.45,1,1
2,0,0,0.367294073105,0.45,-2,1
1,0,0,0.505237102509,0.45,-2,1
3,3,1,0.501717090607,0.45,-1,1
2,2,1,0.471015930176,0.45,-1,1
0,0,1,0.402678966522,0.45,1,1
1,1,1,0.429745912552,0.45,1,1
0,0,1,0.417600870132,0.45,1,1
2,1,0,0.463009119034,0.45,-2,1
1,1,1,0.431924819946,0.45,1,1
3,3,1,0.414569854736,0.45,1,1
1,1,1,0.430392026901,0.45,1,1
2,2,1,0.404580116272,0.45,1,1
3,3,1,0.421221017838,0.45,1,1
0,0,1,0.346955060959,0.45,1,1
3,3,1,0.389909029007,0.45,1,1
1,1,1,0.440431833267,0.45,1,1
0,0,1,0.372205972672,0.45,1,1
2,2,1,0.324236869812,0.45,1,1
1,0,0,0.314508914948,0.45,-2,1
2,1,0,0.540105819702,0.45,-2,1
0,0,1,0.503457069397,0.45,-1,1
3,3,1,0.445904016495,0.45,1,1
0,0,1,0.415350914001,0.45,1,1
1,1,1,0.450700044632,0.45,-1,1
3,3,1,0.508967161179,0.45,-1,1
2,2,1,0.551164150238,0.45,-1,1
3,3,1,0.459964990616,0.45,-1,1
1,1,1,0.428811073303,0.45,1,1
0,0,1,0.42032289505,0.45,1,1
2,2,1,0.405664920807,0.45,1,1
0,0,1,0.42560005188,0.45,1,1
1,1,1,0.426671028137,0.45,1,1
2,2,1,0.414824008942,0.45,1,1
1,1,1,0.50573015213,0.45,-1,1
3,3,1,0.462452173233,0.45,-1,1
0,0,1,0.417562007904,0.45,1,1
3,3,1,0.410566091537,0.45,1,1
2,2,1,0.47851896286,0.45,-1,1
3,3,1,0.443284034729,0.45,1,1
3,3,1,0.589646100998,0.45,-1,2
0,0,1,0.385745048523,0.45,1,2
1,2,0,0.34664607048,0.45,-2,2
2,2,1,0.287503957748,0.45,1,2
1,0,0,0.305387020111,0.45,-2,2
0,0,1,0.382879018784,0.45,1,2
2,2,1,0.328881978989,0.45,1,2
0,0,1,0.378214836121,0.45,1,2
3,3,1,0.441738843918,0.45,1,2
1,1,1,0.372063875198,0.45,1,2
3,3,1,0.343023061752,0.45,1,2
2,2,1,0.362033843994,0.45,1,2
3,3,1,0.411964893341,0.45,1,2
1,2,0,0.423352003098,0.45,-2,2
0,1,0,0.491436958313,0.45,-2,2
2,2,1,0.478246927261,0.45,-1,2
1,1,1,0.434115886688,0.45,1,2
2,2,1,0.388571977615,0.45,1,2
0,0,1,0.359925985336,0.45,1,2
1,1,1,0.436704874039,0.45,1,2
3,3,1,0.413648843765,0.45,1,2
0,0,1,0.352533817291,0.45,1,2
3,3,1,0.373989105225,0.45,1,2
2,2,1,0.379013061523,0.45,1,2
3,3,1,0.397904872894,0.45,1,2
1,1,1,0.462584018707,0.45,-1,2
0,0,1,0.347542047501,0.45,1,2
2,2,1,0.317538976669,0.45,1,2
0,0,1,0.359430074692,0.45,1,2
1,1,1,0.417873859406,0.45,1,2
2,2,1,0.366756916046,0.45,1,2
1,1,1,0.363551855087,0.45,1,2
3,3,1,0.396944046021,0.45,1,2
0,0,1,0.331354141235,0.45,1,2
3,3,1,0.43828701973,0.45,1,2
2,2,1,0.542261838913,0.45,-1,2
3,3,1,0.483470916748,0.45,-1,2
2,2,1,0.468611001968,0.45,-1,2
1,1,1,0.49126791954,0.45,-1,2
0,0,1,0.334131002426,0.45,1,2
1,0,0,0.479664087296,0.45,-2,2
2,2,1,0.473159074783,0.45,-1,2
0,0,1,0.454782009125,0.45,-1,2
2,2,1,0.33117890358,0.45,1,2
3,3,1,0.467864990234,0.45,-1,2
1,1,1,0.536847829819,0.45,-1,2
3,3,1,0.386519908905,0.45,1,2
0,0,1,0.318234920502,0.45,1,2
3,3,1,0.42827296257,0.45,1,2
0,0,1,0.372205972672,0.45,1,2
2,2,1,0.360855102539,0.45,1,2
1,1,1,0.308948040009,0.45,1,2
2,2,1,0.368564128876,0.45,1,2
0,0,1,0.299932956696,0.45,1,2
1,1,1,0.476655006409,0.45,-1,2
0,0,1,0.490225791931,0.45,-1,2
3,3,1,0.370944976807,0.45,1,2
2,2,1,0.367418050766,0.45,1,2
3,3,1,0.553251981735,0.45,-1,2
1,1,1,0.495367050171,0.45,-1,2
3,3,1,0.367217063904,0.45,1,2
2,2,1,0.484574079514,0.45,-1,2
1,0,0,0.343566894531,0.45,-2,2
0,0,1,0.321027994156,0.45,1,2
2,2,1,0.325669765472,0.45,1,2
0,0,1,0.371185064316,0.45,1,2
1,1,1,0.390787124634,0.45,1,2
2,2,1,0.344038963318,0.45,1,2
3,3,1,0.397513866425,0.45,1,2
1,1,1,0.447765111923,0.45,1,2
3,3,1,0.472831010818,0.45,-1,2
0,0,1,0.404984951019,0.45,1,2
3,3,1,0.520008802414,0.45,-1,2
1,2,0,0.354635953903,0.45,-2,2
2,2,1,0.295351028442,0.45,1,2
0,0,1,0.296625852585,0.45,1,2
2,1,0,0.332031011581,0.45,-2,2
1,1,1,0.474026918411,0.45,-1,2
0,0,1,0.372073173523,0.45,1,2
3,3,1,0.310402154922,0.45,1,2
2,2,1,0.329077005386,0.45,1,2
3,3,1,0.371049880981,0.45,1,2
0,0,1,0.304493904114,0.45,1,2
1,1,1,0.314364910126,0.45,1,2
3,3,1,0.29714512825,0.45,1,2
2,2,1,0.336694955826,0.45,1,2
0,0,1,0.333025217056,0.45,1,2
1,1,1,0.458987951279,0.45,-1,2
2,2,1,0.330298185349,0.45,1,2
1,0,0,0.353363037109,0.45,-2,2
0,0,1,0.373306035995,0.45,1,2
3,3,1,0.32631611824,0.45,1,2
1,1,1,0.37907910347,0.45,1,2
3,2,0,0.397445201874,0.45,-2,2
0,0,1,0.359122991562,0.45,1,2
2,2,1,0.516915082932,0.45,-1,2
3,3,1,0.373842000961,0.45,1,2
0,0,1,0.304081916809,0.45,1,2
1,-1,0,0.7,0.45,-2,2
2,1,0,0.0014009475708,0.45,-2,2
1,2,0,0.249918937683,0.45,-2,2
0,0,1,0.360229969025,0.45,1,2
2,3,0,0.30452299118,0.45,-2,2
0,0,1,0.483855962753,0.45,-1,2
3,3,1,0.465809822083,0.45,-1,2
2,2,1,0.476959228516,0.45,-1,2
3,3,1,0.396373987198,0.45,1,2
1,1,1,0.583920001984,0.45,-1,2
3,2,0,0.42227101326,0.45,-2,2
2,2,1,0.513921976089,0.45,-1,2
0,0,1,0.31457400322,0.45,1,2
1,1,1,0.417093038559,0.45,1,2
0,0,1,0.466794967651,0.45,-1,2
2,2,1,0.444705963135,0.45,1,2
1,1,1,0.455007076263,0.45,-1,2
2,2,1,0.396493911743,0.45,1,2
3,3,1,0.335963010788,0.45,1,2
1,1,1,0.403069019318,0.45,1,2
3,3,1,0.405684947968,0.45,1,2
0,0,1,0.363586187363,0.45,1,2
3,3,1,0.435399055481,0.45,1,2
1,1,1,0.558151006699,0.45,-1,2
2,2,1,0.305408000946,0.45,1,2
0,0,1,0.277835130692,0.45,1,2
2,2,1,0.426678180695,0.45,1,2
1,1,1,0.453927993774,0.45,-1,2
0,0,1,0.424573898315,0.45,1,2
1,1,1,0.513711929321,0.45,-1,2
3,3,1,0.464112997055,0.45,-1,2
2,2,1,0.394049882889,0.45,1,2
3,3,1,0.404542922974,0.45,1,2
0,0,1,0.352215051651,0.45,1,2
3,3,1,0.35567688942,0.45,1,2
2,2,1,0.525048971176,0.45,-1,2
0,0,1,0.394474029541,0.45,1,2
1,1,1,0.396245002747,0.45,1,2
2,2,1,0.378872871399,0.45,1,2
1,1,1,0.474846839905,0.45,-1,2
0,0,1,0.28499007225,0.45,1,2
3,3,1,0.348004102707,0.45,1,2
1,1,1,0.421979904175,0.45,1,2
3,3,1,0.376317977905,0.45,1,2
0,0,1,0.276277065277,0.45,1,2
2,2,1,0.343474149704,0.45,1,2
3,3,1,0.380710124969,0.45,1,2
1,0,0,0.280064105988,0.45,-2,2
0,0,1,0.25923204422,0.45,1,2
2,2,1,0.332454919815,0.45,1,2
1,1,1,0.463733196259,0.45,-1,2
2,2,1,0.418004989624,0.45,1,2
0,0,1,0.414223194122,0.45,1,2
3,3,1,0.344065904617,0.45,1,2
2,2,1,0.363781929016,0.45,1,2
3,3,1,0.394221067429,0.45,1,2
0,0,1,0.316676139832,0.45,1,2
1,1,1,0.382602930069,0.45,1,2
3,2,0,0.256579875946,0.45,-2,2
0,2,0,0.148362874985,0.45,-2,2
2,2,1,0.31464099884,0.45,1,2
1,0,0,0.419085979462,0.45,-2,2
2,2,1,0.517498016357,0.45,-1,2
0,0,1,0.467739105225,0.45,-1,2
1,1,1,0.565670013428,0.45,-1,2
3,3,1,0.431716918945,0.45,1,2
2,2,1,0.436706066132,0.45,1,2
3,3,1,0.503411054611,0.45,-1,2
1,1,1,0.571599960327,0.45,-1,2
0,0,1,0.311825990677,0.45,1,2
3,3,1,0.377576112747,0.45,1,2
1,1,1,0.358029127121,0.45,1,2
2,2,1,0.294032812119,0.45,1,2
0,0,1,0.444513082504,0.45,1,2
1,1,1,0.431057214737,0.45,1,2
0,0,1,0.416340112686,0.45,1,2
2,2,1,0.342274904251,0.45,1,2
3,3,1,0.351830005646,0.45,1,2
2,2,1,0.412303924561,0.45,1,2
1,1,1,0.294656991959,0.45,1,2
3,2,0,0.281683921814,0.45,-2,2
0,0,1,0.285242080688,0.45,1,2
3,3,1,0.370172977448,0.45,1,2
1,1,1,0.314593076706,0.45,1,2
2,2,1,0.373298883438,0.45,1,2
0,0,1,0.361619949341,0.45,1,2
2,2,1,0.309559106827,0.45,1,2
1,1,1,0.273812055588,0.45,1,2
0,0,1,0.27493596077,0.45,1,2
1,1,1,0.30199098587,0.45,1,2
3,3,1,0.274533033371,0.45,1,2
2,2,1,0.236977100372,0.45,1,2
3,3,1,0.422152996063,0.45,1,2
0,0,1,0.413879156113,0.45,1,2
3,3,1,0.367613077164,0.45,1,2
1,1,1,0.348232030869,0.45,1,2
0,0,1,0.29240489006,0.45,1,2
2,2,1,0.321926116943,0.45,1,2
0,0,1,0.331604957581,0.45,1,2
1,1,1,0.430354118347,0.45,1,2
2,2,1,0.307979106903,0.45,1,2
1,2,0,0.42132806778,0.45,-2,2
3,3,1,0.647917032242,0.45,-1,2
2,2,1,0.628935098648,0.45,-1,2
3,3,1,0.42490696907,0.45,1,2
0,0,1,0.395514011383,0.45,1,2
3,3,1,0.375298976898,0.45,1,2
0,0,1,0.514280080795,0.45,-1,2
1,1,1,0.597106933594,0.45,-1,2
2,2,1,0.318823814392,0.45,1,2
1,1,1,0.394171953201,0.45,1,2
0,0,1,0.30313205719,0.45,1,2
2,2,1,0.353026151657,0.45,1,2
3,3,1,0.420202970505,0.45,1,2
1,1,1,0.465336084366,0.45,-1,2
3,3,1,0.373539924622,0.45,1,2
2,2,1,0.3982629776,0.45,1,2
0,0,1,0.385745048523,0.45,1,2
3,3,1,0.366282939911,0.45,1,2
2,2,1,0.524693965912,0.45,-1,3
1,1,1,0.350790977478,0.45,1,3
0,0,1,0.290917158127,0.45,1,3
3,3,1,0.267447948456,0.45,1,3
0,0,1,0.310881853104,0.45,1,3
1,1,1,0.321563005447,0.45,1,3
3,3,1,0.296321868896,0.45,1,3
1,1,1,0.387862920761,0.45,1,3
2,1,0,0.332575082779,0.45,-2,3
3,3,1,0.335350990295,0.45,1,3
2,2,1,0.355315923691,0.45,1,3
0,0,1,0.304329156876,0.45,1,3
2,2,1,0.296553850174,0.45,1,3
3,3,1,0.327090024948,0.45,1,3
0,0,1,0.33580493927,0.45,1,3
1,1,1,0.332070112228,0.45,1,3
0,0,1,0.33651804924,0.45,1,3
3,3,1,0.387166976929,0.45,1,3
1,1,1,0.299268007278,0.45,1,3
3,3,1,0.329851865768,0.45,1,3
2,2,1,0.371108055115,0.45,1,3
0,0,1,0.336452960968,0.45,1,3
2,2,1,0.337687969208,0.45,1,3
1,1,1,0.291455984116,0.45,1,3
2,2,1,0.319141864777,0.45,1,3
1,1,1,0.341402053833,0.45,1,3
0,0,1,0.310705184937,0.45,1,3
3,3,1,0.340298891068,0.45,1,3
0,0,1,0.35000705719,0.45,1,3
1,1,1,0.400719881058,0.45,1,3
3,3,1,0.362149000168,0.45,1,3
1,1,1,0.336489915848,0.45,1,3
2,2,1,0.347934007645,0.45,1,3
3,3,1,0.350731134415,0.45,1,3
2,2,1,0.347481012344,0.45,1,3
0,0,1,0.323188066483,0.45,1,3
2,2,1,0.297482013702,0.45,1,3
0,0,1,0.338147878647,0.45,1,3
1,1,1,0.38378405571,0.45,1,3
3,3,1,0.425988912582,0.45,1,3
1,1,1,0.382717847824,0.45,1,3
0,0,1,0.333968162537,0.45,1,3
3,3,1,0.276667118073,0.45,1,3
2,2,1,0.26483297348,0.45,1,3
1,1,1,0.259813070297,0.45,1,3
2,2,1,0.327529907227,0.45,1,3
3,3,1,0.346479892731,0.45,1,3
0,1,0,0.34685587883,0.45,-2,3
2,2,1,0.321183919907,0.45,1,3
1,1,1,0.321145057678,0.45,1,3
3,3,1,0.390803098679,0.45,1,3
0,0,1,0.312656879425,0.45,1,3
1,2,0,0.262017011642,0.45,-2,3
0,0,1,0.414172887802,0.45,1,3
3,3,1,0.476775884628,0.45,-1,3
1,1,1,0.476806879044,0.45,-1,3
2,2,1,0.330477952957,0.45,1,3
0,0,1,0.286170005798,0.45,1,3
2,2,1,0.317304849625,0.45,1,3
3,3,1,0.289710998535,0.45,1,3
2,2,1,0.380321979523,0.45,1,3
0,0,1,0.299216985703,0.45,1,3
3,2,0,0.292375087738,0.45,-2,3
1,1,1,0.397844076157,0.45,1,3
0,0,1,0.273087024689,0.45,1,3
1,1,1,0.407775878906,0.45,1,3
3,3,1,0.337529182434,0.45,1,3
2,2,1,0.364454984665,0.45,1,3
1,1,1,0.360877990723,0.45,1,3
2,2,1,0.323217868805,0.45,1,3
3,3,1,0.320110082626,0.45,1,3
0,0,1,0.362237930298,0.45,1,3
2,2,1,0.342216014862,0.45,1,3
3,3,1,0.370445013046,0.45,1,3
1,1,1,0.323874950409,0.45,1,3
0,0,1,0.366754055023,0.45,1,3
1,1,1,0.425498962402,0.45,1,3
3,3,1,0.428057909012,0.45,1,3
0,0,1,0.353328943253,0.45,1,3
3,3,1,0.461207151413,0.45,-1,3
2,2,1,0.399826049805,0.45,1,3
1,1,1,0.380073070526,0.45,1,3
2,2,1,0.428787946701,0.45,1,3
0,0,1,0.408935070038,0.45,1,3
2,2,1,0.374240875244,0.45,1,3
3,3,1,0.344673871994,0.45,1,3
1,1,1,0.34749007225,0.45,1,3
0,0,1,0.364473104477,0.45,1,3
3,3,1,0.417093038559,0.45,1,3
0,0,1,0.436706066132,0.45,1,3
1,1,1,0.392811059952,0.45,1,3
3,3,1,0.397325992584,0.45,1,3
2,1,0,0.430080890656,0.45,-2,3
1,1,1,0.403527021408,0.45,1,3
2,2,1,0.333287000656,0.45,1,3
0,0,1,0.343297958374,0.45,1,3
2,2,1,0.353237867355,0.45,1,3
3,3,1,0.342833995819,0.45,1,3
1,1,1,0.418721914291,0.45,1,3
0,0,1,0.357651948929,0.45,1,3
1,1,1,0.520570039749,0.45,-1,3
3,3,1,0.443417072296,0.45,1,3
0,0,1,0.366719007492,0.45,1,3
3,3,1,0.411004066467,0.45,1,3
2,2,1,0.388835906982,0.45,1,3
1,1,1,0.400897026062,0.45,1,3
2,2,1,0.363795042038,0.45,1,3
0,0,1,0.368689060211,0.45,1,3
2,2,1,0.404269933701,0.45,1,3
1,1,1,0.40456199646,0.45,1,3
3,3,1,0.359890937805,0.45,1,3
0,0,1,0.330648899078,0.45,1,3
1,1,1,0.334699869156,0.45,1,3
0,0,1,0.321793079376,0.45,1,3
3,3,1,0.318823099136,0.45,1,3
1,0,0,0.327146053314,0.45,-2,3
2,1,0,0.380433082581,0.45,-2,3
3,3,1,0.385510921478,0.45,1,3
2,2,1,0.461231946945,0.45,-1,3
0,0,1,0.472110033035,0.45,-1,3
2,2,1,0.378612041473,0.45,1,3
3,3,1,0.379072904587,0.45,1,3
0,0,1,0.473583936691,0.45,-1,3
1,1,1,0.466892004013,0.45,-1,3
3,3,1,0.36821603775,0.45,1,3
1,-1,0,0.7,0.45,-2,3
0,2,0,0.143182992935,0.45,-2,3
2,2,1,0.313158035278,0.45,1,3
0,0,1,0.31495308876,0.45,1,3
3,2,0,0.328236103058,0.45,-2,3
2,2,1,0.363934993744,0.45,1,3
1,1,1,0.420418024063,0.45,1,3
2,2,1,0.368947982788,0.45,1,3
1,1,1,0.403260946274,0.45,1,3
3,3,1,0.456449985504,0.45,-1,3
0,0,1,0.411954879761,0.45,1,3
3,3,1,0.405719995499,0.45,1,3
1,1,1,0.432784080505,0.45,1,3
0,0,1,0.405996084213,0.45,1,3
2,2,1,0.40916800499,0.45,1,3
3,3,1,0.364009141922,0.45,1,3
2,2,1,0.406883001328,0.45,1,3
0,0,1,0.337410926819,0.45,1,3
1,1,1,0.364417076111,0.45,1,3
2,2,1,0.353941917419,0.45,1,3
3,3,1,0.371079921722,0.45,1,3
0,0,1,0.334626913071,0.45,1,3
1,1,1,0.37693810463,0.45,1,3
0,0,1,0.346976041794,0.45,1,3
3,3,1,0.366586923599,0.45,1,3
1,0,0,0.385755062103,0.45,-2,3
3,3,1,0.382343053818,0.45,1,3
2,2,1,0.427425861359,0.45,1,3
1,1,1,0.366425991058,0.45,1,3
2,2,1,0.305565834045,0.45,1,3
0,0,1,0.356095075607,0.45,1,3
2,2,1,0.429980993271,0.45,1,3
1,1,1,0.409168958664,0.45,1,3
0,0,1,0.35135602951,0.45,1,3
3,3,1,0.328824996948,0.45,1,3
0,0,1,0.369616985321,0.45,1,3
1,1,1,0.481338977814,0.45,-1,3
3,3,1,0.499396085739,0.45,-1,3
1,1,1,0.427967071533,0.45,1,3
2,2,1,0.478564023972,0.45,-1,3
0,0,1,0.460274934769,0.45,-1,3
2,2,1,0.416639089584,0.45,1,3
3,3,1,0.416836977005,0.45,1,3
2,2,1,0.422985076904,0.45,1,3
0,0,1,0.383225917816,0.45,1,3
3,3,1,0.339424133301,0.45,1,3
1,0,0,0.343096971512,0.45,-2,3
3,2,0,0.321520090103,0.45,-2,3
0,0,1,0.371680021286,0.45,1,3
1,2,0,0.41007399559,0.45,-2,3
0,0,1,0.460119009018,0.45,-1,3
2,2,1,0.393632888794,0.45,1,3
3,3,1,0.386324882507,0.45,1,3
2,2,1,0.365789175034,0.45,1,3
1,1,1,0.424309015274,0.45,1,3
2,2,1,0.436699151993,0.45,1,3
1,1,1,0.553270816803,0.45,-1,3
3,2,0,0.354348897934,0.45,-2,3
0,0,1,0.343189001083,0.45,1,3
1,1,1,0.362585783005,0.45,1,3
0,0,1,0.389276981354,0.45,1,3
3,3,1,0.465575933456,0.45,-1,3
1,1,1,0.425544977188,0.45,1,3
2,2,1,0.310269117355,0.45,1,3
0,0,1,0.298615932465,0.45,1,3
2,2,1,0.318435907364,0.45,1,3
3,3,1,0.359815120697,0.45,1,3
2,1,0,0.4102871418,0.45,-2,3
1,1,1,0.286180973053,0.45,1,3
3,2,0,0.420226097107,0.45,-2,3
0,0,1,0.406587123871,0.45,1,3
3,3,1,0.354588985443,0.45,1,3
1,1,1,0.355700016022,0.45,1,3
0,0,1,0.329966068268,0.45,1,3
1,1,1,0.450850963593,0.45,-1,3
2,2,1,0.446934938431,0.45,1,3
0,0,1,0.367277145386,0.45,1,3
2,2,1,0.350136995316,0.45,1,3
3,3,1,0.392111063004,0.45,1,3
2,2,1,0.413512945175,0.45,1,3
1,1,1,0.343601942062,0.45,1,3
3,3,1,0.339878082275,0.45,1,3
0,0,1,0.379146099091,0.45,1,3
3,2,0,0.375818014145,0.45,-2,3
1,1,1,0.556260108948,0.45,-1,3
0,0,1,0.352272987366,0.45,1,3
2,2,1,0.33100605011,0.45,1,3
0,0,1,0.308089971542,0.45,1,3
1,1,1,0.600177049637,0.45,-1,3
2,3,0,0.339906930923,0.45,-2,3
3,3,1,0.367621898651,0.45,1,3
2,2,1,0.384264945984,0.45,1,3
3,3,1,0.49382686615,0.45,-1,4
0,0,1,0.382728815079,0.45,1,4
2,2,1,0.263149023056,0.45,1,4
1,1,1,0.40526008606,0.45,1,4
0,0,1,0.360992908478,0.45,1,4
1,2,0,0.347125053406,0.45,-2,4
2,2,1,0.268639802933,0.45,1,4
0,0,1,0.354276180267,0.45,1,4
3,3,1,0.390335083008,0.45,1,4
1,1,1,0.358258962631,0.45,1,4
3,3,1,0.435225963593,0.45,1,4
2,2,1,0.327075958252,0.45,1,4
3,3,1,0.395235061646,0.45,1,4
2,2,1,0.371278047562,0.45,1,4
1,1,1,0.375500917435,0.45,1,4
0,0,1,0.332692146301,0.45,1,4
2,2,1,0.366735935211,0.45,1,4
0,0,1,0.426588058472,0.45,1,4
1,1,1,0.613876819611,0.45,-1,4
2,2,1,0.344347000122,0.45,1,4
3,3,1,0.333266019821,0.45,1,4
1,1,1,0.493078947067,0.45,-1,4
3,3,1,0.354820013046,0.45,1,4
0,0,1,0.333250045776,0.45,1,4
3,3,1,0.432746171951,0.45,1,4
1,1,1,0.396496772766,0.45,1,4
2,2,1,0.310047149658,0.45,1,4
0,0,1,0.35214805603,0.45,1,4
1,2,0,0.295887947083,0.45,-2,4
0,0,1,0.362599849701,0.45,1,4
2,2,1,0.347723960876,0.45,1,4
3,3,1,0.369206905365,0.45,1,4
0,0,1,0.396886110306,0.45,1,4
3,3,1,0.469115972519,0.45,-1,4
2,2,1,0.482802152634,0.45,-1,4
1,1,1,0.396025896072,0.45,1,4
3,3,1,0.353013038635,0.45,1,4
1,1,1,0.483288049698,0.45,-1,4
0,0,1,0.324640989304,0.45,1,4
2,2,1,0.344880104065,0.45,1,4
1,0,0,0.442234039307,0.45,-2,4
2,2,1,0.384563922882,0.45,1,4
0,0,1,0.338077068329,0.45,1,4
3,3,1,0.431935071945,0.45,1,4
0,0,1,0.490548849106,0.45,-1,4
1,1,1,0.581344127655,0.45,-1,4
3,3,1,0.456809997559,0.45,-1,4
2,2,1,0.522192001343,0.45,-1,4
3,3,1,0.46882390976,0.45,-1,4
1,1,1,0.515877962112,0.45,-1,4
0,0,1,0.382619142532,0.45,1,4
2,2,1,0.328509092331,0.45,1,4
1,1,1,0.477510929108,0.45,-1,4
2,2,1,0.361211061478,0.45,1,4
0,0,1,0.404639005661,0.45,1,4
1,1,1,0.430036067963,0.45,1,4
3,3,1,0.35849905014,0.45,1,4
2,2,1,0.362489938736,0.45,1,4
3,3,1,0.44000005722,0.45,1,4
0,0,1,0.336482048035,0.45,1,4
3,3,1,0.365127086639,0.45,1,4
2,2,1,0.354422092438,0.45,1,4
0,0,1,0.315930128098,0.45,1,4
1,1,1,0.325678110123,0.45,1,4
0,0,1,0.39381313324,0.45,1,4
2,2,1,0.308408975601,0.45,1,4
1,1,1,0.411451101303,0.45,1,4
3,3,1,0.348855018616,0.45,1,4
1,2,0,0.48824095726,0.45,-2,4
2,1,0,0.332633972168,0.45,-2,4
3,2,0,0.42415189743,0.45,-2,4
0,0,1,0.451601982117,0.45,-1,4
3,3,1,0.405550003052,0.45,1,4
2,2,1,0.370156049728,0.45,1,4
1,1,1,0.38827085495,0.45,1,4
0,0,1,0.348744153976,0.45,1,4
2,2,1,0.386193037033,0.45,1,4
0,0,1,0.373414993286,0.45,1,4
1,1,1,0.361824035645,0.45,1,4
3,3,1,0.36221909523,0.45,1,4
1,1,1,0.374212026596,0.45,1,4
2,2,1,0.313154935837,0.45,1,4
3,3,1,0.387845993042,0.45,1,4
0,0,1,0.362055063248,0.45,1,4
3,2,0,0.394217014313,0.45,-2,4
2,2,1,0.351088047028,0.45,1,4
1,1,1,0.379081010818,0.45,1,4
0,0,1,0.334640979767,0.45,1,4
1,1,1,0.426600933075,0.45,1,4
2,2,1,0.339510917664,0.45,1,4
0,0,1,0.346017122269,0.45,1,4
3,3,1,0.402153968811,0.45,1,4
1,1,1,0.367223024368,0.45,1,4
3,3,1,0.407855987549,0.45,1,4
0,0,1,0.326384067535,0.45,1,4
2,2,1,0.357733011246,0.45,1,4
3,3,1,0.412347793579,0.45,1,4
2,1,0,0.414538145065,0.45,-2,4
0,1,0,0.368709087372,0.45,-2,4
1,1,1,0.547195911407,0.45,-1,4
2,2,1,0.368650913239,0.45,1,4
1,0,0,0.377846956253,0.45,-2,4
0,0,1,0.357701063156,0.45,1,4
2,2,1,0.376391172409,0.45,1,4
3,3,1,0.383309841156,0.45,1,4
0,0,1,0.362221956253,0.45,1,4
3,3,1,0.380642175674,0.45,1,4
1,1,1,0.37562584877,0.45,1,4
3,3,1,0.411233901978,0.45,1,4
1,1,1,0.420135974884,0.45,1,4
2,2,1,0.38407087326,0.45,1,4
0,0,1,0.379707813263,0.45,1,4
2,2,1,0.35218000412,0.45,1,4
1,1,1,0.379477024078,0.45,1,4
0,0,1,0.381129980087,0.45,1,4
3,3,1,0.419058084488,0.45,1,4
0,0,1,0.446161985397,0.45,1,4
1,1,1,0.526937961578,0.45,-1,4
3,3,1,0.435219049454,0.45,1,4
2,2,1,0.4544069767,0.45,-1,4
3,3,1,0.415847063065,0.45,1,4
2,2,1,0.397946119308,0.45,1,4
1,1,1,0.390059947968,0.45,1,4
0,0,1,0.341258049011,0.45,1,4
1,1,1,0.407305002213,0.45,1,4
2,2,1,0.337638139725,0.45,1,4
0,0,1,0.37998509407,0.45,1,4
2,2,1,0.337582111359,0.45,1,4
3,3,1,0.356086015701,0.45,1,4
1,1,1,0.384142160416,0.45,1,4
3,3,1,0.375739812851,0.45,1,4
0,0,1,0.366662979126,0.45,1,4
3,3,1,0.385731935501,0.45,1,4
2,2,1,0.445791959763,0.45,1,4
1,1,1,0.278110980988,0.45,1,4
0,0,1,0.37988114357,0.45,1,4
2,2,1,0.300631999969,0.45,1,4
0,0,1,0.387050867081,0.45,1,4
1,1,1,0.390047073364,0.45,1,4
2,2,1,0.373006820679,0.45,1,4
3,2,0,0.323244810104,0.45,-2,4
0,0,1,0.381616830826,0.45,1,4
3,3,1,0.401362895966,0.45,1,4
1,1,1,0.502012968063,0.45,-1,4
3,2,0,0.305371046066,0.45,-2,4
0,0,1,0.347091913223,0.45,1,4
1,0,0,0.375806808472,0.45,-2,4
2,2,1,0.360001087189,0.45,1,4
1,0,0,0.363450050354,0.45,-2,4
0,0,1,0.334015846252,0.45,1,4
2,2,1,0.396842002869,0.45,1,4
3,3,1,0.383652925491,0.45,1,4
1,0,0,0.416706085205,0.45,-2,4
3,2,0,0.428594112396,0.45,-2,4
2,2,1,0.578057050705,0.45,-1,4
0,0,1,0.485555171967,0.45,-1,4
3,3,1,0.429358959198,0.45,1,4
1,1,1,0.474583148956,0.45,-1,4
2,2,1,0.284810066223,0.45,1,4
0,0,1,0.384296894073,0.45,1,4
1,1,1,0.389405965805,0.45,1,4
0,0,1,0.463588953018,0.45,-1,4
2,2,1,0.330518007278,0.45,1,4
3,3,1,0.399407863617,0.45,1,4
2,2,1,0.359662771225,0.45,1,4
1,2,0,0.36607503891,0.45,-2,4
3,3,1,0.381037950516,0.45,1,4
0,0,1,0.387045145035,0.45,1,4
3,3,1,0.365093946457,0.45,1,4
0,0,1,0.328743934631,0.45,1,4
2,2,1,0.332309007645,0.45,1,4
1,1,1,0.406934022903,0.45,1,4
0,0,1,0.363648176193,0.45,1,4
1,1,1,0.429793119431,0.45,1,4
2,2,1,0.297913074493,0.45,1,4
0,0,1,0.391074895859,0.45,1,4
3,3,1,0.338279008865,0.45,1,4
2,2,1,0.508155822754,0.45,-1,4
3,2,0,0.472280025482,0.45,-2,4
1,2,0,0.467486858368,0.45,-2,4
3,2,0,0.502851963043,0.45,-2,4
2,2,1,0.529809951782,0.45,-1,4
1,0,0,0.379916191101,0.45,-2,4
0,0,1,0.391232013702,0.45,1,4
1,0,0,0.39180803299,0.45,-2,4
2,2,1,0.365463972092,0.45,1,4
0,0,1,0.392220020294,0.45,1,4
2,2,1,0.539444923401,0.45,-1,4
3,3,1,0.624236106873,0.45,-1,4
1,1,1,0.515788078308,0.45,-1,4
3,3,1,0.387862920761,0.45,1,4
0,0,1,0.313196897507,0.45,1,4
3,3,1,0.419214963913,0.45,1,4
1,-1,0,0.7,0.45,-2,4
0,1,0,0.180376052856,0.45,-2,4
2,2,1,0.573415994644,0.45,-1,4
1,1,1,0.369784832001,0.45,1,4
2,2,1,0.357131958008,0.45,1,4
0,0,1,0.343786001205,0.45,1,4
1,1,1,0.417721986771,0.45,1,4
3,3,1,0.44468998909,0.45,1,4
0,0,1,0.330168008804,0.45,1,4
3,3,1,0.437431097031,0.45,1,4
2,2,1,0.464361906052,0.45,-1,4
3,2,0,0.497803926468,0.45,-2,4
0,0,1,0.510771036148,0.45,-1,4
1,1,1,0.489075899124,0.45,-1,4
2,2,1,0.38716006279,0.45,1,4
0,0,1,0.494843959808,0.45,-1,4
2,2,1,0.385559082031,0.45,1,4
1,-1,0,0.7,0.45,-2,4
0,1,0,0.0920388698578,0.45,-2,4
3,3,1,0.429932117462,0.45,1,4
2,2,1,0.470515012741,0.45,-1,4
3,3,1,0.507644891739,0.45,-1,4
1,1,1,0.512392997742,0.45,-1,4
3,3,1,0.513534069061,0.45,-1,4
3,3,1,0.547658920288,0.45,-1,5
2,2,1,0.349833965302,0.45,1,5
0,0,1,0.375794887543,0.45,1,5
1,1,1,0.412487983704,0.45,1,5
2,2,1,0.284204959869,0.45,1,5
1,1,1,0.347155094147,0.45,1,5
0,0,1,0.365628957748,0.45,1,5
3,3,1,0.367629051208,0.45,1,5
0,0,1,0.451264858246,0.45,-1,5
2,2,1,0.396592140198,0.45,1,5
3,3,1,0.395302772522,0.45,1,5
1,1,1,0.437558889389,0.45,1,5
3,3,1,0.353523015976,0.45,1,5
2,2,1,0.354168891907,0.45,1,5
1,2,0,0.343131065369,0.45,-2,5
0,0,1,0.416745901108,0.45,1,5
2,2,1,0.33318400383,0.45,1,5
0,0,1,0.400242090225,0.45,1,5
1,1,1,0.433668136597,0.45,1,5
2,2,1,0.295814037323,0.45,1,5
3,3,1,0.360007047653,0.45,1,5
0,0,1,0.350807905197,0.45,1,5
3,3,1,0.401501178741,0.45,1,5
1,1,1,0.522022008896,0.45,-1,5
3,2,0,0.159635782242,0.45,-2,5
2,0,0,0.370892047882,0.45,-2,5
0,0,1,0.292078018188,0.45,1,5
1,2,0,0.60916686058,0.45,-2,5
2,2,1,0.418588876724,0.45,1,5
1,1,1,0.43785905838,0.45,1,5
0,0,1,0.328263998032,0.45,1,5
3,3,1,0.318482160568,0.45,1,5
1,1,1,0.280173063278,0.45,1,5
3,2,0,0.306762218475,0.45,-2,5
0,0,1,0.286353826523,0.45,1,5
2,2,1,0.283612012863,0.45,1,5
3,3,1,0.364168167114,0.45,1,5
2,2,1,0.38271188736,0.45,1,5
0,0,1,0.340023040771,0.45,1,5
1,1,1,0.433308124542,0.45,1,5
2,2,1,0.284231185913,0.45,1,5
1,1,1,0.383334159851,0.45,1,5
0,0,1,0.337779045105,0.45,1,5
2,2,1,0.284237861633,0.45,1,5
3,3,1,0.321976900101,0.45,1,5
1,0,0,0.269064188004,0.45,-2,5
3,0,0,0.287798881531,0.45,-2,5
0,0,1,0.321986913681,0.45,1,5
3,3,1,0.381239175797,0.45,1,5
0,1,0,0.342392921448,0.45,-2,5
2,2,1,0.308740854263,0.45,1,5
1,1,1,0.408807992935,0.45,1,5
0,0,1,0.313431978226,0.45,1,5
1,1,1,0.374130964279,0.45,1,5
2,2,1,0.313704013824,0.45,1,5
3,3,1,0.332590818405,0.45,1,5
1,0,0,0.313152074814,0.45,-2,5
3,3,1,0.393665075302,0.45,1,5
2,2,1,0.462357997894,0.45,-1,5
0,0,1,0.414834976196,0.45,1,5
3,3,1,0.373621940613,0.45,1,5
0,0,1,0.343546152115,0.45,1,5
1,0,0,0.364227056503,0.45,-2,5
2,1,0,0.342111110687,0.45,-2,5
1,0,0,0.320931911469,0.45,-2,5
0,0,1,0.32287311554,0.45,1,5
2,2,1,0.27886390686,0.45,1,5
0,0,1,0.298253059387,0.45,1,5
3,3,1,0.358104944229,0.45,1,5
1,1,1,0.395315170288,0.45,1,5
3,3,1,0.347095966339,0.45,1,5
2,2,1,0.399945020676,0.45,1,5
3,3,1,0.394727945328,0.45,1,5
0,0,1,0.359586000443,0.45,1,5
2,2,1,0.319415807724,0.45,1,5
1,1,1,0.299919128418,0.45,1,5
0,0,1,0.327181100845,0.45,1,5
1,1,1,0.410192966461,0.45,1,5
2,2,1,0.308966875076,0.45,1,5
0,0,1,0.344944953918,0.45,1,5
3,3,1,0.365914106369,0.45,1,5
1,1,1,0.306335926056,0.45,1,5
3,3,1,0.499136209488,0.45,-1,5
2,1,0,0.46919798851,0.45,-2,5
3,3,1,0.513718128204,0.45,-1,5
0,0,1,0.443014860153,0.45,1,5
1,1,1,0.425919055939,0.45,1,5
2,2,1,0.355512142181,0.45,1,5
1,0,0,0.40971493721,0.45,-2,5
0,0,1,0.339878082275,0.45,1,5
2,2,1,0.341785907745,0.45,1,5
0,0,1,0.331194877625,0.45,1,5
3,2,0,0.364452838898,0.45,-2,5
2,2,1,0.457704782486,0.45,-1,5
3,3,1,0.442888975143,0.45,1,5
1,1,1,0.375244855881,0.45,1,5
3,3,1,0.337785959244,0.45,1,5
2,2,1,0.507801055908,0.45,-1,5
1,1,1,0.441876888275,0.45,1,5
0,0,1,0.292739868164,0.45,1,5
2,2,1,0.294242858887,0.45,1,5
0,1,0,0.355513095856,0.45,-2,5
1,0,0,0.30853509903,0.45,-2,5
3,2,0,0.423341989517,0.45,-2,5
1,1,1,0.562119960785,0.45,-1,5
2,2,1,0.463571071625,0.45,-1,5
3,3,1,0.394826889038,0.45,1,5
0,-1,0,0.7,0.45,-2,5
3,3,1,0.398765087128,0.45,1,5
0,1,0,0.5307970047,0.45,-2,5
1,1,1,0.445596933365,0.45,1,5
2,2,1,0.394090175629,0.45,1,5
0,0,1,0.454936981201,0.45,-1,5
2,1,0,0.442853927612,0.45,-2,5
1,1,1,0.402729034424,0.45,1,5
3,3,1,0.465176105499,0.45,-1,5
1,0,0,0.402407169342,0.45,-2,5
0,0,1,0.3493309021,0.45,1,5
3,2,0,0.313889026642,0.45,-2,5
2,3,0,0.445286035538,0.45,-2,5
3,3,1,0.526556015015,0.45,-1,5
0,0,1,0.42062997818,0.45,1,5
1,1,1,0.439050912857,0.45,1,5
2,2,1,0.361083030701,0.45,1,5
0,0,1,0.412409067154,0.45,1,5
2,2,1,0.415498018265,0.45,1,5
1,1,1,0.323503017426,0.45,1,5
3,3,1,0.396295070648,0.45,1,5
2,2,1,0.547183036804,0.45,-1,5
3,3,1,0.525637865067,0.45,-1,5
1,1,1,0.512764930725,0.45,-1,5
0,0,1,0.369999170303,0.45,1,5
3,3,1,0.445585012436,0.45,1,5
1,0,0,0.344537973404,0.45,-2,5
2,1,0,0.324508905411,0.45,-2,5
0,1,0,0.39849114418,0.45,-2,5
2,2,1,0.394800901413,0.45,1,5
1,0,0,0.329163789749,0.45,-2,5
0,0,1,0.330157995224,0.45,1,5
3,2,0,0.326840877533,0.45,-2,5
2,2,1,0.480921983719,0.45,-1,5
3,3,1,0.468335866928,0.45,-1,5
0,0,1,0.42121219635,0.45,1,5
1,1,1,0.466732025146,0.45,-1,5
3,2,0,0.382033109665,0.45,-2,5
1,1,1,0.495523929596,0.45,-1,5
0,0,1,0.317651987076,0.45,1,5
2,2,1,0.320340156555,0.45,1,5
0,0,1,0.312621116638,0.45,1,5
1,1,1,0.372107028961,0.45,1,5
2,2,1,0.302973985672,0.45,1,5
3,3,1,0.406162023544,0.45,1,5
0,0,1,0.326678037643,0.45,1,5
3,3,1,0.338741064072,0.45,1,5
2,2,1,0.365345001221,0.45,1,5
1,0,0,0.330456972122,0.45,-2,5
3,3,1,0.438975095749,0.45,1,5
2,1,0,0.439435005188,0.45,-2,5
1,1,1,0.532325983047,0.45,-1,5
0,0,1,0.382110834122,0.45,1,5
2,2,1,0.331047058105,0.45,1,5
0,0,1,0.41331911087,0.45,1,5
1,1,1,0.353696107864,0.45,1,5
3,3,1,0.387856960297,0.45,1,5
0,0,1,0.438894033432,0.45,1,5
3,3,1,0.425856113434,0.45,1,5
1,0,0,0.485418081284,0.45,-2,5
2,2,1,0.360739946365,0.45,1,5
3,3,1,0.450653076172,0.45,-1,5
1,1,1,0.405879974365,0.45,1,5
0,0,1,0.361899137497,0.45,1,5
2,-1,0,0.7,0.45,-2,5
1,2,0,0.1841340065,0.45,-2,5
2,2,1,0.273373126984,0.45,1,5
0,0,1,0.312244176865,0.45,1,5
1,2,0,0.337624073029,0.45,-2,5
3,2,0,0.421499013901,0.45,-2,5
0,0,1,0.443103790283,0.45,1,5
3,3,1,0.484375953674,0.45,-1,5
2,2,1,0.4074010849,0.45,1,5
3,3,1,0.403198003769,0.45,1,5
0,0,1,0.383227109909,0.45,1,5
2,2,1,0.388002872467,0.45,1,5
1,1,1,0.348773956299,0.45,1,5
2,2,1,0.385130882263,0.45,1,5
0,0,1,0.380287885666,0.45,1,5
1,1,1,0.408367156982,0.45,1,5
0,0,1,0.40025806427,0.45,1,5
3,3,1,0.372173070908,0.45,1,5
2,2,1,0.377835988998,0.45,1,5
3,3,1,0.417910814285,0.45,1,5
1,1,1,0.448770046234,0.45,1,5
3,2,0,0.392138004303,0.45,-2,5
0,0,1,0.363234043121,0.45,1,5
1,1,1,0.474524021149,0.45,-1,5
2,2,1,0.458281040192,0.45,-1,5
1,1,1,0.437839031219,0.45,1,5
0,0,1,0.371243000031,0.45,1,5
2,2,1,0.331574201584,0.45,1,5
3,3,1,0.407520055771,0.45,1,5
1,1,1,0.446208953857,0.45,1,5
3,3,1,0.397738933563,0.45,1,5
2,2,1,0.368448019028,0.45,1,5
0,0,1,0.381062030792,0.45,1,5
3,3,1,0.432204008102,0.45,1,5
0,1,0,0.419390916824,0.45,-2,5
1,1,1,0.376882076263,0.45,1,5
2,2,1,0.292943954468,0.45,1,5
0,0,1,0.277169942856,0.45,1,5
2,2,1,0.345332860947,0.45,1,5
1,2,0,0.40491604805,0.45,-2,5
3,3,1,0.49785399437,0.45,-1,5
1,1,1,0.492801904678,0.45,-1,5
0,0,1,0.405867815018,0.45,1,5
3,3,1,0.442227125168,0.45,1,5
2,3,0,0.420260906219,0.45,-2,5
3,3,1,0.513484954834,0.45,-1,5
2,2,1,0.483104228973,0.45,-1,6
0,0,1,0.359820127487,0.45,1,6
3,3,1,0.321458101273,0.45,1,6
1,1,1,0.338753223419,0.45,1,6
0,0,1,0.352789878845,0.45,1,6
1,0,0,0.424279928207,0.45,-2,6
3,3,1,0.373087882996,0.45,1,6
0,0,1,0.329945802689,0.45,1,6
2,2,1,0.326344013214,0.45,1,6
1,1,1,0.361166954041,0.45,1,6
2,2,1,0.361763000488,0.45,1,6
3,3,1,0.339976787567,0.45,1,6
2,2,1,0.32820391655,0.45,1,6
1,1,1,0.338921070099,0.45,1,6
3,3,1,0.294659852982,0.45,1,6
0,0,1,0.43333697319,0.45,1,6
3,3,1,0.350658178329,0.45,1,6
1,1,1,0.320834875107,0.45,1,6
0,0,1,0.419871091843,0.45,1,6
2,2,1,0.313535928726,0.45,1,6
3,3,1,0.300663948059,0.45,1,6
2,2,1,0.400052785873,0.45,1,6
0,0,1,0.364125013351,0.45,1,6
1,1,1,0.34761595726,0.45,1,6
2,2,1,0.36661696434,0.45,1,6
0,0,1,0.377618074417,0.45,1,6
1,1,1,0.39248418808,0.45,1,6
3,3,1,0.418641805649,0.45,1,6
0,0,1,0.379719018936,0.45,1,6
3,2,0,0.3844871521,0.45,-2,6
1,1,1,0.54096698761,0.45,-1,6
0,0,1,0.341372966766,0.45,1,6
2,2,1,0.322285890579,0.45,1,6
1,0,0,0.333245038986,0.45,-2,6
2,2,1,0.359912872314,0.45,1,6
3,3,1,0.418298006058,0.45,1,6
2,2,1,0.380828142166,0.45,1,6
3,3,1,0.361411094666,0.45,1,6
0,0,1,0.358913898468,0.45,1,6
1,2,0,0.370166063309,0.45,-2,6
3,3,1,0.429895162582,0.45,1,6
1,1,1,0.390790939331,0.45,1,6
0,0,1,0.368933200836,0.45,1,6
3,3,1,0.351201057434,0.45,1,6
2,2,1,0.371348142624,0.45,1,6
1,1,1,0.386724948883,0.45,1,6
2,2,1,0.342260122299,0.45,1,6
0,0,1,0.340039968491,0.45,1,6
2,2,1,0.328706026077,0.45,1,6
0,0,1,0.36213183403,0.45,1,6
3,3,1,0.381041049957,0.45,1,6
1,1,1,0.362010002136,0.45,1,6
3,3,1,0.35554599762,0.45,1,6
0,0,1,0.294529914856,0.45,1,6
1,1,1,0.385110139847,0.45,1,6
2,2,1,0.308715820312,0.45,1,6
1,1,1,0.382457017899,0.45,1,6
0,0,1,0.291993141174,0.45,1,6
2,3,0,0.271774053574,0.45,-2,6
3,2,0,0.331413984299,0.45,-2,6
2,-1,0,0.7,0.45,-2,6
0,2,0,0.17643404007,0.45,-2,6
1,1,1,0.587867021561,0.45,-1,6
3,3,1,0.4800760746,0.45,-1,6
0,0,1,0.417366027832,0.45,1,6
3,3,1,0.421856164932,0.45,1,6
1,1,1,0.400031089783,0.45,1,6
0,0,1,0.347696065903,0.45,1,6
2,2,1,0.305429935455,0.45,1,6
3,3,1,0.349388122559,0.45,1,6
2,2,1,0.389028072357,0.45,1,6
1,1,1,0.488341093063,0.45,-1,6
2,2,1,0.356698989868,0.45,1,6
0,0,1,0.317811965942,0.45,1,6
3,3,1,0.380565881729,0.45,1,6
1,1,1,0.35769701004,0.45,1,6
3,3,1,0.376799106598,0.45,1,6
0,0,1,0.350224018097,0.45,1,6
1,1,1,0.366744995117,0.45,1,6
2,2,1,0.337889909744,0.45,1,6
3,3,1,0.302138090134,0.45,1,6
2,2,1,0.384684085846,0.45,1,6
1,1,1,0.268895864487,0.45,1,6
0,0,1,0.264312028885,0.45,1,6
2,2,1,0.274417161942,0.45,1,6
0,0,1,0.35896396637,0.45,1,6
1,1,1,0.380329847336,0.45,1,6
3,3,1,0.495869874954,0.45,-1,6
0,0,1,0.402940034866,0.45,1,6
3,3,1,0.46009016037,0.45,-1,6
1,1,1,0.552721977234,0.45,-1,6
0,0,1,0.420289039612,0.45,1,6
2,2,1,0.333330869675,0.45,1,6
1,0,0,0.305087089539,0.45,-2,6
2,2,1,0.404604911804,0.45,1,6
3,3,1,0.421839952469,0.45,1,6
2,2,1,0.521579027176,0.45,-1,6
0,0,1,0.388726949692,0.45,1,6
3,3,1,0.43269610405,0.45,1,6
1,1,1,0.309767961502,0.45,1,6
0,0,1,0.311818122864,0.45,1,6
1,1,1,0.401315927505,0.45,1,6
3,2,0,0.318269014359,0.45,-2,6
2,2,1,0.416745901108,0.45,1,6
1,1,1,0.570409059525,0.45,-1,6
2,2,1,0.34357714653,0.45,1,6
3,3,1,0.362138032913,0.45,1,6
0,0,1,0.344591856003,0.45,1,6
2,2,1,0.344708204269,0.45,1,6
0,0,1,0.350750923157,0.45,1,6
1,1,1,0.390920162201,0.45,1,6
3,3,1,0.349506139755,0.45,1,6
1,1,1,0.360933065414,0.45,1,6
0,0,1,0.369675159454,0.45,1,6
3,3,1,0.415378808975,0.45,1,6
0,0,1,0.344901800156,0.45,1,6
2,2,1,0.309735059738,0.45,1,6
1,1,1,0.37752199173,0.45,1,6
2,2,1,0.354532957077,0.45,1,6
3,3,1,0.356445074081,0.45,1,6
2,2,1,0.376279115677,0.45,1,6
0,0,1,0.333363056183,0.45,1,6
1,1,1,0.352777004242,0.45,1,6
3,3,1,0.435605049133,0.45,1,6
0,0,1,0.347513914108,0.45,1,6
3,3,1,0.457738876343,0.45,-1,6
1,1,1,0.43593287468,0.45,1,6
2,2,1,0.367023944855,0.45,1,6
1,1,1,0.370105028152,0.45,1,6
0,0,1,0.348517179489,0.45,1,6
2,2,1,0.355450868607,0.45,1,6
3,3,1,0.370901107788,0.45,1,6
2,2,1,0.42653298378,0.45,1,6
3,3,1,0.396385908127,0.45,1,6
0,0,1,0.375430107117,0.45,1,6
1,1,1,0.336625099182,0.45,1,6
3,3,1,0.34345293045,0.45,1,6
1,1,1,0.327023029327,0.45,1,6
0,0,1,0.341647863388,0.45,1,6
2,2,1,0.349943161011,0.45,1,6
0,0,1,0.394742965698,0.45,1,6
3,3,1,0.391093969345,0.45,1,6
2,2,1,0.431891918182,0.45,1,6
1,1,1,0.36500620842,0.45,1,6
2,2,1,0.350311040878,0.45,1,6
1,1,1,0.426733016968,0.45,1,6
3,3,1,0.374490022659,0.45,1,6
0,0,1,0.327558994293,0.45,1,6
3,3,1,0.362542867661,0.45,1,6
1,1,1,0.337466001511,0.45,1,6
0,0,1,0.338798046112,0.45,1,6
2,2,1,0.294273853302,0.45,1,6
3,3,1,0.353628158569,0.45,1,6
2,1,0,0.356369972229,0.45,-2,6
0,0,1,0.367258071899,0.45,1,6
1,1,1,0.397458076477,0.45,1,6
2,2,1,0.391689062119,0.45,1,6
3,3,1,0.424489021301,0.45,1,6
0,0,1,0.382968902588,0.45,1,6
1,1,1,0.383463859558,0.45,1,6
3,3,1,0.450793981552,0.45,-1,6
1,1,1,0.433119058609,0.45,1,6
0,0,1,0.371432065964,0.45,1,6
3,3,1,0.311167955399,0.45,1,6
2,2,1,0.335817098618,0.45,1,6
0,0,1,0.297832012177,0.45,1,6
2,2,1,0.309172153473,0.45,1,6
1,1,1,0.289071083069,0.45,1,6
2,1,0,0.379967927933,0.45,-2,6
1,1,1,0.35422205925,0.45,1,6
3,2,0,0.372081041336,0.45,-2,6
0,0,1,0.341947078705,0.45,1,6
1,2,0,0.386844873428,0.45,-2,6
0,1,0,0.405847072601,0.45,-2,6
3,3,1,0.456863880157,0.45,-1,6
2,2,1,0.540957927704,0.45,-1,6
3,3,1,0.470972061157,0.45,-1,6
1,1,1,0.476139068604,0.45,-1,6
2,3,0,0.388940811157,0.45,-2,6
0,0,1,0.369393110275,0.45,1,6
2,2,1,0.292104005814,0.45,1,6
0,0,1,0.39773607254,0.45,1,6
1,1,1,0.340493917465,0.45,1,6
3,3,1,0.389998197556,0.45,1,6
1,1,1,0.466765880585,0.45,-1,6
0,0,1,0.299831151962,0.45,1,6
3,3,1,0.337002038956,0.45,1,6
0,0,1,0.404518127441,0.45,1,6
2,2,1,0.342172861099,0.45,1,6
1,1,1,0.360316038132,0.45,1,6
2,2,1,0.348749876022,0.45,1,6
3,3,1,0.399961948395,0.45,1,6
2,-1,0,0.7,0.45,-2,6
0,2,0,0.0083909034729,0.45,-2,6
3,3,1,0.491379022598,0.45,-1,6
1,2,0,0.402765989304,0.45,-2,6
3,2,0,0.417616128922,0.45,-2,6
0,0,1,0.354206085205,0.45,1,6
1,0,0,0.472543001175,0.45,-2,6
2,2,1,0.348617076874,0.45,1,6
1,1,1,0.429337024689,0.45,1,6
0,0,1,0.361222028732,0.45,1,6
2,2,1,0.372197151184,0.45,1,6
3,3,1,0.479779958725,0.45,-1,6
2,2,1,0.433685064316,0.45,1,6
0,0,1,0.398969888687,0.45,1,6
3,3,1,0.418027162552,0.45,1,6
1,1,1,0.445376873016,0.45,1,6
0,0,1,0.424302101135,0.45,1,6
1,1,1,0.46529507637,0.45,-1,6
3,3,1,0.392284154892,0.45,1,6
0,0,1,0.32321190834,0.45,1,6
2,2,1,0.333314180374,0.45,1,6
1,1,1,0.329969167709,0.45,1,6
2,3,0,0.360846996307,0.45,-2,6
3,2,0,0.39241194725,0.45,-2,6
2,2,1,0.579234838486,0.45,-1,6
3,3,1,0.677029132843,0.45,-1,7
0,0,1,0.450054883957,0.45,-1,7
2,2,1,0.37241101265,0.45,1,7
1,1,1,0.365994930267,0.45,1,7
0,0,1,0.319673061371,0.45,1,7
1,1,1,0.366598844528,0.45,1,7
2,2,1,0.280085086823,0.45,1,7
0,0,1,0.348692178726,0.45,1,7
3,3,1,0.357778072357,0.45,1,7
2,2,1,0.363489866257,0.45,1,7
3,3,1,0.381484031677,0.45,1,7
1,1,1,0.342902183533,0.45,1,7
3,3,1,0.315530061722,0.45,1,7
2,2,1,0.295269012451,0.45,1,7
1,1,1,0.297026157379,0.45,1,7
0,0,1,0.324265956879,0.45,1,7
1,0,0,0.376255989075,0.45,-2,7
2,2,1,0.338120937347,0.45,1,7
0,0,1,0.392940998077,0.45,1,7
2,2,1,0.41224694252,0.45,1,7
3,3,1,0.354996919632,0.45,1,7
1,1,1,0.330065965652,0.45,1,7
3,3,1,0.362883090973,0.45,1,7
0,0,1,0.350171089172,0.45,1,7
3,3,1,0.378072023392,0.45,1,7
1,1,1,0.343047142029,0.45,1,7
0,0,1,0.33627986908,0.45,1,7
2,2,1,0.298882961273,0.45,1,7
1,1,1,0.302007198334,0.45,1,7
2,2,1,0.347750902176,0.45,1,7
0,0,1,0.348846912384,0.45,1,7
1,1,1,0.347249031067,0.45,1,7
3,3,1,0.402546882629,0.45,1,7
2,2,1,0.350188970566,0.45,1,7
3,3,1,0.427016973495,0.45,1,7
0,0,1,0.343235015869,0.45,1,7
3,3,1,0.336318969727,0.45,1,7
0,0,1,0.374222040176,0.45,1,7
1,0,0,0.374858856201,0.45,-2,7
2,2,1,0.274375200272,0.45,1,7
1,1,1,0.333508014679,0.45,1,7
0,0,1,0.315567970276,0.45,1,7
2,2,1,0.260375022888,0.45,1,7
0,0,1,0.359673976898,0.45,1,7
3,3,1,0.398129940033,0.45,1,7
2,2,1,0.393614053726,0.45,1,7
3,3,1,0.404383182526,0.45,1,7
1,1,1,0.348839044571,0.45,1,7
3,3,1,0.40810918808,0.45,1,7
0,0,1,0.363611936569,0.45,1,7
1,1,1,0.36883687973,0.45,1,7
2,2,1,0.329908132553,0.45,1,7
1,1,1,0.32435297966,0.45,1,7
0,0,1,0.312170028687,0.45,1,7
2,2,1,0.291161060333,0.45,1,7
3,3,1,0.31081199646,0.45,1,7
1,1,1,0.313728094101,0.45,1,7
3,2,0,0.324799776077,0.45,-2,7
2,2,1,0.327800035477,0.45,1,7
0,0,1,0.316292047501,0.45,1,7
3,2,0,0.326789140701,0.45,-2,7
0,0,1,0.315383195877,0.45,1,7
1,1,1,0.391844987869,0.45,1,7
2,2,1,0.401934146881,0.45,1,7
1,1,1,0.414887905121,0.45,1,7
0,0,1,0.410806179047,0.45,1,7
2,2,1,0.346349000931,0.45,1,7
0,0,1,0.383433103561,0.45,1,7
3,3,1,0.386843204498,0.45,1,7
2,2,1,0.347656011581,0.45,1,7
3,3,1,0.393358945847,0.45,1,7
1,2,0,0.361694812775,0.45,-2,7
3,2,0,0.37588596344,0.45,-2,7
2,2,1,0.312922000885,0.45,1,7
1,2,0,0.383446931839,0.45,-2,7
0,0,1,0.375575065613,0.45,1,7
2,2,1,0.316639900208,0.45,1,7
0,0,1,0.393527984619,0.45,1,7
1,1,1,0.386262893677,0.45,1,7
2,2,1,0.351394891739,0.45,1,7
3,3,1,0.351988077164,0.45,1,7
0,0,1,0.366502046585,0.45,1,7
3,3,1,0.385380029678,0.45,1,7
1,1,1,0.356082201004,0.45,1,7
3,3,1,0.397128105164,0.45,1,7
2,2,1,0.425650835037,0.45,1,7
0,0,1,0.378898143768,0.45,1,7
1,1,1,0.457870960236,0.45,-1,7
0,0,1,0.418308019638,0.45,1,7
2,2,1,0.374792098999,0.45,1,7
1,1,1,0.367496967316,0.45,1,7
2,2,1,0.350227832794,0.45,1,7
3,3,1,0.392178058624,0.45,1,7
1,1,1,0.412495136261,0.45,1,7
3,3,1,0.383318901062,0.45,1,7
0,0,1,0.339480876923,0.45,1,7
3,3,1,0.422142028809,0.45,1,7
0,0,1,0.377645015717,0.45,1,7
2,2,1,0.404876947403,0.45,1,7
1,1,1,0.397056102753,0.45,1,7
0,0,1,0.343978881836,0.45,1,7
1,1,1,0.493191957474,0.45,-1,7
2,2,1,0.31261920929,0.45,1,7
3,3,1,0.331334114075,0.45,1,7
1,1,1,0.320293903351,0.45,1,7
3,3,1,0.330264091492,0.45,1,7
2,2,1,0.374264001846,0.45,1,7
0,0,1,0.321893930435,0.45,1,7
3,3,1,0.37255692482,0.45,1,7
2,2,1,0.358886957169,0.45,1,7
1,1,1,0.339727878571,0.45,1,7
0,0,1,0.318931102753,0.45,1,7
1,1,1,0.441040992737,0.45,1,7
2,2,1,0.302258014679,0.45,1,7
0,1,0,0.353833913803,0.45,-2,7
3,3,1,0.345753908157,0.45,1,7
0,0,1,0.350792884827,0.45,1,7
2,2,1,0.371937990189,0.45,1,7
3,3,1,0.427850961685,0.45,1,7
1,1,1,0.38548707962,0.45,1,7
3,3,1,0.434808015823,0.45,1,7
0,0,1,0.432181835175,0.45,1,7
2,2,1,0.464289903641,0.45,-1,7
1,1,1,0.373237848282,0.45,1,7
0,0,1,0.311738967896,0.45,1,7
1,1,1,0.378998041153,0.45,1,7
2,2,1,0.366007089615,0.45,1,7
3,3,1,0.355413198471,0.45,1,7
1,1,1,0.423431873322,0.45,1,7
3,3,1,0.399065971375,0.45,1,7
2,2,1,0.41309595108,0.45,1,7
0,0,1,0.336318969727,0.45,1,7
3,3,1,0.380144119263,0.45,1,7
2,2,1,0.398933887482,0.45,1,7
0,0,1,0.369211912155,0.45,1,7
1,1,1,0.430854082108,0.45,1,7
0,0,1,0.455256938934,0.45,-1,7
2,2,1,0.433553934097,0.45,1,7
1,0,0,0.438577890396,0.45,-2,7
2,1,0,0.455022096634,0.45,-2,7
3,2,0,0.370654821396,0.45,-2,7
1,1,1,0.446927070618,0.45,1,7
3,3,1,0.355458021164,0.45,1,7
0,0,1,0.304354906082,0.45,1,7
3,3,1,0.408966064453,0.45,1,7
2,2,1,0.373465061188,0.45,1,7
0,0,1,0.400236129761,0.45,1,7
1,1,1,0.465449094772,0.45,-1,7
2,2,1,0.310667037964,0.45,1,7
1,0,0,0.351567983627,0.45,-2,7
0,0,1,0.314670801163,0.45,1,7
3,3,1,0.374001026154,0.45,1,7
1,1,1,0.316871166229,0.45,1,7
3,2,0,0.286586999893,0.45,-2,7
0,0,1,0.273183822632,0.45,1,7
2,3,0,0.310992002487,0.45,-2,7
3,2,0,0.378468990326,0.45,-2,7
2,2,1,0.427963018417,0.45,1,7
1,1,1,0.358960151672,0.45,1,7
0,0,1,0.315685987473,0.45,1,7
2,2,1,0.302010059357,0.45,1,7
0,0,1,0.379364013672,0.45,1,7
1,1,1,0.379484891891,0.45,1,7
3,3,1,0.393687963486,0.45,1,7
1,1,1,0.483377933502,0.45,-1,7
2,2,1,0.350810050964,0.45,1,7
3,3,1,0.432363033295,0.45,1,7
0,0,1,0.398164987564,0.45,1,7
3,3,1,0.375943899155,0.45,1,7
2,2,1,0.364354848862,0.45,1,7
1,1,1,0.413772106171,0.45,1,7
0,0,1,0.314665079117,0.45,1,7
1,1,1,0.37419295311,0.45,1,7
2,2,1,0.313538074493,0.45,1,7
0,0,1,0.298196077347,0.45,1,7
3,3,1,0.34884595871,0.45,1,7
1,1,1,0.331125020981,0.45,1,7
3,2,0,0.342068195343,0.45,-2,7
0,0,1,0.313277006149,0.45,1,7
2,2,1,0.29403090477,0.45,1,7
3,3,1,0.353136062622,0.45,1,7
0,0,1,0.299731969833,0.45,1,7
1,1,1,0.398344039917,0.45,1,7
2,2,1,0.296051025391,0.45,1,7
1,1,1,0.37991809845,0.45,1,7
0,0,1,0.309101104736,0.45,1,7
2,3,0,0.355022907257,0.45,-2,7
3,3,1,0.325854063034,0.45,1,7
2,2,1,0.296020030975,0.45,1,7
0,0,1,0.397686004639,0.45,1,7
3,3,1,0.416707992554,0.45,1,7
1,1,1,0.369657993317,0.45,1,7
3,3,1,0.4068608284,0.45,1,7
2,2,1,0.393923997879,0.45,1,7
0,0,1,0.355425834656,0.45,1,7
1,1,1,0.361282110214,0.45,1,7
0,0,1,0.400959968567,0.45,1,7
2,2,1,0.326788902283,0.45,1,7
1,0,0,0.300050020218,0.45,-2,7
2,1,0,0.311209917068,0.45,-2,7
3,3,1,0.344479084015,0.45,1,7
0,0,1,0.306632041931,0.45,1,7
3,3,1,0.368707895279,0.45,1,7
1,1,1,0.392256975174,0.45,1,7
3,3,1,0.396955966949,0.45,1,7
2,2,1,0.425972938538,0.45,1,7
0,0,1,0.316967010498,0.45,1,7
1,1,1,0.287624120712,0.45,1,7
2,2,1,0.280436038971,0.45,1,7
1,1,1,0.389597892761,0.45,1,7
0,0,1,0.295133829117,0.45,1,7
2,2,1,0.314167976379,0.45,1,7
3,3,1,0.360420942307,0.45,1,7
1,1,1,0.384094953537,0.45,1,7
3,3,1,0.455003023148,0.45,-1,7
0,0,1,0.371217012405,0.45,1,7
3,2,0,0.321645021439,0.45,-2,7
