probe,press,accuracy,rt,threshold,score,run_num
2,-1,0,0.8,0.5,-2,0
3,3,1,0.462661027908,0.5,1,0
1,1,1,0.4850730896,0.5,1,0
4,4,1,0.540927886963,0.5,-1,0
0,0,1,0.512207984924,0.5,-1,0
2,2,1,0.553507089615,0.5,-1,0
1,1,1,0.486877918243,0.5,1,0
4,3,0,0.335402011871,0.5,-2,0
0,0,1,0.2958548069,0.5,1,0
3,2,0,0.607156038284,0.5,-2,0
0,0,1,0.442842960358,0.5,1,0
3,3,1,0.475641012192,0.5,1,0
1,1,1,0.60995388031,0.5,-1,0
2,2,1,0.52268910408,0.5,-1,0
4,4,1,0.408872127533,0.5,1,0
1,1,1,0.43833899498,0.5,1,0
4,3,0,0.395961999893,0.5,-2,0
3,2,0,0.715312004089,0.5,-2,0
2,-1,0,0.8,0.5,-2,0
0,0,1,0.491908073425,0.5,1,0
3,-1,0,0.8,0.5,-2,0
4,4,1,0.591742038727,0.5,-1,0
1,1,1,0.719275951385,0.5,-1,0
2,-1,0,0.8,0.5,-2,0
0,0,1,0.483335971832,0.5,1,0
3,3,1,0.362712144852,0.5,1,0
4,4,1,0.476635932922,0.5,1,0
0,0,1,0.425183057785,0.5,1,0
1,0,0,0.495762109756,0.5,-2,0
2,2,1,0.46275305748,0.5,1,0
0,0,1,0.445848941803,0.5,1,0
2,2,1,0.371085166931,0.5,1,0
1,1,1,0.446068048477,0.5,1,0
3,3,1,0.385364055634,0.5,1,0
4,4,1,0.475874185562,0.5,1,0
3,2,0,0.570175886154,0.5,-2,0
2,1,0,0.534984111786,0.5,-2,0
1,1,1,0.5677318573,0.5,-1,0
0,0,1,0.381340026855,0.5,1,0
4,3,0,0.508522987366,0.5,-2,0
0,0,1,0.443803071976,0.5,1,0
2,2,1,0.648941993713,0.5,-1,0
1,1,1,0.60093998909,0.5,-1,0
3,3,1,0.6085460186,0.5,-1,0
4,4,1,0.519961118698,0.5,-1,0
2,2,1,0.768352031708,0.5,-1,0
1,1,1,0.517456054688,0.5,-1,0
0,0,1,0.258816003799,0.5,1,0
3,3,1,0.476037979126,0.5,1,0
4,4,1,0.383846998215,0.5,1,0
3,3,1,0.527690887451,0.5,-1,0
2,2,1,0.361550092697,0.5,1,0
4,3,0,0.367631912231,0.5,-2,0
0,0,1,0.382797002792,0.5,1,0
1,1,1,0.48652100563,0.5,1,0
3,3,1,0.598215818405,0.5,-1,0
1,1,1,0.634459018707,0.5,-1,0
2,2,1,0.505844116211,0.5,-1,0
0,0,1,0.426493883133,0.5,1,0
4,3,0,0.279405117035,0.5,-2,0
2,2,1,0.520627975464,0.5,-1,0
0,0,1,0.349946022034,0.5,1,0
3,3,1,0.572150945663,0.5,-1,0
4,4,1,0.380259990692,0.5,1,0
1,1,1,0.33983206749,0.5,1,0
3,2,0,0.279989004135,0.5,-2,0
1,1,1,0.441612005234,0.5,1,0
4,4,1,0.43016910553,0.5,1,0
2,3,0,0.390613794327,0.5,-2,0
0,0,1,0.459213018417,0.5,1,0
4,4,1,0.397559165955,0.5,1,0
0,0,1,0.435316085815,0.5,1,0
1,1,1,0.505439043045,0.5,-1,0
2,2,1,0.303735017776,0.5,1,0
3,3,1,0.310972929001,0.5,1,0
0,0,1,0.392421007156,0.5,1,0
2,3,0,0.639994859695,0.5,-2,0
1,1,1,0.596753120422,0.5,-1,0
4,4,1,0.443228960037,0.5,1,0
3,3,1,0.506432056427,0.5,-1,0
0,0,1,0.291480064392,0.5,1,0
2,2,1,0.367485046387,0.5,1,0
1,1,1,0.445506095886,0.5,1,0
4,4,1,0.334469079971,0.5,1,0
3,3,1,0.364523172379,0.5,1,0
2,2,1,0.419774055481,0.5,1,0
0,0,1,0.306288957596,0.5,1,0
1,2,0,0.362401008606,0.5,-2,0
4,4,1,0.401002883911,0.5,1,0
3,3,1,0.35897397995,0.5,1,0
2,3,0,0.415553808212,0.5,-2,0
1,1,1,0.294626951218,0.5,1,0
0,0,1,0.23518705368,0.5,1,0
3,4,0,0.315176963806,0.5,-2,0
4,4,1,0.433530092239,0.5,1,0
1,1,1,0.466731071472,0.5,1,0
4,4,1,0.46449804306,0.5,1,0
2,3,0,0.517143011093,0.5,-2,0
3,3,1,0.574303150177,0.5,-1,0
0,0,1,0.340648889542,0.5,1,0
4,4,1,0.226238012314,0.5,1,0
3,3,1,0.396740913391,0.5,1,0
0,0,1,0.409386873245,0.5,1,0
1,1,1,0.481148958206,0.5,1,0
2,2,1,0.438822031021,0.5,1,0
4,4,1,0.303087949753,0.5,1,0
0,0,1,0.364594936371,0.5,1,0
1,1,1,0.466928005219,0.5,1,0
3,3,1,0.372303962708,0.5,1,0
2,2,1,0.315707206726,0.5,1,0
0,0,1,0.291718006134,0.5,1,0
4,4,1,0.26361989975,0.5,1,0
3,3,1,0.405297994614,0.5,1,0
2,2,1,0.583595991135,0.5,-1,0
1,1,1,0.358169794083,0.5,1,0
3,3,1,0.580725193024,0.5,-1,0
0,1,0,0.349141120911,0.5,-2,0
1,1,1,0.491677045822,0.5,1,0
4,4,1,0.481352090836,0.5,1,0
2,3,0,0.376980066299,0.5,-2,0
4,0,0,0.3659760952,0.5,-2,0
2,2,1,0.423111915588,0.5,1,0
0,0,1,0.412488937378,0.5,1,0
1,1,1,0.468811988831,0.5,1,0
3,3,1,0.412957906723,0.5,1,0
2,1,0,0.472723960876,0.5,-2,0
3,3,1,0.602350950241,0.5,-1,0
4,4,1,0.319782972336,0.5,1,0
1,1,1,0.41523194313,0.5,1,0
0,0,1,0.390185832977,0.5,1,0
4,4,1,0.350028991699,0.5,1,0
2,2,1,0.467515945435,0.5,1,0
1,1,1,0.305443048477,0.5,1,0
3,-1,0,0.8,0.5,-2,0
0,0,1,0.457549095154,0.5,1,0
4,4,1,0.241369009018,0.5,1,0
3,3,1,0.600296974182,0.5,-1,0
0,0,1,0.365166902542,0.5,1,0
1,1,1,0.332062005997,0.5,1,0
2,2,1,0.47665810585,0.5,1,0
1,1,1,0.512583017349,0.5,-1,0
3,3,1,0.505254030228,0.5,-1,0
2,2,1,0.519155025482,0.5,-1,0
0,0,1,0.245694160461,0.5,1,0
4,4,1,0.259943008423,0.5,1,0
3,2,0,0.427690982819,0.5,-2,0
2,2,1,0.38610291481,0.5,1,0
4,4,1,0.442620038986,0.5,1,0
1,1,1,0.33012008667,0.5,1,0
0,0,1,0.417577028275,0.5,1,0
1,2,0,0.393495798111,0.5,-2,0
0,0,1,0.470612049103,0.5,1,0
3,3,1,0.44731092453,0.5,1,0
4,4,1,0.282655954361,0.5,1,0
2,2,1,0.394342899323,0.5,1,0
4,4,1,0.370996952057,0.5,1,0
3,3,1,0.514645814896,0.5,-1,0
0,0,1,0.303766965866,0.5,1,0
2,3,0,0.525645971298,0.5,-2,0
1,2,0,0.391009092331,0.5,-2,0
3,3,1,0.362142801285,0.5,1,0
4,4,1,0.235343933105,0.5,1,0
2,3,0,0.41042304039,0.5,-2,0
1,1,1,0.327152967453,0.5,1,0
0,0,1,0.313759088516,0.5,1,0
4,4,1,0.334134101868,0.5,1,0
0,0,1,0.503883123398,0.5,-1,0
2,1,0,0.518057107925,0.5,-2,0
1,1,1,0.485145807266,0.5,1,0
3,3,1,0.300889968872,0.5,1,0
0,0,1,0.442451000214,0.5,1,0
2,2,1,0.423176050186,0.5,1,0
3,3,1,0.416848897934,0.5,1,0
1,1,1,0.518827199936,0.5,-1,0
4,4,1,0.476466178894,0.5,1,0
0,0,1,0.332659959793,0.5,1,0
3,3,1,0.621492862701,0.5,-1,0
1,1,1,0.368680953979,0.5,1,0
4,4,1,0.361989021301,0.5,1,0
2,2,1,0.430852174759,0.5,1,0
3,2,0,0.582370996475,0.5,-2,0
2,2,1,0.502273082733,0.5,-1,0
0,0,1,0.340544939041,0.5,1,0
1,1,1,0.427633047104,0.5,1,0
4,4,1,0.452368974686,0.5,1,0
2,2,1,0.538748025894,0.5,-1,0
4,4,1,0.448801994324,0.5,1,0
3,2,0,0.623549938202,0.5,-2,0
1,1,1,0.407557010651,0.5,1,0
0,0,1,0.278795003891,0.5,1,0
1,1,1,0.59810590744,0.5,-1,0
4,4,1,0.538064956665,0.5,-1,0
3,3,1,0.450013875961,0.5,1,0
0,0,1,0.447124958038,0.5,1,0
2,2,1,0.440086126328,0.5,1,0
3,3,1,0.432188034058,0.5,1,0
4,4,1,0.350865840912,0.5,1,0
0,0,1,0.429090023041,0.5,1,0
2,2,1,0.482258081436,0.5,1,0
1,0,0,0.436804056168,0.5,-2,0
3,2,0,0.500180959702,0.5,-2,0
2,2,1,0.536336898804,0.5,-1,0
1,0,0,0.369026899338,0.5,-2,0
0,0,1,0.296734809875,0.5,1,0
4,4,1,0.404750108719,0.5,1,0
0,0,1,0.437415838242,0.5,1,0
4,4,1,0.371845960617,0.5,1,0
2,2,1,0.652144908905,0.5,-1,0
3,4,0,0.416779994965,0.5,-2,0
1,1,1,0.488529920578,0.5,1,0
0,0,1,0.423465013504,0.5,1,0
4,4,1,0.368198871613,0.5,1,0
2,2,1,0.430088043213,0.5,1,0
3,3,1,0.524499893188,0.5,-1,0
1,1,1,0.525401830673,0.5,-1,0
0,0,1,0.324275016785,0.5,1,0
1,1,1,0.441248893738,0.5,1,0
4,4,1,0.398586988449,0.5,1,0
3,3,1,0.399282932281,0.5,1,0
2,2,1,0.251658916473,0.5,1,0
1,1,1,0.267958879471,0.5,1,0
2,4,0,0.341522932053,0.5,-2,0
0,0,1,0.418133974075,0.5,1,0
4,4,1,0.288948774338,0.5,1,0
3,3,1,0.321376085281,0.5,1,0
0,0,1,0.447319030762,0.5,1,0
2,2,1,0.4641020298,0.5,1,0
3,3,1,0.534343004227,0.5,-1,0
1,1,1,0.35569190979,0.5,1,0
4,4,1,0.365379810333,0.5,1,0
0,0,1,0.332134962082,0.5,1,0
2,1,0,0.483193159103,0.5,-2,0
3,2,0,0.288548946381,0.5,-2,0
1,1,1,0.510154008865,0.5,-1,0
4,4,1,0.42068195343,0.5,1,0
0,0,1,0.375229120255,0.5,1,0
2,3,0,0.301523923874,0.5,-2,0
1,1,1,0.257598876953,0.5,1,0
3,4,0,0.274874925613,0.5,-2,0
4,4,1,0.416105031967,0.5,1,0
2,4,0,0.309220075607,0.5,-2,0
3,3,1,0.471448898315,0.5,1,0
1,1,1,0.596293926239,0.5,-1,0
4,4,1,0.462794065475,0.5,1,0
0,0,1,0.331654071808,0.5,1,0
3,3,1,0.281965017319,0.5,1,0
4,4,1,0.434525966644,0.5,1,0
2,2,1,0.425992965698,0.5,1,0
1,1,1,0.273205041885,0.5,1,0
0,0,1,0.312149047852,0.5,1,0
2,2,1,0.294194936752,0.5,1,0
4,4,1,0.323735952377,0.5,1,0
0,0,1,0.411062002182,0.5,1,0
1,1,1,0.400868177414,0.5,1,0
3,3,1,0.274125099182,0.5,1,0
0,0,1,0.359513998032,0.5,1,0
1,1,1,0.487887859344,0.5,1,0
4,4,1,0.419612884521,0.5,1,0
3,3,1,0.674889087677,0.5,-1,0
2,2,1,0.482186079025,0.5,1,0
4,4,1,0.354558944702,0.5,1,0
1,1,1,0.36984205246,0.5,1,0
3,3,1,0.487282037735,0.5,1,0
2,3,0,0.405835866928,0.5,-2,0
0,1,0,0.318782806396,0.5,-2,0
2,2,1,0.643280029297,0.5,-1,0
0,0,1,0.556686878204,0.5,-1,0
4,4,1,0.37668299675,0.5,1,0
3,3,1,0.403828144073,0.5,1,0
1,1,1,0.216505050659,0.5,1,0
3,2,0,0.432754993439,0.5,-2,0
4,4,1,0.303329944611,0.5,1,0
1,0,0,0.301964044571,0.5,-2,0
2,2,1,0.412172079086,0.5,1,0
0,0,1,0.403447151184,0.5,1,0
3,3,1,0.449436903,0.5,1,0
0,0,1,0.460036993027,0.5,1,0
1,1,1,0.457530021667,0.5,1,0
2,1,0,0.449624061584,0.5,-2,0
4,4,1,0.264492034912,0.5,1,0
1,1,1,0.478111028671,0.5,1,0
2,2,1,0.49293589592,0.5,1,0
4,4,1,0.405009031296,0.5,1,0
3,3,1,0.38672709465,0.5,1,0
0,0,1,0.265715837479,0.5,1,0
1,1,1,0.330149888992,0.5,1,0
0,0,1,0.461786985397,0.5,1,0
4,4,1,0.476548910141,0.5,1,0
3,3,1,0.412976026535,0.5,1,0
2,2,1,0.549507856369,0.5,-1,0
1,1,1,0.300651073456,0.5,1,0
0,0,1,0.322635889053,0.5,1,0
2,3,0,0.259047985077,0.5,-2,0
4,4,1,0.256944894791,0.5,1,0
3,1,0,0.400295972824,0.5,-2,0
1,1,1,0.277203798294,0.5,1,0
3,0,0,0.389235019684,0.5,-2,0
0,0,1,0.426256895065,0.5,1,0
4,4,1,0.412026882172,0.5,1,0
2,2,1,0.514194965363,0.5,-1,0
1,0,0,0.230809926987,0.407530021667,-2,1
2,4,0,0.165478944778,0.515808987617,-2,1
3,3,1,0.139284849167,0.499436903,1,1
0,4,0,0.0271780490875,0.44793407917,-2,1
4,2,0,0.0401878356934,0.448073077202,-2,1
0,3,0,0.0191390514374,0.44793407917,-2,1
3,3,1,0.104635000229,0.499436903,1,1
1,1,1,0.262635946274,0.407530021667,1,1
4,4,1,0.431223869324,0.448073077202,1,1
2,2,1,0.587954044342,0.515808987617,-1,1
4,3,0,0.406415939331,0.448073077202,-2,1
3,3,1,0.00255393981934,0.499436903,1,1
1,1,1,0.242179870605,0.407530021667,1,1
2,0,0,0.233111858368,0.515808987617,-2,1
0,0,1,0.553925037384,0.44793407917,-1,1
3,3,1,0.607063055038,0.499436903,-1,1
2,2,1,0.493035078049,0.515808987617,1,1
4,4,1,0.365067958832,0.448073077202,1,1
1,1,1,0.275192022324,0.407530021667,1,1
0,0,1,0.457386016846,0.44793407917,-1,1
3,3,1,0.545147180557,0.499436903,-1,1
1,1,1,0.278600931168,0.407530021667,1,1
2,2,1,0.488838911057,0.515808987617,1,1
0,0,1,0.391106128693,0.44793407917,1,1
4,4,1,0.475605964661,0.448073077202,-1,1
3,3,1,0.453327894211,0.499436903,1,1
4,4,1,0.396677970886,0.448073077202,1,1
2,3,0,0.568387985229,0.515808987617,-2,1
1,1,1,0.450752019882,0.407530021667,-1,1
0,0,1,0.417690038681,0.44793407917,1,1
2,2,1,0.493332147598,0.515808987617,1,1
1,1,1,0.343298912048,0.407530021667,1,1
0,0,1,0.406360149384,0.44793407917,1,1
4,3,0,0.331032991409,0.448073077202,-2,1
3,2,0,0.372195959091,0.499436903,-2,1
4,2,0,0.498864889145,0.448073077202,-2,1
2,2,1,0.282147884369,0.515808987617,1,1
1,1,1,0.301073074341,0.407530021667,1,1
3,3,1,0.524552822113,0.499436903,-1,1
0,0,1,0.420571088791,0.44793407917,1,1
4,4,1,0.317777872086,0.448073077202,1,1
1,1,1,0.33940410614,0.407530021667,1,1
3,3,1,0.249191999435,0.499436903,1,1
2,2,1,0.399625062943,0.515808987617,1,1
0,0,1,0.344408035278,0.44793407917,1,1
4,4,1,0.335263967514,0.448073077202,1,1
0,0,1,0.332259893417,0.44793407917,1,1
3,3,1,0.483478069305,0.499436903,1,1
2,2,1,0.482095003128,0.515808987617,1,1
1,1,1,0.314208984375,0.407530021667,1,1
0,0,1,0.343995094299,0.44793407917,1,1
3,3,1,0.535547018051,0.499436903,-1,1
1,1,1,0.685675859451,0.407530021667,-1,1
2,2,1,0.630298852921,0.515808987617,-1,1
4,4,1,0.292325973511,0.448073077202,1,1
2,2,1,0.357731819153,0.515808987617,1,1
4,4,1,0.44344496727,0.448073077202,1,1
1,1,1,0.323668956757,0.407530021667,1,1
0,0,1,0.416205883026,0.44793407917,1,1
3,3,1,0.342756032944,0.499436903,1,1
2,2,1,0.334756851196,0.515808987617,1,1
3,3,1,0.517975091934,0.499436903,-1,1
1,1,1,0.382792949677,0.407530021667,1,1
4,4,1,0.300626993179,0.448073077202,1,1
0,0,1,0.275572061539,0.44793407917,1,1
4,4,1,0.451384067535,0.448073077202,-1,1
3,3,1,0.498010873795,0.499436903,1,1
2,2,1,0.389834880829,0.515808987617,1,1
1,1,1,0.264307022095,0.407530021667,1,1
0,1,0,0.302217006683,0.44793407917,-2,1
4,4,1,0.3180809021,0.448073077202,1,1
1,1,1,0.308892965317,0.407530021667,1,1
2,2,1,0.379268884659,0.515808987617,1,1
3,3,1,0.275486946106,0.499436903,1,1
0,0,1,0.273149013519,0.44793407917,1,1
4,4,1,0.223278999329,0.448073077202,1,1
1,1,1,0.256103992462,0.407530021667,1,1
2,3,0,0.237380981445,0.515808987617,-2,1
0,0,1,0.421226978302,0.44793407917,1,1
3,4,0,0.348042964935,0.499436903,-2,1
0,0,1,0.432459831238,0.44793407917,1,1
1,1,1,0.376640081406,0.407530021667,1,1
4,4,1,0.415160894394,0.448073077202,1,1
3,3,1,0.335400819778,0.499436903,1,1
2,2,1,0.413308143616,0.515808987617,1,1
1,1,1,0.357156038284,0.407530021667,1,1
2,2,1,0.405345916748,0.515808987617,1,1
4,4,1,0.363348007202,0.448073077202,1,1
3,2,0,0.353459835052,0.499436903,-2,1
0,0,1,0.554638147354,0.44793407917,-1,1
3,2,0,0.477715969086,0.499436903,-2,1
1,1,1,0.528073072433,0.407530021667,-1,1
2,2,1,0.501841068268,0.515808987617,1,1
0,0,1,0.466778993607,0.44793407917,-1,1
4,3,0,0.346792936325,0.448073077202,-2,1
0,0,1,0.547394990921,0.44793407917,-1,1
3,2,0,0.496786832809,0.499436903,-2,1
4,4,1,0.510838031769,0.448073077202,-1,1
1,1,1,0.575426101685,0.407530021667,-1,1
2,2,1,0.358175992966,0.515808987617,1,1
1,1,1,0.490441083908,0.407530021667,-1,1
0,0,1,0.371944904327,0.44793407917,1,1
4,0,0,0.458873987198,0.448073077202,-2,1
3,-1,0,0.8,0.499436903,-2,1
2,-1,0,0.8,0.515808987617,-2,1
0,-1,0,0.8,0.44793407917,-2,1
1,-1,0,0.8,0.407530021667,-2,1
4,-1,0,0.8,0.448073077202,-2,1
3,-1,0,0.8,0.499436903,-2,1
2,-1,0,0.8,0.515808987617,-2,1
0,-1,0,0.8,0.44793407917,-2,1
3,-1,0,0.8,0.499436903,-2,1
2,-1,0,0.8,0.515808987617,-2,1
4,-1,0,0.8,0.448073077202,-2,1
1,1,1,0.3481528759,0.407530021667,1,1
0,0,1,0.406225204468,0.44793407917,1,1
1,1,1,0.779547214508,0.407530021667,-1,1
2,2,1,0.692260980606,0.515808987617,-1,1
4,3,0,0.577189922333,0.448073077202,-2,1
3,-1,0,0.8,0.499436903,-2,1
0,-1,0,0.8,0.44793407917,-2,1
3,-1,0,0.8,0.499436903,-2,1
1,-1,0,0.8,0.407530021667,-2,1
4,-1,0,0.8,0.448073077202,-2,1
2,2,1,0.266448020935,0.515808987617,1,1
0,-1,0,0.8,0.44793407917,-2,1
2,-1,0,0.8,0.515808987617,-2,1
1,-1,0,0.8,0.407530021667,-2,1
4,-1,0,0.8,0.448073077202,-2,1
3,-1,0,0.8,0.499436903,-2,1
0,-1,0,0.8,0.44793407917,-2,1
3,-1,0,0.8,0.499436903,-2,1
1,-1,0,0.8,0.407530021667,-2,1
4,-1,0,0.8,0.448073077202,-2,1
2,2,1,0.280225038528,0.515808987617,1,1
3,-1,0,0.8,0.499436903,-2,1
2,2,1,0.462342977524,0.515808987617,1,1
1,-1,0,0.8,0.407530021667,-2,1
0,-1,0,0.8,0.44793407917,-2,1
4,4,1,0.428246974945,0.448073077202,1,1
1,-1,0,0.8,0.407530021667,-2,1
2,2,1,0.318954944611,0.515808987617,1,1
0,0,1,0.494444131851,0.44793407917,-1,1
4,4,1,0.454397916794,0.448073077202,-1,1
3,-1,0,0.8,0.499436903,-2,1
4,-1,0,0.8,0.448073077202,-2,1
0,-1,0,0.8,0.44793407917,-2,1
1,-1,0,0.8,0.407530021667,-2,1
2,2,1,0.319618940353,0.515808987617,1,1
3,-1,0,0.8,0.499436903,-2,1
0,-1,0,0.8,0.44793407917,-2,1
1,-1,0,0.8,0.407530021667,-2,1
3,-1,0,0.8,0.499436903,-2,1
2,2,1,0.574684143066,0.515808987617,-1,1
4,-1,0,0.8,0.448073077202,-2,1
1,-1,0,0.8,0.407530021667,-2,1
4,4,1,0.730762004852,0.448073077202,-1,1
2,4,0,0.4391310215,0.515808987617,-2,1
0,-1,0,0.8,0.44793407917,-2,1
3,-1,0,0.8,0.499436903,-2,1
2,-1,0,0.8,0.515808987617,-2,1
4,4,1,0.308637857437,0.448073077202,1,1
3,-1,0,0.8,0.499436903,-2,1
0,-1,0,0.8,0.44793407917,-2,1
1,-1,0,0.8,0.407530021667,-2,1
2,-1,0,0.8,0.515808987617,-2,1
4,4,1,0.358243942261,0.448073077202,1,1
0,-1,0,0.8,0.44793407917,-2,1
3,-1,0,0.8,0.499436903,-2,1
1,-1,0,0.8,0.407530021667,-2,1
3,-1,0,0.8,0.499436903,-2,1
2,-1,0,0.8,0.515808987617,-2,1
0,-1,0,0.8,0.44793407917,-2,1
4,4,1,0.25626707077,0.448073077202,1,1
1,-1,0,0.8,0.407530021667,-2,1
4,-1,0,0.8,0.448073077202,-2,1
3,-1,0,0.8,0.499436903,-2,1
1,-1,0,0.8,0.407530021667,-2,1
0,-1,0,0.8,0.44793407917,-2,1
2,-1,0,0.8,0.515808987617,-2,1
1,-1,0,0.8,0.407530021667,-2,1
3,-1,0,0.8,0.499436903,-2,1
0,-1,0,0.8,0.44793407917,-2,1
4,4,1,0.748332977295,0.448073077202,-1,1
2,-1,0,0.8,0.515808987617,-2,1
4,4,1,0.530958175659,0.448073077202,-1,1
1,-1,0,0.8,0.407530021667,-2,1
2,-1,0,0.8,0.515808987617,-2,1
0,-1,0,0.8,0.44793407917,-2,1
3,-1,0,0.8,0.499436903,-2,1
2,-1,0,0.8,0.515808987617,-2,1
3,-1,0,0.8,0.499436903,-2,1
1,-1,0,0.8,0.407530021667,-2,1
0,-1,0,0.8,0.44793407917,-2,1
4,-1,0,0.8,0.448073077202,-2,1
2,-1,0,0.8,0.515808987617,-2,1
1,-1,0,0.8,0.407530021667,-2,1
0,-1,0,0.8,0.44793407917,-2,1
4,-1,0,0.8,0.448073077202,-2,1
3,-1,0,0.8,0.499436903,-2,1
4,-1,0,0.8,0.448073077202,-2,1
1,-1,0,0.8,0.407530021667,-2,1
0,-1,0,0.8,0.44793407917,-2,1
2,-1,0,0.8,0.515808987617,-2,1
3,-1,0,0.8,0.499436903,-2,1
4,-1,0,0.8,0.448073077202,-2,1
1,-1,0,0.8,0.407530021667,-2,1
2,-1,0,0.8,0.515808987617,-2,1
3,-1,0,0.8,0.499436903,-2,1
0,-1,0,0.8,0.44793407917,-2,1
4,4,1,0.337687969208,0.448073077202,1,1
1,-1,0,0.8,0.407530021667,-2,1
3,-1,0,0.8,0.499436903,-2,1
0,-1,0,0.8,0.44793407917,-2,1
2,-1,0,0.8,0.515808987617,-2,1
0,-1,0,0.8,0.44793407917,-2,1
2,-1,0,0.8,0.515808987617,-2,1
4,4,1,0.313139915466,0.448073077202,1,1
1,-1,0,0.8,0.407530021667,-2,1
3,-1,0,0.8,0.499436903,-2,1
0,-1,0,0.8,0.44793407917,-2,1
4,4,1,0.374433994293,0.448073077202,1,1
2,-1,0,0.8,0.515808987617,-2,1
1,-1,0,0.8,0.407530021667,-2,1
3,-1,0,0.8,0.499436903,-2,1
0,-1,0,0.8,0.44793407917,-2,1
4,4,1,0.288495063782,0.448073077202,1,1
3,-1,0,0.8,0.499436903,-2,1
2,-1,0,0.8,0.515808987617,-2,1
1,4,0,0.540214061737,0.407530021667,-2,1
0,-1,0,0.8,0.44793407917,-2,1
1,-1,0,0.8,0.407530021667,-2,1
2,-1,0,0.8,0.515808987617,-2,1
4,4,1,0.246603965759,0.448073077202,1,1
3,-1,0,0.8,0.499436903,-2,1
4,-1,0,0.8,0.448073077202,-2,1
2,-1,0,0.8,0.515808987617,-2,1
3,-1,0,0.8,0.499436903,-2,1
0,4,0,0.471780061722,0.44793407917,-2,1
1,-1,0,0.8,0.407530021667,-2,1
3,-1,0,0.8,0.499436903,-2,1
0,-1,0,0.8,0.44793407917,-2,1
2,-1,0,0.8,0.515808987617,-2,1
4,4,1,0.262228965759,0.448073077202,1,1
1,-1,0,0.8,0.407530021667,-2,1
4,-1,0,0.8,0.448073077202,-2,1
1,-1,0,0.8,0.407530021667,-2,1
2,-1,0,0.8,0.515808987617,-2,1
0,-1,0,0.8,0.44793407917,-2,1
3,-1,0,0.8,0.499436903,-2,1
2,-1,0,0.8,0.515808987617,-2,1
4,4,1,0.483536958694,0.448073077202,-1,1
0,0,1,0.564865112305,0.44793407917,-1,1
1,1,1,0.377372026443,0.407530021667,1,1
3,3,1,0.441553115845,0.499436903,1,1
1,1,1,0.439032793045,0.407530021667,-1,1
2,2,1,0.543617010117,0.515808987617,-1,1
0,0,1,0.405315160751,0.44793407917,1,1
3,3,1,0.398875951767,0.499436903,1,1
4,4,1,0.347816944122,0.448073077202,1,1
2,2,1,0.531325101852,0.515808987617,-1,1
4,4,1,0.393064975739,0.448073077202,1,1
0,1,0,0.328909158707,0.44793407917,-2,1
3,3,1,0.336678028107,0.499436903,1,1
1,1,1,0.327331066132,0.407530021667,1,1
0,0,1,0.45347905159,0.44793407917,-1,1
1,1,1,0.450926065445,0.407530021667,-1,1
3,3,1,0.324065923691,0.499436903,1,1
4,3,0,0.665527105331,0.448073077202,-2,1
2,1,0,0.479689121246,0.515808987617,-2,1
1,0,0,0.334806919098,0.407530021667,-2,1
3,3,1,0.5662150383,0.499436903,-1,1
0,-1,0,0.8,0.44793407917,-2,1
4,4,1,0.333420991898,0.448073077202,1,1
2,-1,0,0.8,0.515808987617,-2,1
0,-1,0,0.8,0.44793407917,-2,1
2,-1,0,0.8,0.515808987617,-2,1
1,-1,0,0.8,0.407530021667,-2,1
3,-1,0,0.8,0.499436903,-2,1
4,4,1,0.351722002029,0.448073077202,1,1
0,-1,0,0.8,0.44793407917,-2,1
4,4,1,0.492858886719,0.448073077202,-1,1
1,-1,0,0.8,0.407530021667,-2,1
2,-1,0,0.8,0.515808987617,-2,1
3,-1,0,0.8,0.499436903,-2,1
0,-1,0,0.8,0.44793407917,-2,1
2,-1,0,0.8,0.515808987617,-2,1
4,4,1,0.542448997498,0.448073077202,-1,1
1,-1,0,0.8,0.407530021667,-2,1
3,-1,0,0.8,0.499436903,-2,1
0,-1,0,0.8,0.44793407917,-2,1
1,-1,0,0.8,0.407530021667,-2,1
4,4,1,0.350882053375,0.448073077202,1,1
2,-1,0,0.8,0.515808987617,-2,1
3,-1,0,0.8,0.499436903,-2,1
2,-1,0,0.8,0.515808987617,-2,1
3,-1,0,0.8,0.499436903,-2,1
1,-1,0,0.8,0.407530021667,-2,1
0,-1,0,0.8,0.44793407917,-2,1
4,-1,0,0.8,0.448073077202,-2,1
3,3,1,0.679430961609,0.499436903,-1,2
2,2,1,0.614609003067,0.515808987617,-1,2
0,0,1,0.524652957916,0.44793407917,-1,2
1,1,1,0.364583015442,0.407530021667,1,2
4,3,0,0.322648048401,0.448073077202,-2,2
0,0,1,0.481732845306,0.44793407917,-1,2
1,1,1,0.375450134277,0.407530021667,1,2
3,3,1,0.359751939774,0.499436903,1,2
4,4,1,0.488373041153,0.448073077202,-1,2
2,3,0,0.36686706543,0.515808987617,-2,2
1,1,1,0.492846012115,0.407530021667,-1,2
4,4,1,0.357281208038,0.448073077202,1,2
3,3,1,0.418663024902,0.499436903,1,2
0,0,1,0.376273155212,0.44793407917,1,2
2,2,1,0.567408084869,0.515808987617,-1,2
4,4,1,0.497264862061,0.448073077202,-1,2
1,1,1,0.45592880249,0.407530021667,-1,2
0,0,1,0.500134944916,0.44793407917,-1,2
3,3,1,0.281960964203,0.499436903,1,2
2,0,0,0.353837013245,0.515808987617,-2,2
4,4,1,0.679217815399,0.448073077202,-1,2
2,-1,0,0.8,0.515808987617,-2,2
3,-1,0,0.8,0.499436903,-2,2
0,-1,0,0.8,0.44793407917,-2,2
1,1,1,0.693576812744,0.407530021667,-1,2
0,-1,0,0.8,0.44793407917,-2,2
2,2,1,0.532326936722,0.515808987617,-1,2
4,4,1,0.420576810837,0.448073077202,1,2
1,1,1,0.368494987488,0.407530021667,1,2
3,4,0,0.489169120789,0.499436903,-2,2
0,1,0,0.423295021057,0.44793407917,-2,2
3,3,1,0.439686059952,0.499436903,1,2
2,2,1,0.339525938034,0.515808987617,1,2
1,1,1,0.292876958847,0.407530021667,1,2
4,4,1,0.377734184265,0.448073077202,1,2
3,3,1,0.458534955978,0.499436903,1,2
1,1,1,0.456093788147,0.407530021667,-1,2
2,2,1,0.26960515976,0.515808987617,1,2
0,0,1,0.277164936066,0.44793407917,1,2
4,4,1,0.389444112778,0.448073077202,1,2
1,1,1,0.322875022888,0.407530021667,1,2
0,0,1,0.41858792305,0.44793407917,1,2
2,2,1,0.456535100937,0.515808987617,1,2
4,4,1,0.427689790726,0.448073077202,1,2
3,3,1,0.43989109993,0.499436903,1,2
4,4,1,0.456537008286,0.448073077202,-1,2
2,1,0,0.35800909996,0.515808987617,-2,2
0,0,1,0.495303869247,0.44793407917,-1,2
3,3,1,0.476023197174,0.499436903,1,2
1,1,1,0.443207979202,0.407530021667,-1,2
2,2,1,0.274151086807,0.515808987617,1,2
4,4,1,0.255713939667,0.448073077202,1,2
1,1,1,0.439639091492,0.407530021667,-1,2
3,3,1,0.327691078186,0.499436903,1,2
0,0,1,0.358565092087,0.44793407917,1,2
4,4,1,0.380512237549,0.448073077202,1,2
2,1,0,0.4038438797,0.515808987617,-2,2
3,3,1,0.443186998367,0.499436903,1,2
0,0,1,0.383427858353,0.44793407917,1,2
1,1,1,0.303206920624,0.407530021667,1,2
4,4,1,0.35009598732,0.448073077202,1,2
3,3,1,0.366800069809,0.499436903,1,2
1,1,1,0.374625921249,0.407530021667,1,2
0,0,1,0.356360912323,0.44793407917,1,2
2,2,1,0.283576965332,0.515808987617,1,2
3,4,0,0.267683982849,0.499436903,-2,2
1,2,0,0.369104862213,0.407530021667,-2,2
0,0,1,0.437986135483,0.44793407917,1,2
4,4,1,0.287136077881,0.448073077202,1,2
2,2,1,0.366092920303,0.515808987617,1,2
0,1,0,0.324197053909,0.44793407917,-2,2
4,3,0,0.514581918716,0.448073077202,-2,2
2,2,1,0.401423931122,0.515808987617,1,2
1,1,1,0.314492940903,0.407530021667,1,2
3,3,1,0.255262136459,0.499436903,1,2
4,4,1,0.287767887115,0.448073077202,1,2
2,2,1,0.510369062424,0.515808987617,1,2
3,2,0,0.459888935089,0.499436903,-2,2
1,1,1,0.390479803085,0.407530021667,1,2
0,-1,0,0.8,0.44793407917,-2,2
3,3,1,0.65807890892,0.499436903,-1,2
4,4,1,0.679501056671,0.448073077202,-1,2
1,1,1,0.271904945374,0.407530021667,1,2
2,2,1,0.263221025467,0.515808987617,1,2
0,1,0,0.451714992523,0.44793407917,-2,2
1,1,1,0.431176900864,0.407530021667,-1,2
3,3,1,0.533509969711,0.499436903,-1,2
4,4,1,0.490003108978,0.448073077202,-1,2
0,0,1,0.512747049332,0.44793407917,-1,2
2,2,1,0.297159910202,0.515808987617,1,2
3,3,1,0.277841091156,0.499436903,1,2
4,4,1,0.519934892654,0.448073077202,-1,2
0,0,1,0.388444900513,0.44793407917,1,2
1,1,1,0.337949991226,0.407530021667,1,2
2,2,1,0.243804216385,0.515808987617,1,2
3,3,1,0.248493909836,0.499436903,1,2
4,4,1,0.288942813873,0.448073077202,1,2
0,0,1,0.320886850357,0.44793407917,1,2
1,1,1,0.29553103447,0.407530021667,1,2
2,2,1,0.446513175964,0.515808987617,1,2
3,3,1,0.300020933151,0.499436903,1,2
0,0,1,0.421954154968,0.44793407917,1,2
2,1,0,0.388777017593,0.515808987617,-2,2
1,1,1,0.354604005814,0.407530021667,1,2
4,4,1,0.383433103561,0.448073077202,1,2
1,1,1,0.265310049057,0.407530021667,1,2
4,4,1,0.397135972977,0.448073077202,1,2
0,0,1,0.495532035828,0.44793407917,-1,2
2,2,1,0.342402935028,0.515808987617,1,2
3,3,1,0.300259828568,0.499436903,1,2
1,1,1,0.33965086937,0.407530021667,1,2
4,4,1,0.296866178513,0.448073077202,1,2
2,0,0,0.359884977341,0.515808987617,-2,2
3,1,0,0.316922187805,0.499436903,-2,2
0,-1,0,0.8,0.44793407917,-2,2
4,-1,0,0.8,0.448073077202,-2,2
1,-1,0,0.8,0.407530021667,-2,2
2,-1,0,0.8,0.515808987617,-2,2
3,-1,0,0.8,0.499436903,-2,2
0,-1,0,0.8,0.44793407917,-2,2
3,-1,0,0.8,0.499436903,-2,2
2,-1,0,0.8,0.515808987617,-2,2
0,-1,0,0.8,0.44793407917,-2,2
4,-1,0,0.8,0.448073077202,-2,2
1,-1,0,0.8,0.407530021667,-2,2
2,-1,0,0.8,0.515808987617,-2,2
3,-1,0,0.8,0.499436903,-2,2
4,-1,0,0.8,0.448073077202,-2,2
0,-1,0,0.8,0.44793407917,-2,2
1,-1,0,0.8,0.407530021667,-2,2
2,-1,0,0.8,0.515808987617,-2,2
1,-1,0,0.8,0.407530021667,-2,2
4,-1,0,0.8,0.448073077202,-2,2
0,-1,0,0.8,0.44793407917,-2,2
3,-1,0,0.8,0.499436903,-2,2
4,-1,0,0.8,0.448073077202,-2,2
3,-1,0,0.8,0.499436903,-2,2
0,-1,0,0.8,0.44793407917,-2,2
2,-1,0,0.8,0.515808987617,-2,2
1,-1,0,0.8,0.407530021667,-2,2
2,0,0,0.347810983658,0.515808987617,-2,2
1,3,0,0.583925962448,0.407530021667,-2,2
3,0,0,0.650225877762,0.499436903,-2,2
4,1,0,0.129390001297,0.448073077202,-2,2
0,-1,0,0.8,0.44793407917,-2,2
2,-1,0,0.8,0.515808987617,-2,2
0,-1,0,0.8,0.44793407917,-2,2
1,4,0,0.0564951896667,0.407530021667,-2,2
4,4,1,0.530155897141,0.448073077202,-1,2
3,4,0,0.170900821686,0.499436903,-2,2
0,0,1,0.553912878036,0.44793407917,-1,2
3,0,0,0.240521192551,0.499436903,-2,2
2,4,0,0.414144992828,0.515808987617,-2,2
4,4,1,0.107200145721,0.448073077202,1,2
1,4,0,0.0997049808502,0.407530021667,-2,2
2,0,0,0.059238910675,0.515808987617,-2,2
3,0,0,0.451088905334,0.499436903,-2,2
4,0,0,0.0721628665924,0.448073077202,-2,2
0,-1,0,0.8,0.44793407917,-2,2
1,-1,0,0.8,0.407530021667,-2,2
2,0,0,0.674746990204,0.515808987617,-2,2
0,-1,0,0.8,0.44793407917,-2,2
4,0,0,0.668688058853,0.448073077202,-2,2
3,4,0,0.576835870743,0.499436903,-2,2
1,0,0,0.370242118835,0.407530021667,-2,2
3,4,0,0.0897598266602,0.499436903,-2,2
2,4,0,0.710237979889,0.515808987617,-2,2
0,0,1,0.135823011398,0.44793407917,1,2
4,4,1,0.260650873184,0.448073077202,1,2
1,4,0,0.00165891647339,0.407530021667,-2,2
0,0,1,0.107658147812,0.44793407917,1,2
3,4,0,0.10712313652,0.499436903,-2,2
4,0,0,0.024621963501,0.448073077202,-2,2
1,4,0,0.161319971085,0.407530021667,-2,2
2,4,0,0.0955200195312,0.515808987617,-2,2
4,-1,0,0.8,0.448073077202,-2,2
0,4,0,0.469759225845,0.44793407917,-2,2
1,4,0,0.321253061295,0.407530021667,-2,2
2,0,0,0.146716117859,0.515808987617,-2,2
3,4,0,0.726455926895,0.499436903,-2,2
0,4,0,0.461768865585,0.44793407917,-2,2
4,0,0,0.189573049545,0.448073077202,-2,2
3,4,0,0.708834886551,0.499436903,-2,2
2,4,0,0.191246986389,0.515808987617,-2,2
1,0,0,0.0982921123505,0.407530021667,-2,2
0,4,0,0.0130631923676,0.44793407917,-2,2
1,4,0,0.304317951202,0.407530021667,-2,2
2,0,0,0.16990685463,0.515808987617,-2,2
4,4,1,0.377034187317,0.448073077202,1,2
3,0,0,0.198419094086,0.499436903,-2,2
0,0,1,0.246906995773,0.44793407917,1,2
3,0,0,0.0449831485748,0.499436903,-2,2
4,4,1,0.130666971207,0.448073077202,1,2
2,4,0,0.105315923691,0.515808987617,-2,2
1,0,0,0.162403821945,0.407530021667,-2,2
3,0,0,0.128905057907,0.499436903,-2,2
1,-1,0,0.8,0.407530021667,-2,2
2,-1,0,0.8,0.515808987617,-2,2
0,-1,0,0.8,0.44793407917,-2,2
4,4,1,0.213706016541,0.448073077202,1,2
2,0,0,0.468685865402,0.515808987617,-2,2
0,0,1,0.673686981201,0.44793407917,-1,2
1,-1,0,0.8,0.407530021667,-2,2
3,-1,0,0.8,0.499436903,-2,2
4,-1,0,0.8,0.448073077202,-2,2
0,-1,0,0.8,0.44793407917,-2,2
4,0,0,0.146687984467,0.448073077202,-2,2
1,4,0,0.428998947144,0.407530021667,-2,2
3,4,0,0.474166870117,0.499436903,-2,2
2,0,0,0.51473402977,0.515808987617,-2,2
1,0,0,0.630812168121,0.407530021667,-2,2
4,-1,0,0.8,0.448073077202,-2,2
2,4,0,0.552085876465,0.515808987617,-2,2
0,0,1,0.300737857819,0.44793407917,1,2
3,0,0,0.0361249446869,0.499436903,-2,2
2,4,0,0.521347045898,0.515808987617,-2,2
4,0,0,0.258637905121,0.448073077202,-2,2
0,0,1,0.0151529312134,0.44793407917,1,2
3,4,0,0.431045055389,0.499436903,-2,2
1,0,0,0.142177820206,0.407530021667,-2,2
0,4,0,0.662914991379,0.44793407917,-2,2
1,4,0,0.093691110611,0.407530021667,-2,2
3,4,0,0.37242102623,0.499436903,-2,2
2,0,0,0.226861953735,0.515808987617,-2,2
4,4,1,0.0883688926697,0.448073077202,1,2
0,0,1,0.375022172928,0.44793407917,1,2
2,-1,0,0.8,0.515808987617,-2,2
1,4,0,0.687241792679,0.407530021667,-2,2
4,4,1,0.427273988724,0.448073077202,1,2
3,4,0,0.187026977539,0.499436903,-2,2
0,0,1,0.586874961853,0.44793407917,-1,2
4,0,0,0.331413030624,0.448073077202,-2,2
3,4,0,0.0560460090637,0.499436903,-2,2
1,4,0,0.366719007492,0.407530021667,-2,2
2,0,0,0.015350818634,0.515808987617,-2,2
3,0,0,0.367239952087,0.499436903,-2,2
1,4,0,0.0117921829224,0.407530021667,-2,2
4,0,0,0.109235048294,0.448073077202,-2,2
0,4,0,0.073793888092,0.44793407917,-2,2
2,0,0,0.240568161011,0.515808987617,-2,2
1,4,0,0.120004892349,0.407530021667,-2,2
3,0,0,0.247747898102,0.499436903,-2,2
4,-1,0,0.8,0.448073077202,-2,2
2,-1,0,0.8,0.515808987617,-2,2
0,-1,0,0.8,0.44793407917,-2,2
2,-1,0,0.8,0.515808987617,-2,2
4,-1,0,0.8,0.448073077202,-2,2
0,-1,0,0.8,0.44793407917,-2,2
3,3,1,0.190786838531,0.499436903,1,2
1,-1,0,0.8,0.407530021667,-2,2
4,-1,0,0.8,0.448073077202,-2,2
0,0,1,0.436293125153,0.44793407917,1,2
1,3,0,0.451731920242,0.407530021667,-2,2
2,0,0,0.226607084274,0.515808987617,-2,2
3,4,0,0.45024394989,0.499436903,-2,2
4,-1,0,0.8,0.448073077202,-2,2
1,-1,0,0.8,0.407530021667,-2,2
2,-1,0,0.8,0.515808987617,-2,2
0,-1,0,0.8,0.44793407917,-2,2
3,0,0,0.131405830383,0.499436903,-2,2
0,2,0,0.162493944168,0.44793407917,-2,2
4,3,0,0.522921085358,0.448073077202,-2,2
1,2,0,0.331326007843,0.407530021667,-2,2
2,2,1,0.246716022491,0.515808987617,1,2
3,3,1,0.318505048752,0.499436903,1,2
1,1,1,0.268856048584,0.407530021667,1,2
4,4,1,0.190716028214,0.448073077202,1,2
2,0,0,0.172136068344,0.515808987617,-2,2
3,2,0,0.204386949539,0.499436903,-2,2
0,3,0,0.37783408165,0.44793407917,-2,2
1,1,1,0.31822013855,0.407530021667,1,2
0,2,0,0.568069934845,0.44793407917,-2,2
3,1,0,0.0217890739441,0.499436903,-2,2
4,1,0,0.0301079750061,0.448073077202,-2,2
2,4,0,0.252705097198,0.515808987617,-2,2
4,1,0,0.450145959854,0.448073077202,-2,2
3,4,0,0.298625946045,0.499436903,-2,2
1,1,1,0.531366825104,0.407530021667,-1,2
0,-1,0,0.8,0.44793407917,-2,2
2,3,0,0.455327033997,0.515808987617,-2,2
3,3,1,0.519301891327,0.499436903,-1,2
4,4,1,0.450687170029,0.448073077202,-1,2
0,1,0,0.323382854462,0.44793407917,-2,2
1,-1,0,0.8,0.407530021667,-2,2
2,-1,0,0.8,0.515808987617,-2,2
0,-1,0,0.8,0.44793407917,-2,2
3,-1,0,0.8,0.499436903,-2,2
4,-1,0,0.8,0.448073077202,-2,2
2,-1,0,0.8,0.515808987617,-2,2
1,-1,0,0.8,0.407530021667,-2,2
0,1,0,0.697340965271,0.44793407917,-2,2
1,2,0,0.322400808334,0.407530021667,-2,2
4,4,1,0.419031143188,0.448073077202,1,2
2,2,1,0.3855509758,0.515808987617,1,2
3,3,1,0.39331817627,0.499436903,1,2
0,0,1,0.663405895233,0.44793407917,-1,2
3,2,0,0.646058082581,0.499436903,-2,2
4,3,0,0.531203985214,0.448073077202,-2,2
1,4,0,0.209082841873,0.407530021667,-2,2
2,-1,0,0.8,0.515808987617,-2,2
0,0,1,0.730173110962,0.44793407917,-1,3
2,1,0,0.087630033493,0.515808987617,-2,3
4,0,0,0.51561498642,0.448073077202,-2,3
1,2,0,0.0041880607605,0.407530021667,-2,3
3,4,0,0.0208280086517,0.499436903,-2,3
2,0,0,0.531185150146,0.515808987617,-2,3
1,1,1,0.271792173386,0.407530021667,1,3
0,-1,0,0.8,0.44793407917,-2,3
3,-1,0,0.8,0.499436903,-2,3
4,-1,0,0.8,0.448073077202,-2,3
0,-1,0,0.8,0.44793407917,-2,3
1,-1,0,0.8,0.407530021667,-2,3
4,-1,0,0.8,0.448073077202,-2,3
3,-1,0,0.8,0.499436903,-2,3
2,-1,0,0.8,0.515808987617,-2,3
0,-1,0,0.8,0.44793407917,-2,3
1,-1,0,0.8,0.407530021667,-2,3
3,-1,0,0.8,0.499436903,-2,3
4,-1,0,0.8,0.448073077202,-2,3
2,-1,0,0.8,0.515808987617,-2,3
4,-1,0,0.8,0.448073077202,-2,3
0,-1,0,0.8,0.44793407917,-2,3
1,-1,0,0.8,0.407530021667,-2,3
2,-1,0,0.8,0.515808987617,-2,3
3,-1,0,0.8,0.499436903,-2,3
0,-1,0,0.8,0.44793407917,-2,3
1,-1,0,0.8,0.407530021667,-2,3
4,-1,0,0.8,0.448073077202,-2,3
3,-1,0,0.8,0.499436903,-2,3
2,-1,0,0.8,0.515808987617,-2,3
3,-1,0,0.8,0.499436903,-2,3
0,-1,0,0.8,0.44793407917,-2,3
1,0,0,0.451982021332,0.407530021667,-2,3
4,4,1,0.163030862808,0.448073077202,1,3
2,3,0,0.481773138046,0.515808987617,-2,3
1,2,0,0.320348978043,0.407530021667,-2,3
4,1,0,0.240993022919,0.448073077202,-2,3
2,0,0,0.125993967056,0.515808987617,-2,3
0,2,0,0.021329164505,0.44793407917,-2,3
3,3,1,0.0699689388275,0.499436903,1,3
0,0,1,0.0424258708954,0.44793407917,1,3
2,3,0,0.114192962646,0.515808987617,-2,3
4,2,0,0.0570840835571,0.448073077202,-2,3
1,-1,0,0.8,0.407530021667,-2,3
3,2,0,0.0337619781494,0.499436903,-2,3
4,2,0,0.649805784225,0.448073077202,-2,3
2,4,0,0.255666017532,0.515808987617,-2,3
3,2,0,0.0379140377045,0.499436903,-2,3
0,2,0,0.252821922302,0.44793407917,-2,3
1,2,0,0.348169803619,0.407530021667,-2,3
3,2,0,0.264113903046,0.499436903,-2,3
1,2,0,0.151557922363,0.407530021667,-2,3
4,3,0,0.233203172684,0.448073077202,-2,3
0,3,0,0.100521087646,0.44793407917,-2,3
2,4,0,0.230125904083,0.515808987617,-2,3
0,1,0,0.0514149665833,0.44793407917,-2,3
3,4,0,0.171650886536,0.499436903,-2,3
2,0,0,0.555203914642,0.515808987617,-2,3
1,2,0,0.0836300849915,0.407530021667,-2,3
4,3,0,0.063737154007,0.448073077202,-2,3
2,3,0,0.184865951538,0.515808987617,-2,3
4,1,0,0.00621104240417,0.448073077202,-2,3
3,3,1,0.647216081619,0.499436903,-1,3
1,1,1,0.699180841446,0.407530021667,-1,3
0,4,0,0.132991075516,0.44793407917,-2,3
3,4,0,0.28120303154,0.499436903,-2,3
1,3,0,0.178582906723,0.407530021667,-2,3
2,4,0,0.11088013649,0.515808987617,-2,3
4,-1,0,0.8,0.448073077202,-2,3
0,1,0,0.299336910248,0.44793407917,-2,3
4,1,0,0.180337905884,0.448073077202,-2,3
0,2,0,0.122354030609,0.44793407917,-2,3
1,1,1,0.113893985748,0.407530021667,1,3
2,1,0,0.050754070282,0.515808987617,-2,3
3,3,1,0.0745689868927,0.499436903,1,3
4,3,0,0.173931837082,0.448073077202,-2,3
3,3,1,0.0148208141327,0.499436903,1,3
1,1,1,0.020220041275,0.407530021667,1,3
0,1,0,0.0111410617828,0.44793407917,-2,3
2,3,0,0.0351870059967,0.515808987617,-2,3
4,3,0,0.273526906967,0.448073077202,-2,3
0,2,0,0.0417101383209,0.44793407917,-2,3
2,3,0,0.104449033737,0.515808987617,-2,3
1,3,0,0.0606911182404,0.407530021667,-2,3
3,2,0,0.493777990341,0.499436903,-2,3
1,4,0,0.0456330776215,0.407530021667,-2,3
0,3,0,0.0462458133698,0.44793407917,-2,3
4,3,0,0.112594842911,0.448073077202,-2,3
2,3,0,0.0748870372772,0.515808987617,-2,3
3,-1,0,0.8,0.499436903,-2,3
2,-1,0,0.8,0.515808987617,-2,3
3,1,0,0.688291072845,0.499436903,-2,3
1,3,0,0.415705919266,0.407530021667,-2,3
4,1,0,0.0920660495758,0.448073077202,-2,3
0,1,0,0.474550962448,0.44793407917,-2,3
3,1,0,0.010931968689,0.499436903,-2,3
0,-1,0,0.8,0.44793407917,-2,3
1,1,1,0.142657995224,0.407530021667,1,3
2,1,0,0.101524829865,0.515808987617,-2,3
4,1,0,0.0859980583191,0.448073077202,-2,3
0,3,0,0.0067720413208,0.44793407917,-2,3
3,3,1,0.165132045746,0.499436903,1,3
1,0,0,0.0751080513,0.407530021667,-2,3
4,0,0,0.00943183898926,0.448073077202,-2,3
2,3,0,0.337219953537,0.515808987617,-2,3
0,0,1,0.280762910843,0.44793407917,1,3
4,3,0,0.327290773392,0.448073077202,-2,3
3,3,1,0.286849975586,0.499436903,1,3
2,3,0,0.40397310257,0.515808987617,-2,3
1,3,0,0.484389066696,0.407530021667,-2,3
3,3,1,0.43638086319,0.499436903,1,3
4,3,0,0.513685941696,0.448073077202,-2,3
1,3,0,0.711236953735,0.407530021667,-2,3
0,0,1,0.542261123657,0.44793407917,-1,3
2,0,0,0.287832021713,0.515808987617,-2,3
3,4,0,0.229771852493,0.499436903,-2,3
0,0,1,0.626559019089,0.44793407917,-1,3
2,4,0,0.700212001801,0.515808987617,-2,3
1,3,0,0.178795099258,0.407530021667,-2,3
4,3,0,0.032280921936,0.448073077202,-2,3
0,3,0,0.086669921875,0.44793407917,-2,3
2,0,0,0.11262512207,0.515808987617,-2,3
3,1,0,0.0553939342499,0.499436903,-2,3
1,0,0,0.60450387001,0.407530021667,-2,3
4,3,0,0.401679992676,0.448073077202,-2,3
0,3,0,0.0420777797699,0.44793407917,-2,3
3,1,0,0.186904907227,0.499436903,-2,3
1,4,0,0.0478129386902,0.407530021667,-2,3
2,0,0,0.104876041412,0.515808987617,-2,3
4,3,0,0.127784013748,0.448073077202,-2,3
3,2,0,0.267092943192,0.499436903,-2,3
4,0,0,0.332098007202,0.448073077202,-2,3
2,-1,0,0.8,0.515808987617,-2,3
1,1,1,0.457102060318,0.407530021667,-1,3
0,0,1,0.259201049805,0.44793407917,1,3
1,1,1,0.698083162308,0.407530021667,-1,3
3,2,0,0.352778911591,0.499436903,-2,3
2,3,0,0.492188215256,0.515808987617,-2,3
0,-1,0,0.8,0.44793407917,-2,3
4,4,1,0.500455856323,0.448073077202,-1,3
0,3,0,0.169945955276,0.44793407917,-2,3
1,1,1,0.51447892189,0.407530021667,-1,3
4,4,1,0.463357925415,0.448073077202,-1,3
2,2,1,0.317130088806,0.515808987617,1,3
3,3,1,0.40479683876,0.499436903,1,3
1,1,1,0.308874845505,0.407530021667,1,3
3,4,0,0.283219099045,0.499436903,-2,3
4,2,0,0.353046894073,0.448073077202,-2,3
2,-1,0,0.8,0.515808987617,-2,3
0,-1,0,0.8,0.44793407917,-2,3
2,-1,0,0.8,0.515808987617,-2,3
0,4,0,0.366418123245,0.44793407917,-2,3
4,3,0,0.204444169998,0.448073077202,-2,3
1,4,0,0.220337867737,0.407530021667,-2,3
3,4,0,0.29931807518,0.499436903,-2,3
4,3,0,0.332129955292,0.448073077202,-2,3
1,-1,0,0.8,0.407530021667,-2,3
3,-1,0,0.8,0.499436903,-2,3
2,-1,0,0.8,0.515808987617,-2,3
0,-1,0,0.8,0.44793407917,-2,3
3,4,0,0.772678136826,0.499436903,-2,3
2,3,0,0.197596073151,0.515808987617,-2,3
0,2,0,0.0131268501282,0.44793407917,-2,3
1,0,0,0.2400598526,0.407530021667,-2,3
4,3,0,0.320318222046,0.448073077202,-2,3
3,3,1,0.384348869324,0.499436903,1,3
0,-1,0,0.8,0.44793407917,-2,3
1,0,0,0.454532146454,0.407530021667,-2,3
4,3,0,0.483220100403,0.448073077202,-2,3
2,2,1,0.506278038025,0.515808987617,1,3
4,4,1,0.384341001511,0.448073077202,1,3
0,0,1,0.498622179031,0.44793407917,-1,3
1,1,1,0.52866101265,0.407530021667,-1,3
3,-1,0,0.8,0.499436903,-2,3
2,1,0,0.629497051239,0.515808987617,-2,3
0,-1,0,0.8,0.44793407917,-2,3
1,-1,0,0.8,0.407530021667,-2,3
2,2,1,0.370436906815,0.515808987617,1,3
4,4,1,0.32323384285,0.448073077202,1,3
3,3,1,0.288622140884,0.499436903,1,3
2,1,0,0.320472955704,0.515808987617,-2,3
3,3,1,0.381977796555,0.499436903,1,3
0,1,0,0.389086008072,0.44793407917,-2,3
1,1,1,0.534218072891,0.407530021667,-1,3
4,3,0,0.39445400238,0.448073077202,-2,3
3,3,1,0.659526824951,0.499436903,-1,3
1,1,1,0.553967952728,0.407530021667,-1,3
4,4,1,0.518674135208,0.448073077202,-1,3
0,0,1,0.440264940262,0.44793407917,1,3
2,2,1,0.317414045334,0.515808987617,1,3
3,3,1,0.277755975723,0.499436903,1,3
1,1,1,0.258418083191,0.407530021667,1,3
4,4,1,0.379882097244,0.448073077202,1,3
0,0,1,0.427314043045,0.44793407917,1,3
2,2,1,0.402341842651,0.515808987617,1,3
3,4,0,0.401767015457,0.499436903,-2,3
2,2,1,0.513408899307,0.515808987617,1,3
4,4,1,0.445177078247,0.448073077202,1,3
1,1,1,0.427489042282,0.407530021667,-1,3
0,0,1,0.452070951462,0.44793407917,-1,3
1,1,1,0.497317075729,0.407530021667,-1,3
3,3,1,0.354099035263,0.499436903,1,3
0,0,1,0.455715894699,0.44793407917,-1,3
4,4,1,0.449562072754,0.448073077202,-1,3
2,2,1,0.213491916656,0.515808987617,1,3
0,0,1,0.340621948242,0.44793407917,1,3
1,1,1,0.358424901962,0.407530021667,1,3
2,2,1,0.524642944336,0.515808987617,-1,3
4,4,1,0.51464509964,0.448073077202,-1,3
3,3,1,0.353746891022,0.499436903,1,3
0,0,1,0.48840212822,0.44793407917,-1,3
2,2,1,0.566215991974,0.515808987617,-1,3
1,1,1,0.366147994995,0.407530021667,1,3
3,3,1,0.254483938217,0.499436903,1,3
4,4,1,0.354619979858,0.448073077202,1,3
3,2,0,0.340339899063,0.499436903,-2,3
0,0,1,0.609439134598,0.44793407917,-1,3
2,0,0,0.362162828445,0.515808987617,-2,3
1,2,0,0.578094005585,0.407530021667,-2,3
4,-1,0,0.8,0.448073077202,-2,3
1,-1,0,0.8,0.407530021667,-2,3
2,-1,0,0.8,0.515808987617,-2,3
4,-1,0,0.8,0.448073077202,-2,3
3,-1,0,0.8,0.499436903,-2,3
0,-1,0,0.8,0.44793407917,-2,3
1,-1,0,0.8,0.407530021667,-2,3
4,-1,0,0.8,0.448073077202,-2,3
3,-1,0,0.8,0.499436903,-2,3
0,-1,0,0.8,0.44793407917,-2,3
2,-1,0,0.8,0.515808987617,-2,3
1,-1,0,0.8,0.407530021667,-2,3
3,-1,0,0.8,0.499436903,-2,3
0,-1,0,0.8,0.44793407917,-2,3
4,-1,0,0.8,0.448073077202,-2,3
2,-1,0,0.8,0.515808987617,-2,3
4,-1,0,0.8,0.448073077202,-2,3
3,-1,0,0.8,0.499436903,-2,3
0,-1,0,0.8,0.44793407917,-2,3
1,-1,0,0.8,0.407530021667,-2,3
2,-1,0,0.8,0.515808987617,-2,3
0,-1,0,0.8,0.44793407917,-2,3
3,-1,0,0.8,0.499436903,-2,3
4,-1,0,0.8,0.448073077202,-2,3
2,-1,0,0.8,0.515808987617,-2,3
1,-1,0,0.8,0.407530021667,-2,3
3,-1,0,0.8,0.499436903,-2,3
1,-1,0,0.8,0.407530021667,-2,3
4,-1,0,0.8,0.448073077202,-2,3
2,-1,0,0.8,0.515808987617,-2,3
0,-1,0,0.8,0.44793407917,-2,3
1,-1,0,0.8,0.407530021667,-2,3
0,-1,0,0.8,0.44793407917,-2,3
2,-1,0,0.8,0.515808987617,-2,3
4,-1,0,0.8,0.448073077202,-2,3
3,-1,0,0.8,0.499436903,-2,3
0,-1,0,0.8,0.44793407917,-2,3
1,-1,0,0.8,0.407530021667,-2,3
2,-1,0,0.8,0.515808987617,-2,3
4,-1,0,0.8,0.448073077202,-2,3
3,4,0,0.172207117081,0.499436903,-2,3
1,-1,0,0.8,0.407530021667,-2,3
0,3,0,0.192462921143,0.44793407917,-2,3
2,2,1,0.583655834198,0.515808987617,-1,3
3,0,0,0.703524112701,0.499436903,-2,3
4,3,0,0.375592947006,0.448073077202,-2,3
3,-1,0,0.8,0.499436903,-2,3
1,-1,0,0.8,0.407530021667,-2,3
4,-1,0,0.8,0.448073077202,-2,3
2,-1,0,0.8,0.515808987617,-2,3
0,-1,0,0.8,0.44793407917,-2,3
2,-1,0,0.8,0.515808987617,-2,3
3,-1,0,0.8,0.499436903,-2,3
0,-1,0,0.8,0.44793407917,-2,3
4,-1,0,0.8,0.448073077202,-2,3
1,-1,0,0.8,0.407530021667,-2,3
4,-1,0,0.8,0.448073077202,-2,3
0,-1,0,0.8,0.44793407917,-2,3
2,-1,0,0.8,0.515808987617,-2,3
3,-1,0,0.8,0.499436903,-2,3
1,-1,0,0.8,0.407530021667,-2,3
0,-1,0,0.8,0.44793407917,-2,3
2,-1,0,0.8,0.515808987617,-2,3
3,-1,0,0.8,0.499436903,-2,3
1,0,0,0.177587985992,0.407530021667,-2,3
4,0,0,0.489794015884,0.448073077202,-2,3
3,0,0,0.409945964813,0.499436903,-2,3
2,0,0,0.447272062302,0.515808987617,-2,3
1,2,0,0.0553600788116,0.407530021667,-2,3
4,0,0,0.759030103683,0.448073077202,-2,3
0,-1,0,0.8,0.44793407917,-2,3
2,-1,0,0.8,0.515808987617,-2,3
1,4,0,0.227695941925,0.407530021667,-2,3
3,-1,0,0.8,0.499436903,-2,3
0,-1,0,0.8,0.44793407917,-2,3
4,-1,0,0.8,0.448073077202,-2,3
3,-1,0,0.8,0.499436903,-2,3
1,-1,0,0.8,0.407530021667,-2,3
4,-1,0,0.8,0.448073077202,-2,3
0,-1,0,0.8,0.44793407917,-2,3
2,4,0,0.616117954254,0.515808987617,-2,3
4,-1,0,0.8,0.448073077202,-2,4
2,-1,0,0.8,0.515808987617,-2,4
3,3,1,0.615092039108,0.499436903,-1,4
0,0,1,0.407892942429,0.44793407917,1,4
1,1,1,0.308773040771,0.407530021667,1,4
3,3,1,0.378830909729,0.499436903,1,4
0,0,1,0.413379907608,0.44793407917,1,4
1,1,1,0.516222000122,0.407530021667,-1,4
2,2,1,0.306571006775,0.515808987617,1,4
4,4,1,0.528043031693,0.448073077202,-1,4
0,0,1,0.34209394455,0.44793407917,1,4
3,3,1,0.445905923843,0.499436903,1,4
1,1,1,0.325528860092,0.407530021667,1,4
4,4,1,0.366072893143,0.448073077202,1,4
2,2,1,0.293370008469,0.515808987617,1,4
1,2,0,0.475540876389,0.407530021667,-2,4
3,3,1,0.370325088501,0.499436903,1,4
4,4,1,0.622065067291,0.448073077202,-1,4
2,2,1,0.573673963547,0.515808987617,-1,4
0,0,1,0.332632064819,0.44793407917,1,4
4,4,1,0.499006986618,0.448073077202,-1,4
0,0,1,0.490133047104,0.44793407917,-1,4
2,2,1,0.370249986649,0.515808987617,1,4
1,1,1,0.370298862457,0.407530021667,1,4
3,3,1,0.264395952225,0.499436903,1,4
1,0,0,0.360245943069,0.407530021667,-2,4
3,3,1,0.43995308876,0.499436903,1,4
0,0,1,0.398763179779,0.44793407917,1,4
2,2,1,0.380352973938,0.515808987617,1,4
4,4,1,0.525274038315,0.448073077202,-1,4
2,2,1,0.363692998886,0.515808987617,1,4
3,3,1,0.466291189194,0.499436903,1,4
4,3,0,0.361968994141,0.448073077202,-2,4
0,0,1,0.509789943695,0.44793407917,-1,4
1,0,0,0.430979967117,0.407530021667,-2,4
4,3,0,0.399015903473,0.448073077202,-2,4
3,-1,0,0.8,0.499436903,-2,4
2,2,1,0.330113887787,0.515808987617,1,4
0,0,1,0.472055912018,0.44793407917,-1,4
1,2,0,0.376409053802,0.407530021667,-2,4
2,3,0,0.271943092346,0.515808987617,-2,4
1,-1,0,0.8,0.407530021667,-2,4
4,-1,0,0.8,0.448073077202,-2,4
3,-1,0,0.8,0.499436903,-2,4
0,-1,0,0.8,0.44793407917,-2,4
2,2,1,0.250622034073,0.515808987617,1,4
0,-1,0,0.8,0.44793407917,-2,4
4,-1,0,0.8,0.448073077202,-2,4
1,-1,0,0.8,0.407530021667,-2,4
3,-1,0,0.8,0.499436903,-2,4
0,-1,0,0.8,0.44793407917,-2,4
3,-1,0,0.8,0.499436903,-2,4
4,-1,0,0.8,0.448073077202,-2,4
1,-1,0,0.8,0.407530021667,-2,4
2,-1,0,0.8,0.515808987617,-2,4
4,-1,0,0.8,0.448073077202,-2,4
0,-1,0,0.8,0.44793407917,-2,4
2,-1,0,0.8,0.515808987617,-2,4
1,-1,0,0.8,0.407530021667,-2,4
3,-1,0,0.8,0.499436903,-2,4
4,-1,0,0.8,0.448073077202,-2,4
3,-1,0,0.8,0.499436903,-2,4
2,-1,0,0.8,0.515808987617,-2,4
1,-1,0,0.8,0.407530021667,-2,4
0,-1,0,0.8,0.44793407917,-2,4
3,-1,0,0.8,0.499436903,-2,4
1,-1,0,0.8,0.407530021667,-2,4
0,-1,0,0.8,0.44793407917,-2,4
4,-1,0,0.8,0.448073077202,-2,4
2,-1,0,0.8,0.515808987617,-2,4
1,-1,0,0.8,0.407530021667,-2,4
2,-1,0,0.8,0.515808987617,-2,4
3,-1,0,0.8,0.499436903,-2,4
4,-1,0,0.8,0.448073077202,-2,4
0,-1,0,0.8,0.44793407917,-2,4
1,-1,0,0.8,0.407530021667,-2,4
0,-1,0,0.8,0.44793407917,-2,4
2,-1,0,0.8,0.515808987617,-2,4
3,-1,0,0.8,0.499436903,-2,4
4,-1,0,0.8,0.448073077202,-2,4
2,-1,0,0.8,0.515808987617,-2,4
3,-1,0,0.8,0.499436903,-2,4
0,-1,0,0.8,0.44793407917,-2,4
4,-1,0,0.8,0.448073077202,-2,4
1,-1,0,0.8,0.407530021667,-2,4
4,-1,0,0.8,0.448073077202,-2,4
1,-1,0,0.8,0.407530021667,-2,4
0,-1,0,0.8,0.44793407917,-2,4
2,-1,0,0.8,0.515808987617,-2,4
3,-1,0,0.8,0.499436903,-2,4
0,-1,0,0.8,0.44793407917,-2,4
4,-1,0,0.8,0.448073077202,-2,4
3,-1,0,0.8,0.499436903,-2,4
2,-1,0,0.8,0.515808987617,-2,4
1,-1,0,0.8,0.407530021667,-2,4
2,-1,0,0.8,0.515808987617,-2,4
3,-1,0,0.8,0.499436903,-2,4
1,-1,0,0.8,0.407530021667,-2,4
4,-1,0,0.8,0.448073077202,-2,4
0,-1,0,0.8,0.44793407917,-2,4
4,-1,0,0.8,0.448073077202,-2,4
2,-1,0,0.8,0.515808987617,-2,4
0,-1,0,0.8,0.44793407917,-2,4
3,-1,0,0.8,0.499436903,-2,4
1,-1,0,0.8,0.407530021667,-2,4
2,-1,0,0.8,0.515808987617,-2,4
3,-1,0,0.8,0.499436903,-2,4
1,-1,0,0.8,0.407530021667,-2,4
0,-1,0,0.8,0.44793407917,-2,4
4,-1,0,0.8,0.448073077202,-2,4
3,-1,0,0.8,0.499436903,-2,4
2,-1,0,0.8,0.515808987617,-2,4
1,-1,0,0.8,0.407530021667,-2,4
4,-1,0,0.8,0.448073077202,-2,4
0,-1,0,0.8,0.44793407917,-2,4
2,-1,0,0.8,0.515808987617,-2,4
1,-1,0,0.8,0.407530021667,-2,4
4,-1,0,0.8,0.448073077202,-2,4
3,-1,0,0.8,0.499436903,-2,4
0,-1,0,0.8,0.44793407917,-2,4
4,-1,0,0.8,0.448073077202,-2,4
0,-1,0,0.8,0.44793407917,-2,4
1,-1,0,0.8,0.407530021667,-2,4
2,-1,0,0.8,0.515808987617,-2,4
3,-1,0,0.8,0.499436903,-2,4
1,-1,0,0.8,0.407530021667,-2,4
4,-1,0,0.8,0.448073077202,-2,4
0,-1,0,0.8,0.44793407917,-2,4
3,-1,0,0.8,0.499436903,-2,4
2,-1,0,0.8,0.515808987617,-2,4
0,-1,0,0.8,0.44793407917,-2,4
1,-1,0,0.8,0.407530021667,-2,4
3,-1,0,0.8,0.499436903,-2,4
4,-1,0,0.8,0.448073077202,-2,4
2,-1,0,0.8,0.515808987617,-2,4
1,-1,0,0.8,0.407530021667,-2,4
2,-1,0,0.8,0.515808987617,-2,4
3,-1,0,0.8,0.499436903,-2,4
4,-1,0,0.8,0.448073077202,-2,4
0,-1,0,0.8,0.44793407917,-2,4
3,-1,0,0.8,0.499436903,-2,4
4,-1,0,0.8,0.448073077202,-2,4
1,-1,0,0.8,0.407530021667,-2,4
0,-1,0,0.8,0.44793407917,-2,4
2,-1,0,0.8,0.515808987617,-2,4
1,-1,0,0.8,0.407530021667,-2,4
3,-1,0,0.8,0.499436903,-2,4
0,-1,0,0.8,0.44793407917,-2,4
2,2,1,0.653990983963,0.515808987617,-1,4
4,-1,0,0.8,0.448073077202,-2,4
2,2,1,0.44450211525,0.515808987617,1,4
0,0,1,0.689246177673,0.44793407917,-1,4
4,-1,0,0.8,0.448073077202,-2,4
3,3,1,0.414435863495,0.499436903,1,4
1,1,1,0.230072021484,0.407530021667,1,4
2,2,1,0.261887073517,0.515808987617,1,4
0,0,1,0.310766935349,0.44793407917,1,4
1,1,1,0.433711051941,0.407530021667,-1,4
4,3,0,0.260176897049,0.448073077202,-2,4
3,3,1,0.407504081726,0.499436903,1,4
1,1,1,0.686174154282,0.407530021667,-1,4
0,0,1,0.455931901932,0.44793407917,-1,4
2,2,1,0.510512113571,0.515808987617,1,4
4,4,1,0.557934045792,0.448073077202,-1,4
3,3,1,0.357527971268,0.499436903,1,4
2,2,1,0.475789070129,0.515808987617,1,4
1,1,1,0.289263010025,0.407530021667,1,4
3,3,1,0.425840139389,0.499436903,1,4
4,4,1,0.486064195633,0.448073077202,-1,4
0,0,1,0.326817989349,0.44793407917,1,4
4,4,1,0.41580414772,0.448073077202,1,4
0,0,1,0.46094083786,0.44793407917,-1,4
3,3,1,0.353312969208,0.499436903,1,4
1,1,1,0.337095975876,0.407530021667,1,4
2,2,1,0.264283180237,0.515808987617,1,4
4,4,1,0.454627990723,0.448073077202,-1,4
1,1,1,0.47931599617,0.407530021667,-1,4
2,3,0,0.311703920364,0.515808987617,-2,4
3,-1,0,0.8,0.499436903,-2,4
0,-1,0,0.8,0.44793407917,-2,4
1,-1,0,0.8,0.407530021667,-2,4
3,-1,0,0.8,0.499436903,-2,4
2,-1,0,0.8,0.515808987617,-2,4
0,-1,0,0.8,0.44793407917,-2,4
4,-1,0,0.8,0.448073077202,-2,4
2,-1,0,0.8,0.515808987617,-2,4
3,-1,0,0.8,0.499436903,-2,4
0,-1,0,0.8,0.44793407917,-2,4
4,-1,0,0.8,0.448073077202,-2,4
1,-1,0,0.8,0.407530021667,-2,4
2,-1,0,0.8,0.515808987617,-2,4
0,-1,0,0.8,0.44793407917,-2,4
3,-1,0,0.8,0.499436903,-2,4
1,-1,0,0.8,0.407530021667,-2,4
4,-1,0,0.8,0.448073077202,-2,4
0,-1,0,0.8,0.44793407917,-2,4
2,-1,0,0.8,0.515808987617,-2,4
4,-1,0,0.8,0.448073077202,-2,4
1,-1,0,0.8,0.407530021667,-2,4
3,-1,0,0.8,0.499436903,-2,4
0,-1,0,0.8,0.44793407917,-2,4
3,-1,0,0.8,0.499436903,-2,4
2,-1,0,0.8,0.515808987617,-2,4
4,-1,0,0.8,0.448073077202,-2,4
1,-1,0,0.8,0.407530021667,-2,4
2,-1,0,0.8,0.515808987617,-2,4
4,-1,0,0.8,0.448073077202,-2,4
0,-1,0,0.8,0.44793407917,-2,4
3,-1,0,0.8,0.499436903,-2,4
1,-1,0,0.8,0.407530021667,-2,4
4,-1,0,0.8,0.448073077202,-2,4
1,-1,0,0.8,0.407530021667,-2,4
3,-1,0,0.8,0.499436903,-2,4
0,-1,0,0.8,0.44793407917,-2,4
2,-1,0,0.8,0.515808987617,-2,4
0,-1,0,0.8,0.44793407917,-2,4
4,-1,0,0.8,0.448073077202,-2,4
2,-1,0,0.8,0.515808987617,-2,4
1,-1,0,0.8,0.407530021667,-2,4
3,-1,0,0.8,0.499436903,-2,4
2,-1,0,0.8,0.515808987617,-2,4
