probe,press,accuracy,rt,threshold,score,run_num
3,3,1,0.469551086426,0.45,-1,0
0,0,1,0.397052049637,0.45,1,0
1,1,1,0.305868864059,0.45,1,0
2,2,1,0.326786994934,0.45,1,0
1,1,1,0.359668016434,0.45,1,0
0,0,1,0.284950971603,0.45,1,0
2,2,1,0.293193101883,0.45,1,0
3,3,1,0.316292047501,0.45,1,0
1,1,1,0.27747797966,0.45,1,0
3,3,1,0.294904947281,0.45,1,0
2,2,1,0.354622840881,0.45,1,0
0,0,1,0.34983587265,0.45,1,0
3,3,1,0.380354881287,0.45,1,0
1,1,1,0.310096979141,0.45,1,0
2,2,1,0.320855140686,0.45,1,0
0,0,1,0.315966129303,0.45,1,0
1,1,1,0.405311822891,0.45,1,0
0,0,1,0.523145914078,0.45,-1,0
2,2,1,0.406752109528,0.45,1,0
3,3,1,0.303723096848,0.45,1,0
0,0,1,0.364713907242,0.45,1,0
3,3,1,0.328726053238,0.45,1,0
2,1,0,0.369737863541,0.45,-2,0
1,1,1,0.326130151749,0.45,1,0
3,3,1,0.337847948074,0.45,1,0
1,1,1,0.317352056503,0.45,1,0
0,0,1,0.298389196396,0.45,1,0
2,2,1,0.331616163254,0.45,1,0
0,0,1,0.40496301651,0.45,1,0
1,1,1,0.407773971558,0.45,1,0
2,2,1,0.311059951782,0.45,1,0
1,1,1,0.359894990921,0.45,1,0
3,3,1,0.346226930618,0.45,1,0
2,2,1,0.358278036118,0.45,1,0
3,3,1,0.628060817719,0.45,-1,0
0,0,1,0.398663043976,0.45,1,0
3,3,1,0.358780860901,0.45,1,0
0,0,1,0.380565166473,0.45,1,0
1,1,1,0.42209482193,0.45,1,0
2,2,1,0.321032047272,0.45,1,0
1,1,1,0.311275959015,0.45,1,0
0,0,1,0.311987876892,0.45,1,0
2,2,1,0.37158703804,0.45,1,0
0,0,1,0.391640901566,0.45,1,0
3,3,1,0.337736129761,0.45,1,0
1,0,0,0.368273973465,0.45,-2,0
3,3,1,0.458134889603,0.45,-1,0
2,1,0,0.412790060043,0.45,-2,0
3,3,1,0.439665079117,0.45,1,0
0,0,1,0.401750087738,0.45,1,0
1,1,1,0.396898031235,0.45,1,0
2,2,1,0.38396191597,0.45,1,0
0,0,1,0.406747817993,0.45,1,0
2,2,1,0.350914955139,0.45,1,0
1,1,1,0.417474031448,0.45,1,0
0,0,1,0.326485872269,0.45,1,0
3,3,1,0.4510679245,0.45,-1,0
1,1,1,0.364140033722,0.45,1,0
3,3,1,0.328737974167,0.45,1,0
2,2,1,0.313946008682,0.45,1,0
3,3,1,0.417249917984,0.45,1,0
0,0,1,0.354349851608,0.45,1,0
1,1,1,0.295573949814,0.45,1,0
2,2,1,0.286274909973,0.45,1,0
0,0,1,0.364636898041,0.45,1,0
2,2,1,0.350942134857,0.45,1,0
1,1,1,0.309210062027,0.45,1,0
3,3,1,0.349673032761,0.45,1,0
1,1,1,0.441824913025,0.45,1,0
0,0,1,0.342343091965,0.45,1,0
3,3,1,0.320039987564,0.45,1,0
2,2,1,0.388123035431,0.45,1,0
3,3,1,0.416379928589,0.45,1,0
1,1,1,0.328820943832,0.45,1,0
0,0,1,0.378909111023,0.45,1,0
2,2,1,0.433495044708,0.45,1,0
1,1,1,0.362514972687,0.45,1,0
2,2,1,0.460527181625,0.45,-1,0
0,0,1,0.403734922409,0.45,1,0
3,3,1,0.339813947678,0.45,1,0
0,0,1,0.4414498806,0.45,1,0
1,1,1,0.38985991478,0.45,1,0
3,3,1,0.327789068222,0.45,1,0
2,2,1,0.379138946533,0.45,1,0
3,-1,0,0.7,0.45,-2,0
1,3,0,0.0308420658112,0.45,-2,0
2,2,1,0.557187080383,0.45,-1,0
0,0,1,0.437860965729,0.45,1,0
2,2,1,0.435404062271,0.45,1,0
1,1,1,0.461849212646,0.45,-1,0
0,0,1,0.36709189415,0.45,1,0
3,3,1,0.331594944,0.45,1,0
2,2,1,0.335602045059,0.45,1,0
3,3,1,0.369635820389,0.45,1,0
0,0,1,0.292532920837,0.45,1,0
1,1,1,0.274837017059,0.45,1,0
3,3,1,0.348954200745,0.45,1,0
0,0,1,0.270303964615,0.45,1,0
2,2,1,0.386544942856,0.45,1,0
1,1,1,0.270227909088,0.45,1,0
0,0,1,0.225452899933,0.45,1,0
1,1,1,0.347637891769,0.45,1,0
2,2,1,0.343132019043,0.45,1,0
3,3,1,0.298950910568,0.45,1,0
1,1,1,0.332285881042,0.45,1,0
3,3,1,0.386785030365,0.45,1,0
2,2,1,0.348133087158,0.45,1,0
0,0,1,0.36718082428,0.45,1,0
3,3,1,0.369593858719,0.45,1,0
2,2,1,0.373568058014,0.45,1,0
1,1,1,0.345899105072,0.45,1,0
0,0,1,0.317063808441,0.45,1,0
2,2,1,0.337064027786,0.45,1,0
0,0,1,0.396229028702,0.45,1,0
1,1,1,0.415100812912,0.45,1,0
3,3,1,0.364012956619,0.45,1,0
1,1,1,0.350979089737,0.45,1,0
2,2,1,0.339056015015,0.45,1,0
3,3,1,0.331015110016,0.45,1,0
0,0,1,0.289566040039,0.45,1,0
3,3,1,0.338750839233,0.45,1,0
1,1,1,0.391787052155,0.45,1,0
0,0,1,0.440562963486,0.45,1,0
2,2,1,0.420991182327,0.45,1,0
1,1,1,0.353505134583,0.45,1,0
2,2,1,0.363099098206,0.45,1,0
0,0,1,0.29416012764,0.45,1,0
3,3,1,0.272541046143,0.45,1,0
0,0,1,0.427664041519,0.45,1,0
1,1,1,0.313325881958,0.45,1,0
3,2,0,0.289734125137,0.45,-2,0
2,2,1,0.358690977097,0.45,1,0
3,3,1,0.464546918869,0.45,-1,0
0,0,1,0.364549160004,0.45,1,0
2,2,1,0.422580003738,0.45,1,0
1,1,1,0.333765983582,0.45,1,0
0,0,1,0.246237039566,0.45,1,0
1,1,1,0.417635917664,0.45,1,0
2,1,0,0.399056911469,0.45,-2,0
3,3,1,0.426735877991,0.45,1,0
2,0,0,0.290711164474,0.45,-2,0
0,0,1,0.397631883621,0.45,1,0
3,3,1,0.440645933151,0.45,1,0
1,1,1,0.342571973801,0.45,1,0
3,3,1,0.352150917053,0.45,1,0
2,2,1,0.389096021652,0.45,1,0
0,0,1,0.351118087769,0.45,1,0
1,1,1,0.172260046005,0.45,1,0
2,2,1,0.293282985687,0.45,1,0
1,1,1,0.425868988037,0.45,1,0
0,0,1,0.381106138229,0.45,1,0
2,2,1,0.375860929489,0.45,1,0
3,3,1,0.545351982117,0.45,-1,0
0,0,1,0.411511898041,0.45,1,0
3,3,1,0.390557050705,0.45,1,0
1,1,1,0.35738492012,0.45,1,0
3,3,1,0.36900806427,0.45,1,0
1,1,1,0.336901903152,0.45,1,0
2,2,1,0.376054048538,0.45,1,0
0,0,1,0.322229146957,0.45,1,0
2,2,1,0.318690061569,0.45,1,0
1,1,1,0.281898021698,0.45,1,0
0,0,1,0.266510009766,0.45,1,0
1,1,1,0.42390704155,0.45,1,0
3,3,1,0.36298584938,0.45,1,0
2,2,1,0.343747854233,0.45,1,0
3,3,1,0.497745990753,0.45,-1,0
0,0,1,0.339676856995,0.45,1,0
3,3,1,0.384063959122,0.45,1,0
2,2,1,0.355464935303,0.45,1,0
0,0,1,0.363710165024,0.45,1,0
1,1,1,0.32018995285,0.45,1,0
0,0,1,0.523826122284,0.45,-1,0
2,2,1,0.405651807785,0.45,1,0
1,0,0,0.337625980377,0.45,-2,0
3,3,1,0.414435863495,0.45,1,0
0,0,1,0.298668146133,0.45,1,0
3,3,1,0.371578931808,0.45,1,0
1,1,1,0.342878818512,0.45,1,0
2,2,1,0.410353183746,0.45,1,0
3,3,1,0.328235149384,0.45,1,0
1,1,1,0.383929014206,0.45,1,0
0,0,1,0.355559110641,0.45,1,0
2,2,1,0.36194896698,0.45,1,0
1,1,1,0.40891289711,0.45,1,0
2,2,1,0.454791069031,0.45,-1,0
0,1,0,0.377252817154,0.45,-2,0
3,3,1,0.426580905914,0.45,1,0
0,0,1,0.456701993942,0.45,-1,0
1,1,1,0.466740131378,0.45,-1,0
3,3,1,0.36637711525,0.45,1,0
2,2,1,0.45605301857,0.45,-1,0
3,-1,0,0.7,0.45,-2,0
1,-1,0,0.7,0.45,-2,0
2,-1,0,0.7,0.45,-2,0
0,-1,0,0.7,0.45,-2,0
2,-1,0,0.7,0.45,-2,0
1,1,1,0.0933420658112,0.45,1,0
0,0,1,0.400184869766,0.45,1,0
3,-1,0,0.7,0.45,-2,0
2,2,1,0.445891141891,0.45,1,0
3,3,1,0.354764938354,0.45,1,0
0,0,1,0.247835159302,0.45,1,0
1,1,1,0.264956951141,0.45,1,0
3,2,0,0.243406057358,0.45,-2,0
0,1,0,0.407989025116,0.45,-2,0
1,1,1,0.496743917465,0.45,-1,0
2,2,1,0.407305955887,0.45,1,0
0,0,1,0.409645080566,0.45,1,0
2,2,1,0.380825996399,0.45,1,0
1,1,1,0.399775028229,0.45,1,0
3,3,1,0.355468988419,0.45,1,0
1,1,1,0.367308139801,0.45,1,0
0,0,1,0.355054140091,0.45,1,0
3,3,1,0.412156105042,0.45,1,0
2,2,1,0.494868993759,0.45,-1,0
3,3,1,0.408986091614,0.45,1,0
2,2,1,0.401515960693,0.45,1,1
3,3,1,0.323662042618,0.45,1,1
1,0,0,0.310011863708,0.45,-2,1
0,0,1,0.296792030334,0.45,1,1
1,1,1,0.348779916763,0.45,1,1
3,3,1,0.40069103241,0.45,1,1
0,0,1,0.323556184769,0.45,1,1
2,2,1,0.401359081268,0.45,1,1
0,0,1,0.384912967682,0.45,1,1
3,3,1,0.478469133377,0.45,-1,1
2,2,1,0.416524887085,0.45,1,1
1,1,1,0.283723115921,0.45,1,1
2,2,1,0.391148805618,0.45,1,1
1,0,0,0.33257484436,0.45,-2,1
0,0,1,0.357691049576,0.45,1,1
3,3,1,0.351841926575,0.45,1,1
0,0,1,0.451763868332,0.45,-1,1
1,2,0,0.352375030518,0.45,-2,1
3,3,1,0.345885038376,0.45,1,1
1,1,1,0.447025060654,0.45,1,1
2,2,1,0.354262113571,0.45,1,1
3,3,1,0.381482839584,0.45,1,1
2,2,1,0.439680099487,0.45,1,1
0,1,0,0.308197021484,0.45,-2,1
2,1,0,0.327913045883,0.45,-2,1
3,3,1,0.353889942169,0.45,1,1
1,1,1,0.335016965866,0.45,1,1
0,0,1,0.328907966614,0.45,1,1
3,3,1,0.354713201523,0.45,1,1
0,0,1,0.42213010788,0.45,1,1
1,1,1,0.456594944,0.45,-1,1
3,3,1,0.356427907944,0.45,1,1
2,2,1,0.393443107605,0.45,1,1
1,1,1,0.293959856033,0.45,1,1
2,2,1,0.390297889709,0.45,1,1
0,0,1,0.387762069702,0.45,1,1
2,2,1,0.372256994247,0.45,1,1
0,0,1,0.402628183365,0.45,1,1
3,3,1,0.371563911438,0.45,1,1
1,1,1,0.366868019104,0.45,1,1
0,0,1,0.418658018112,0.45,1,1
1,1,1,0.420893907547,0.45,1,1
3,3,1,0.34582400322,0.45,1,1
0,0,1,0.339752912521,0.45,1,1
2,2,1,0.370241880417,0.45,1,1
1,1,1,0.402395963669,0.45,1,1
2,2,1,0.479806900024,0.45,-1,1
3,3,1,0.363704919815,0.45,1,1
2,0,0,0.301030158997,0.45,-2,1
1,1,1,0.37529706955,0.45,1,1
0,0,1,0.26772403717,0.45,1,1
3,3,1,0.416639089584,0.45,1,1
1,1,1,0.336771011353,0.45,1,1
3,3,1,0.34046792984,0.45,1,1
0,0,1,0.383323907852,0.45,1,1
1,1,1,0.428251981735,0.45,1,1
2,2,1,0.3210978508,0.45,1,1
3,3,1,0.370010852814,0.45,1,1
2,2,1,0.38823390007,0.45,1,1
0,0,1,0.391489028931,0.45,1,1
2,2,1,0.356505155563,0.45,1,1
0,0,1,0.422261953354,0.45,1,1
1,1,1,0.490232944489,0.45,-1,1
3,3,1,0.422638893127,0.45,1,1
1,1,1,0.415526151657,0.45,1,1
0,0,1,0.289816141129,0.45,1,1
3,3,1,0.317634105682,0.45,1,1
2,2,1,0.341074943542,0.45,1,1
3,3,1,0.365509033203,0.45,1,1
0,0,1,0.394675016403,0.45,1,1
2,2,1,0.372799158096,0.45,1,1
1,1,1,0.270659923553,0.45,1,1
2,2,1,0.316404819489,0.45,1,1
0,0,1,0.343109130859,0.45,1,1
1,0,0,0.38360118866,0.45,-2,1
3,3,1,0.38853597641,0.45,1,1
1,1,1,0.359201908112,0.45,1,1
0,0,1,0.37920999527,0.45,1,1
3,3,1,0.382095813751,0.45,1,1
0,0,1,0.409368991852,0.45,1,1
2,2,1,0.325675010681,0.45,1,1
3,3,1,0.409353971481,0.45,1,1
2,2,1,0.411148786545,0.45,1,1
1,1,1,0.381998062134,0.45,1,1
2,3,0,0.40305185318,0.45,-2,1
3,3,1,0.364033937454,0.45,1,1
1,0,0,0.415624141693,0.45,-2,1
0,0,1,0.490055084229,0.45,-1,1
1,-1,0,0.7,0.45,-2,1
3,1,0,0.139806032181,0.45,-2,1
0,0,1,0.477260828018,0.45,-1,1
2,2,1,0.370702981949,0.45,1,1
1,1,1,0.507879972458,0.45,-1,1
2,2,1,0.406335830688,0.45,1,1
0,1,0,0.396848917007,0.45,-2,1
3,3,1,0.304431915283,0.45,1,1
2,1,0,0.339480876923,0.45,-2,1
3,0,0,0.372742176056,0.45,-2,1
1,1,1,0.60009598732,0.45,-1,1
0,0,1,0.377938985825,0.45,1,1
3,3,1,0.408478975296,0.45,1,1
0,0,1,0.475949048996,0.45,-1,1
1,2,0,0.422267913818,0.45,-2,1
3,3,1,0.367434978485,0.45,1,1
2,2,1,0.370135068893,0.45,1,1
1,1,1,0.308843135834,0.45,1,1
2,0,0,0.113358974457,0.45,-2,1
0,0,1,0.435096979141,0.45,1,1
2,2,1,0.375517129898,0.45,1,1
0,0,1,0.461369037628,0.45,-1,1
3,3,1,0.463932037354,0.45,-1,1
1,1,1,0.426498889923,0.45,1,1
0,0,1,0.423742055893,0.45,1,1
1,1,1,0.528234958649,0.45,-1,1
3,3,1,0.417809963226,0.45,1,1
2,2,1,0.430513143539,0.45,1,1
3,3,1,0.529813051224,0.45,-1,1
0,0,1,0.376050949097,0.45,1,1
2,2,1,0.311743021011,0.45,1,1
1,1,1,0.284482955933,0.45,1,1
2,2,1,0.318454027176,0.45,1,1
0,0,1,0.316302061081,0.45,1,1
3,3,1,0.324614048004,0.45,1,1
1,1,1,0.320760011673,0.45,1,1
0,0,1,0.478258132935,0.45,-1,1
1,1,1,0.441101074219,0.45,1,1
3,3,1,0.396077871323,0.45,1,1
2,1,0,0.438545942307,0.45,-2,1
1,1,1,0.417721033096,0.45,1,1
2,2,1,0.547873973846,0.45,-1,1
3,3,1,0.384557962418,0.45,1,1
0,0,1,0.316545009613,0.45,1,1
2,2,1,0.376363992691,0.45,1,1
0,0,1,0.387366056442,0.45,1,1
3,3,1,0.396346092224,0.45,1,1
1,1,1,0.426776170731,0.45,1,1
0,0,1,0.429018974304,0.45,1,1
1,1,1,0.481161117554,0.45,-1,1
3,3,1,0.475641012192,0.45,-1,1
2,2,1,0.478281021118,0.45,-1,1
3,-1,0,0.7,0.45,-2,1
0,0,1,0.292237043381,0.45,1,1
2,2,1,0.367785930634,0.45,1,1
1,1,1,0.321907043457,0.45,1,1
2,2,1,0.534229040146,0.45,-1,1
1,1,1,0.505277872086,0.45,-1,1
3,3,1,0.365515947342,0.45,1,1
0,0,1,0.377712965012,0.45,1,1
3,3,1,0.426653862,0.45,1,1
1,1,1,0.374201059341,0.45,1,1
0,0,1,0.401015996933,0.45,1,1
1,1,1,0.348441123962,0.45,1,1
2,2,1,0.369204044342,0.45,1,1
0,0,1,0.3471159935,0.45,1,1
2,2,1,0.364758968353,0.45,1,1
3,3,1,0.483010053635,0.45,-1,1
2,2,1,0.589114904404,0.45,-1,1
3,1,0,0.439762830734,0.45,-2,1
1,1,1,0.62628698349,0.45,-1,1
0,0,1,0.469972133636,0.45,-1,1
3,3,1,0.368827104568,0.45,1,1
0,0,1,0.491379976273,0.45,-1,1
1,2,0,0.346420049667,0.45,-2,1
3,3,1,0.435284852982,0.45,1,1
2,2,1,0.420667171478,0.45,1,1
1,1,1,0.27544593811,0.45,1,1
2,0,0,0.230052947998,0.45,-2,1
0,0,1,0.434706926346,0.45,1,1
2,2,1,0.411461114883,0.45,1,1
1,2,0,0.296876907349,0.45,-2,1
3,3,1,0.312858104706,0.45,1,1
0,0,1,0.324239015579,0.45,1,1
1,1,1,0.411016941071,0.45,1,1
0,0,1,0.557636022568,0.45,-1,1
3,2,0,0.336199045181,0.45,-2,1
2,2,1,0.457422971725,0.45,-1,1
3,-1,0,0.7,0.45,-2,1
1,3,0,0.143439054489,0.45,-2,1
2,1,0,0.620717048645,0.45,-2,1
0,0,1,0.488622903824,0.45,-1,1
2,2,1,0.601691007614,0.45,-1,1
3,3,1,0.399991989136,0.45,1,1
1,1,1,0.443102121353,0.45,1,1
0,0,1,0.354646921158,0.45,1,1
1,1,1,0.262501955032,0.45,1,1
3,2,0,0.228109121323,0.45,-2,1
0,1,0,0.304084062576,0.45,-2,1
2,1,0,0.416292190552,0.45,-2,1
0,0,1,0.620194911957,0.45,-1,1
3,3,1,0.504227876663,0.45,-1,1
2,1,0,0.419449090958,0.45,-2,1
1,1,1,0.680696964264,0.45,-1,1
2,-1,0,0.7,0.45,-2,1
3,2,0,0.0708348751068,0.45,-2,1
1,1,1,0.378700017929,0.45,1,1
0,0,1,0.418133974075,0.45,1,1
1,1,1,0.533850193024,0.45,-1,1
3,3,1,0.384339094162,0.45,1,1
0,0,1,0.407337903976,0.45,1,1
3,3,1,0.399248123169,0.45,1,1
2,2,1,0.356796979904,0.45,1,1
0,1,0,0.301132202148,0.45,-2,1
2,3,0,0.348773002625,0.45,-2,1
1,1,1,0.366014003754,0.45,1,1
2,2,1,0.327908992767,0.45,1,1
0,0,1,0.299138069153,0.45,1,1
1,1,1,0.359279870987,0.45,1,1
3,3,1,0.521245956421,0.45,-1,1
0,1,0,0.383702993393,0.45,-2,1
3,3,1,0.352309942245,0.45,1,1
1,1,1,0.380665063858,0.45,1,1
2,3,0,0.422440052032,0.45,-2,1
1,2,0,0.459487915039,0.45,-2,1
0,0,1,0.393079042435,0.45,1,1
2,2,1,0.288489103317,0.45,1,1
3,3,1,0.35463809967,0.45,1,1
2,2,1,0.423079967499,0.45,1,1
2,2,1,0.491248130798,0.45,-1,2
3,3,1,0.364549875259,0.45,1,2
0,0,1,0.369785785675,0.45,1,2
1,1,1,0.268146038055,0.45,1,2
3,2,0,0.271961927414,0.45,-2,2
1,1,1,0.377104043961,0.45,1,2
0,0,1,0.323416948318,0.45,1,2
3,3,1,0.280779838562,0.45,1,2
2,2,1,0.293015003204,0.45,1,2
1,1,1,0.230983018875,0.45,1,2
2,2,1,0.385135889053,0.45,1,2
0,0,1,0.317933082581,0.45,1,2
2,1,0,0.320987939835,0.45,-2,2
3,3,1,0.404854059219,0.45,1,2
0,0,1,0.373162984848,0.45,1,2
1,1,1,0.433307170868,0.45,1,2
3,3,1,0.406924962997,0.45,1,2
1,1,1,0.415942907333,0.45,1,2
0,0,1,0.386953115463,0.45,1,2
3,3,1,0.356395959854,0.45,1,2
2,2,1,0.396294116974,0.45,1,2
0,0,1,0.463045120239,0.45,-1,2
2,2,1,0.447547197342,0.45,1,2
1,1,1,0.314043998718,0.45,1,2
2,2,1,0.432778835297,0.45,1,2
1,1,1,0.401561021805,0.45,1,2
3,3,1,0.471268892288,0.45,-1,2
0,0,1,0.354578971863,0.45,1,2
3,3,1,0.364860057831,0.45,1,2
1,1,1,0.35918211937,0.45,1,2
0,0,1,0.372568845749,0.45,1,2
1,1,1,0.566802978516,0.45,-1,2
2,3,0,0.43439912796,0.45,-2,2
3,3,1,0.358237981796,0.45,1,2
2,2,1,0.528900146484,0.45,-1,2
0,0,1,0.413254022598,0.45,1,2
2,2,1,0.343760967255,0.45,1,2
0,0,1,0.369648218155,0.45,1,2
1,1,1,0.350060939789,0.45,1,2
3,3,1,0.3911049366,0.45,1,2
0,0,1,0.345913887024,0.45,1,2
3,3,1,0.399964094162,0.45,1,2
1,2,0,0.343812942505,0.45,-2,2
0,1,0,0.426640033722,0.45,-2,2
2,0,0,0.122329950333,0.45,-2,2
1,1,1,0.418930053711,0.45,1,2
2,2,1,0.422840833664,0.45,1,2
3,0,0,0.313488006592,0.45,-2,2
2,-1,0,0.7,0.45,-2,2
1,1,1,0.45747590065,0.45,-1,2
0,0,1,0.354476928711,0.45,1,2
3,3,1,0.352982997894,0.45,1,2
0,0,1,0.384074926376,0.45,1,2
1,1,1,0.407064199448,0.45,1,2
3,3,1,0.362068891525,0.45,1,2
1,1,1,0.386077880859,0.45,1,2
2,2,1,0.376900911331,0.45,1,2
0,0,1,0.331973075867,0.45,1,2
2,2,1,0.3641269207,0.45,1,2
3,3,1,0.33504319191,0.45,1,2
2,2,1,0.533830165863,0.45,-1,2
1,1,1,0.472549915314,0.45,-1,2
3,0,0,0.314474105835,0.45,-2,2
0,0,1,0.494526147842,0.45,-1,2
3,3,1,0.375839948654,0.45,1,2
1,0,0,0.309030056,0.45,-2,2
0,0,1,0.465171098709,0.45,-1,2
1,1,1,0.4539539814,0.45,-1,2
2,2,1,0.286100149155,0.45,1,2
3,3,1,0.161905050278,0.45,1,2
2,2,1,0.390401124954,0.45,1,2
0,0,1,0.464791059494,0.45,-1,2
2,2,1,0.467582941055,0.45,-1,2
1,1,1,0.384184837341,0.45,1,2
0,0,1,0.330018997192,0.45,1,2
3,2,0,0.277252197266,0.45,-2,2
1,1,1,0.320399999619,0.45,1,2
3,3,1,0.325688838959,0.45,1,2
0,0,1,0.350506067276,0.45,1,2
1,1,1,0.378059148788,0.45,1,2
2,2,1,0.381536006927,0.45,1,2
3,3,1,0.342491149902,0.45,1,2
2,2,1,0.379528999329,0.45,1,2
0,0,1,0.509626150131,0.45,-1,2
2,2,1,0.434139966965,0.45,1,2
1,1,1,0.415311098099,0.45,1,2
3,3,1,0.506572008133,0.45,-1,2
0,0,1,0.442750930786,0.45,1,2
1,1,1,0.382144927979,0.45,1,2
0,0,1,0.532470941544,0.45,-1,2
3,3,1,0.340288877487,0.45,1,2
1,1,1,0.35271692276,0.45,1,2
2,2,1,0.447097063065,0.45,1,2
3,3,1,0.472961187363,0.45,-1,2
2,-1,0,0.7,0.45,-2,2
0,1,0,0.0142350196838,0.45,-2,2
2,2,1,0.616903066635,0.45,-1,2
1,1,1,0.495249032974,0.45,-1,2
0,0,1,0.454377889633,0.45,-1,2
3,2,0,0.38716006279,0.45,-2,2
1,1,1,0.518562078476,0.45,-1,2
3,3,1,0.377110004425,0.45,1,2
0,0,1,0.382388114929,0.45,1,2
2,2,1,0.34254193306,0.45,1,2
3,3,1,0.385249137878,0.45,1,2
2,1,0,0.438459873199,0.45,-2,2
0,0,1,0.473484992981,0.45,-1,2
1,1,1,0.499655008316,0.45,-1,2
2,2,1,0.448770999908,0.45,1,2
0,0,1,0.40337896347,0.45,1,2
1,1,1,0.431213140488,0.45,1,2
3,3,1,0.384809970856,0.45,1,2
1,1,1,0.404403924942,0.45,1,2
0,0,1,0.345793008804,0.45,1,2
3,3,1,0.38675904274,0.45,1,2
2,2,1,0.528815984726,0.45,-1,2
3,3,1,0.547310113907,0.45,-1,2
0,0,1,0.404675960541,0.45,1,2
2,1,0,0.393356800079,0.45,-2,2
1,1,1,0.380331039429,0.45,1,2
2,2,1,0.430435180664,0.45,1,2
3,3,1,0.325515031815,0.45,1,2
1,1,1,0.42137503624,0.45,1,2
0,0,1,0.296660900116,0.45,1,2
1,1,1,0.358386039734,0.45,1,2
3,3,1,0.45507478714,0.45,-1,2
0,1,0,0.444875001907,0.45,-2,2
2,2,1,0.494188070297,0.45,-1,2
1,1,1,0.433912992477,0.45,1,2
2,2,1,0.461702823639,0.45,-1,2
0,0,1,0.359962940216,0.45,1,2
3,3,1,0.409914016724,0.45,1,2
2,2,1,0.384011983871,0.45,1,2
1,1,1,0.336216926575,0.45,1,2
3,3,1,0.359318971634,0.45,1,2
0,0,1,0.315243959427,0.45,1,2
3,3,1,0.452449083328,0.45,-1,2
1,1,1,0.391704082489,0.45,1,2
0,0,1,0.441004991531,0.45,1,2
1,1,1,0.454213142395,0.45,-1,2
2,2,1,0.402592897415,0.45,1,2
0,0,1,0.397799015045,0.45,1,2
2,2,1,0.350966930389,0.45,1,2
3,0,0,0.32901096344,0.45,-2,2
2,2,1,0.606617927551,0.45,-1,2
3,3,1,0.482357025146,0.45,-1,2
1,1,1,0.284595012665,0.45,1,2
0,0,1,0.413292884827,0.45,1,2
1,1,1,0.468256950378,0.45,-1,2
3,2,0,0.400285005569,0.45,-2,2
0,0,1,0.46685385704,0.45,-1,2
3,3,1,0.36527299881,0.45,1,2
2,2,1,0.368891000748,0.45,1,2
1,3,0,0.218438148499,0.45,-2,2
2,0,0,0.31710100174,0.45,-2,2
0,0,1,0.426786899567,0.45,1,2
2,2,1,0.43797492981,0.45,1,2
0,0,1,0.479971885681,0.45,-1,2
1,2,0,0.338268995285,0.45,-2,2
3,3,1,0.464083909988,0.45,-1,2
0,0,1,0.368921041489,0.45,1,2
3,3,1,0.39103603363,0.45,1,2
1,1,1,0.443147182465,0.45,1,2
0,0,1,0.426427841187,0.45,1,2
2,2,1,0.521810054779,0.45,-1,2
1,1,1,0.427395105362,0.45,1,2
2,2,1,0.32683801651,0.45,1,2
3,3,1,0.351343154907,0.45,1,2
2,2,1,0.459839820862,0.45,-1,2
3,3,1,0.431854963303,0.45,1,2
0,0,1,0.409068822861,0.45,1,2
1,1,1,0.383701086044,0.45,1,2
3,3,1,0.391884088516,0.45,1,2
1,1,1,0.338397026062,0.45,1,2
0,0,1,0.382494926453,0.45,1,2
3,3,1,0.378070116043,0.45,1,2
2,2,1,0.343417167664,0.45,1,2
0,0,1,0.392675876617,0.45,1,2
2,2,1,0.380650997162,0.45,1,2
1,1,1,0.454556941986,0.45,-1,2
2,2,1,0.340886831284,0.45,1,2
1,1,1,0.369047880173,0.45,1,2
0,0,1,0.329736948013,0.45,1,2
3,3,1,0.380259037018,0.45,1,2
1,1,1,0.498161077499,0.45,-1,2
3,3,1,0.40349984169,0.45,1,2
0,1,0,0.352349042892,0.45,-2,2
2,2,1,0.392701148987,0.45,1,2
0,0,1,0.326397895813,0.45,1,2
1,1,1,0.407330036163,0.45,1,2
2,1,0,0.322903871536,0.45,-2,2
3,2,0,0.447923898697,0.45,-2,2
2,2,1,0.546534061432,0.45,-1,2
3,3,1,0.4514939785,0.45,-1,2
1,1,1,0.385929822922,0.45,1,2
0,0,1,0.317683935165,0.45,1,2
1,1,1,0.342685937881,0.45,1,2
3,3,1,0.40439581871,0.45,1,2
0,0,1,0.452011108398,0.45,-1,2
3,3,1,0.432311058044,0.45,1,2
2,2,1,0.473881006241,0.45,-1,2
0,0,1,0.503392934799,0.45,-1,2
2,2,1,0.505002975464,0.45,-1,2
1,0,0,0.415436983109,0.45,-2,2
2,1,0,0.393049001694,0.45,-2,2
0,0,1,0.444350004196,0.45,1,2
1,-1,0,0.7,0.45,-2,2
3,1,0,0.0139229297638,0.45,-2,2
1,0,0,0.190276145935,0.45,-2,2
0,0,1,0.545236825943,0.45,-1,2
3,3,1,0.437150001526,0.45,1,2
0,0,1,0.463215827942,0.45,-1,2
2,3,0,0.433430194855,0.45,-2,2
1,1,1,0.552711009979,0.45,-1,2
2,2,1,0.528609991074,0.45,-1,2
3,3,1,0.477473020554,0.45,-1,2
2,-1,0,0.7,0.45,-2,2
2,-1,0,0.7,0.45,-2,3
1,1,1,0.453605890274,0.45,-1,3
0,0,1,0.320030927658,0.45,1,3
3,3,1,0.293251991272,0.45,1,3
0,2,0,0.189939975739,0.45,-2,3
1,2,0,0.475579977036,0.45,-2,3
3,3,1,0.559880018234,0.45,-1,3
1,1,1,0.481649875641,0.45,-1,3
2,2,1,0.370428800583,0.45,1,3
3,3,1,0.341851949692,0.45,1,3
2,2,1,0.380235910416,0.45,1,3
0,0,1,0.367714166641,0.45,1,3
2,2,1,0.328639984131,0.45,1,3
1,1,1,0.355647087097,0.45,1,3
3,3,1,0.448458194733,0.45,1,3
0,0,1,0.417711019516,0.45,1,3
1,1,1,0.332795143127,0.45,1,3
0,0,1,0.334881067276,0.45,1,3
3,3,1,0.322808027267,0.45,1,3
2,2,1,0.317658901215,0.45,1,3
3,3,1,0.377824068069,0.45,1,3
1,1,1,0.351068019867,0.45,1,3
2,2,1,0.329669952393,0.45,1,3
0,0,1,0.387810945511,0.45,1,3
2,2,1,0.41682100296,0.45,1,3
3,3,1,0.490549087524,0.45,-1,3
0,0,1,0.408760070801,0.45,1,3
1,0,0,0.411036968231,0.45,-2,3
0,0,1,0.470414161682,0.45,-1,3
3,2,0,0.389939069748,0.45,-2,3
1,1,1,0.429889917374,0.45,1,3
2,2,1,0.350972890854,0.45,1,3
1,1,1,0.339611053467,0.45,1,3
3,3,1,0.334032058716,0.45,1,3
2,1,0,0.407804965973,0.45,-2,3
0,0,1,0.469424009323,0.45,-1,3
2,2,1,0.392642974854,0.45,1,3
3,3,1,0.290042161942,0.45,1,3
1,1,1,0.309005022049,0.45,1,3
0,0,1,0.272394895554,0.45,1,3
1,1,1,0.260228872299,0.45,1,3
3,3,1,0.422386884689,0.45,1,3
0,0,1,0.408025026321,0.45,1,3
3,3,1,0.388449907303,0.45,1,3
2,2,1,0.41890001297,0.45,1,3
0,0,1,0.530737876892,0.45,-1,3
2,2,1,0.464267015457,0.45,-1,3
1,1,1,0.412708044052,0.45,1,3
2,2,1,0.373285055161,0.45,1,3
3,3,1,0.570564985275,0.45,-1,3
0,0,1,0.450586080551,0.45,-1,3
1,1,1,0.425230979919,0.45,1,3
3,3,1,0.38901591301,0.45,1,3
1,1,1,0.342950820923,0.45,1,3
0,0,1,0.479678153992,0.45,-1,3
3,3,1,0.430564165115,0.45,1,3
2,-1,0,0.7,0.45,-2,3
1,2,0,0.0434060096741,0.45,-2,3
2,-1,0,0.7,0.45,-2,3
0,-1,0,0.7,0.45,-2,3
2,0,0,0.0515689849854,0.45,-2,3
1,-1,0,0.7,0.45,-2,3
0,0,1,0.251111984253,0.45,1,3
3,3,1,0.405347108841,0.45,1,3
1,1,1,0.361153125763,0.45,1,3
3,3,1,0.447216033936,0.45,1,3
0,1,0,0.37637591362,0.45,-2,3
2,1,0,0.36993598938,0.45,-2,3
3,-1,0,0.7,0.45,-2,3
2,2,1,0.0020010471344,0.45,1,3
0,0,1,0.367038011551,0.45,1,3
1,1,1,0.375684022903,0.45,1,3
2,1,0,0.377975940704,0.45,-2,3
1,1,1,0.624945878983,0.45,-1,3
0,0,1,0.523848056793,0.45,-1,3
3,3,1,0.359894990921,0.45,1,3
1,1,1,0.514570951462,0.45,-1,3
3,3,1,0.565690994263,0.45,-1,3
0,0,1,0.480468034744,0.45,-1,3
2,2,1,0.443671941757,0.45,1,3
0,0,1,0.484493017197,0.45,-1,3
1,1,1,0.458224058151,0.45,-1,3
2,2,1,0.348571062088,0.45,1,3
3,3,1,0.334275960922,0.45,1,3
2,0,0,0.275578022003,0.45,-2,3
3,-1,0,0.7,0.45,-2,3
1,3,0,0.00330686569214,0.45,-2,3
0,1,0,0.0855009555817,0.45,-2,3
1,1,1,0.344053983688,0.45,1,3
3,3,1,0.404580831528,0.45,1,3
0,0,1,0.461812973022,0.45,-1,3
3,3,1,0.338940143585,0.45,1,3
2,2,1,0.389552116394,0.45,1,3
0,0,1,0.40806388855,0.45,1,3
2,3,0,0.188292980194,0.45,-2,3
1,1,1,0.47288107872,0.45,-1,3
2,2,1,0.400942087173,0.45,1,3
0,0,1,0.405633211136,0.45,1,3
3,3,1,0.362127065659,0.45,1,3
1,1,1,0.389905929565,0.45,1,3
0,0,1,0.431794881821,0.45,1,3
1,1,1,0.401420116425,0.45,1,3
3,3,1,0.38130903244,0.45,1,3
0,0,1,0.432571172714,0.45,1,3
2,2,1,0.398014068604,0.45,1,3
3,3,1,0.545027017593,0.45,-1,3
2,1,0,0.420735836029,0.45,-2,3
1,1,1,0.397617816925,0.45,1,3
2,2,1,0.625504016876,0.45,-1,3
1,1,1,0.450850009918,0.45,-1,3
0,0,1,0.335607051849,0.45,1,3
3,3,1,0.356385946274,0.45,1,3
1,2,0,0.343637943268,0.45,-2,3
3,2,0,0.361773967743,0.45,-2,3
0,0,1,0.431441068649,0.45,1,3
2,2,1,0.42577791214,0.45,1,3
3,3,1,0.39542388916,0.45,1,3
2,2,1,0.526437997818,0.45,-1,3
0,0,1,0.45735001564,0.45,-1,3
1,1,1,0.412872076035,0.45,1,3
2,2,1,0.40889787674,0.45,1,3
3,3,1,0.338599920273,0.45,1,3
0,0,1,0.39254117012,0.45,1,3
1,1,1,0.313387870789,0.45,1,3
0,2,0,0.275907039642,0.45,-2,3
3,3,1,0.352793931961,0.45,1,3
1,1,1,0.33065700531,0.45,1,3
2,2,1,0.3489818573,0.45,1,3
0,0,1,0.364322900772,0.45,1,3
2,2,1,0.431001901627,0.45,1,3
1,1,1,0.442410945892,0.45,1,3
3,3,1,0.453627109528,0.45,-1,3
2,2,1,0.489563941956,0.45,-1,3
3,3,1,0.5144739151,0.45,-1,3
0,1,0,0.398998975754,0.45,-2,3
1,1,1,0.473002910614,0.45,-1,3
0,0,1,0.486202001572,0.45,-1,3
3,3,1,0.430298089981,0.45,1,3
1,1,1,0.397301912308,0.45,1,3
3,3,1,0.438049077988,0.45,1,3
2,2,1,0.531688928604,0.45,-1,3
1,1,1,0.404158115387,0.45,1,3
2,3,0,0.527920007706,0.45,-2,3
0,0,1,0.434114933014,0.45,1,3
2,2,1,0.400045156479,0.45,1,3
1,1,1,0.420229911804,0.45,1,3
0,0,1,0.631174087524,0.45,-1,3
3,3,1,0.425757169724,0.45,1,3
0,0,1,0.458480834961,0.45,-1,3
1,1,1,0.421590089798,0.45,1,3
3,3,1,0.495673179626,0.45,-1,3
2,2,1,0.503685951233,0.45,-1,3
3,3,1,0.473013162613,0.45,-1,3
1,1,1,0.380865097046,0.45,1,3
2,2,1,0.358229160309,0.45,1,3
0,0,1,0.432782888412,0.45,1,3
2,2,1,0.33452296257,0.45,1,3
1,1,1,0.393602848053,0.45,1,3
0,0,1,0.50226688385,0.45,-1,3
3,3,1,0.400984048843,0.45,1,3
1,1,1,0.339908123016,0.45,1,3
3,3,1,0.50093793869,0.45,-1,3
0,0,1,0.395814180374,0.45,1,3
1,1,1,0.420372009277,0.45,1,3
2,2,1,0.318264007568,0.45,1,3
3,3,1,0.309103012085,0.45,1,3
2,2,1,0.568023920059,0.45,-1,3
0,0,1,0.44806098938,0.45,1,3
2,-1,0,0.7,0.45,-2,3
1,2,0,0.0152931213379,0.45,-2,3
3,3,1,0.435941934586,0.45,1,3
0,0,1,0.408452033997,0.45,1,3
3,3,1,0.4348051548,0.45,1,3
1,1,1,0.604761838913,0.45,-1,3
0,0,1,0.449988126755,0.45,1,3
2,2,1,0.361164093018,0.45,1,3
3,3,1,0.454856872559,0.45,-1,3
2,2,1,0.552963018417,0.45,-1,3
0,0,1,0.463275909424,0.45,-1,3
1,1,1,0.24870300293,0.45,1,3
2,2,1,0.339162111282,0.45,1,3
3,3,1,0.303584098816,0.45,1,3
0,0,1,0.400815963745,0.45,1,3
1,1,1,0.389569997787,0.45,1,3
3,3,1,0.602443933487,0.45,-1,3
1,1,1,0.481935977936,0.45,-1,3
0,0,1,0.367343902588,0.45,1,3
2,2,1,0.298588991165,0.45,1,3
1,1,1,0.424255132675,0.45,1,3
2,2,1,0.633702039719,0.45,-1,3
0,0,1,0.501988887787,0.45,-1,3
3,3,1,0.495276927948,0.45,-1,3
2,2,1,0.411194086075,0.45,1,3
0,0,1,0.45269203186,0.45,-1,3
3,3,1,0.400327920914,0.45,1,3
1,1,1,0.317878007889,0.45,1,3
3,3,1,0.350644826889,0.45,1,3
0,0,1,0.426587820053,0.45,1,3
1,1,1,0.309422969818,0.45,1,3
0,0,1,0.344820022583,0.45,1,3
2,2,1,0.283797025681,0.45,1,3
1,1,1,0.416276931763,0.45,1,3
2,3,0,0.403326034546,0.45,-2,3
3,3,1,0.400177001953,0.45,1,3
2,2,1,0.508345127106,0.45,-1,3
0,0,1,0.382755994797,0.45,1,3
3,3,1,0.410570144653,0.45,1,3
1,1,1,0.366109132767,0.45,1,3
3,3,1,0.409502029419,0.45,1,3
0,0,1,0.362895011902,0.45,1,3
1,1,1,0.404171943665,0.45,1,3
0,0,1,0.506034851074,0.45,-1,3
2,2,1,0.356990814209,0.45,1,3
1,1,1,0.422867059708,0.45,1,3
2,2,1,0.385858058929,0.45,1,3
3,3,1,0.398953914642,0.45,1,3
2,-1,0,0.7,0.45,-2,3
0,-1,0,0.7,0.45,-2,4
3,0,0,0.0295867919922,0.45,-2,4
2,2,1,0.457430124283,0.45,-1,4
1,1,1,0.292948007584,0.45,1,4
2,2,1,0.329166173935,0.45,1,4
3,1,0,0.403810977936,0.45,-2,4
1,1,1,0.459939002991,0.45,-1,4
0,0,1,0.375749826431,0.45,1,4
2,2,1,0.293934106827,0.45,1,4
0,3,0,0.225620985031,0.45,-2,4
1,1,1,0.609396934509,0.45,-1,4
3,3,1,0.414541006088,0.45,1,4
0,1,0,0.360029935837,0.45,-2,4
2,2,1,0.395618915558,0.45,1,4
1,1,1,0.385026931763,0.45,1,4
3,3,1,0.346328020096,0.45,1,4
2,2,1,0.351149082184,0.45,1,4
3,1,0,0.240092992783,0.45,-2,4
1,1,1,0.469702959061,0.45,-1,4
0,0,1,0.359280109406,0.45,1,4
3,3,1,0.467152833939,0.45,-1,4
0,0,1,0.480704069138,0.45,-1,4
1,1,1,0.460852146149,0.45,-1,4
2,2,1,0.315908908844,0.45,1,4
0,0,1,0.407231807709,0.45,1,4
1,1,1,0.428192138672,0.45,1,4
2,2,1,0.392688035965,0.45,1,4
3,3,1,0.361042022705,0.45,1,4
2,2,1,0.429929971695,0.45,1,4
1,1,1,0.361947059631,0.45,1,4
3,2,0,0.370735883713,0.45,-2,4
1,-1,0,0.7,0.45,-2,4
0,0,1,0.420861005783,0.45,1,4
3,3,1,0.415508985519,0.45,1,4
0,0,1,0.473721981049,0.45,-1,4
2,2,1,0.40615105629,0.45,1,4
0,0,1,0.385254859924,0.45,1,4
1,1,1,0.385714769363,0.45,1,4
3,2,0,0.348779916763,0.45,-2,4
2,2,1,0.560308933258,0.45,-1,4
3,3,1,0.444524049759,0.45,1,4
1,1,1,0.472372055054,0.45,-1,4
2,3,0,0.364222049713,0.45,-2,4
1,1,1,0.615002155304,0.45,-1,4
0,0,1,0.536487817764,0.45,-1,4
2,2,1,0.397883892059,0.45,1,4
0,0,1,0.394042015076,0.45,1,4
3,3,1,0.507327795029,0.45,-1,4
0,0,1,0.479905843735,0.45,-1,4
2,2,1,0.369477033615,0.45,1,4
1,1,1,0.412368059158,0.45,1,4
3,3,1,0.375555992126,0.45,1,4
2,2,1,0.404587984085,0.45,1,4
3,3,1,0.367344856262,0.45,1,4
1,1,1,0.409777879715,0.45,1,4
2,2,1,0.533649921417,0.45,-1,4
0,0,1,0.568161964417,0.45,-1,4
3,3,1,0.421418905258,0.45,1,4
0,0,1,0.488233089447,0.45,-1,4
1,1,1,0.379380941391,0.45,1,4
0,0,1,0.374110937119,0.45,1,4
1,1,1,0.434720039368,0.45,1,4
3,3,1,0.514363050461,0.45,-1,4
2,2,1,0.47854590416,0.45,-1,4
3,3,1,0.409101009369,0.45,1,4
1,1,1,0.406359910965,0.45,1,4
2,2,1,0.434844970703,0.45,1,4
0,-1,0,0.7,0.45,-2,4
2,0,0,0.00182199478149,0.45,-2,4
1,2,0,0.483282089233,0.45,-2,4
0,0,1,0.542785167694,0.45,-1,4
3,3,1,0.531799793243,0.45,-1,4
0,0,1,0.534421205521,0.45,-1,4
3,3,1,0.370802879333,0.45,1,4
2,2,1,0.45072388649,0.45,-1,4
1,1,1,0.309956073761,0.45,1,4
3,3,1,0.37716794014,0.45,1,4
1,1,1,0.33402299881,0.45,1,4
2,1,0,0.346129894257,0.45,-2,4
3,3,1,0.402621984482,0.45,1,4
0,0,1,0.326385974884,0.45,1,4
2,2,1,0.340331077576,0.45,1,4
0,0,1,0.395821094513,0.45,1,4
1,1,1,0.425903081894,0.45,1,4
0,-1,0,0.7,0.45,-2,4
3,0,0,0.0133352279663,0.45,-2,4
2,2,1,0.377281904221,0.45,1,4
1,1,1,0.284458875656,0.45,1,4
2,2,1,0.330437898636,0.45,1,4
3,3,1,0.373946905136,0.45,1,4
1,1,1,0.373620986938,0.45,1,4
3,3,1,0.387820005417,0.45,1,4
0,1,0,0.396980047226,0.45,-2,4
2,2,1,0.488293886185,0.45,-1,4
0,1,0,0.421574831009,0.45,-2,4
1,1,1,0.473049879074,0.45,-1,4
0,0,1,0.466605186462,0.45,-1,4
2,3,0,0.358996868134,0.45,-2,4
3,3,1,0.531099081039,0.45,-1,4
1,1,1,0.414796113968,0.45,1,4
2,2,1,0.433784008026,0.45,1,4
1,1,1,0.451704978943,0.45,-1,4
3,3,1,0.464078903198,0.45,-1,4
0,0,1,0.498775005341,0.45,-1,4
1,1,1,0.429172039032,0.45,1,4
0,0,1,0.528017044067,0.45,-1,4
3,3,1,0.54104590416,0.45,-1,4
2,2,1,0.4806599617,0.45,-1,4
0,1,0,0.313583135605,0.45,-2,4
3,2,0,0.373748064041,0.45,-2,4
1,1,1,0.529223918915,0.45,-1,4
2,2,1,0.514986038208,0.45,-1,4
3,3,1,0.48015999794,0.45,-1,4
2,2,1,0.513493061066,0.45,-1,4
1,1,1,0.431769132614,0.45,1,4
3,2,0,0.441305875778,0.45,-2,4
0,0,1,0.461740970612,0.45,-1,4
1,1,1,0.278752088547,0.45,1,4
0,0,1,0.459162950516,0.45,-1,4
2,2,1,0.390266895294,0.45,1,4
0,0,1,0.43172287941,0.45,1,4
2,2,1,0.40519285202,0.45,1,4
3,3,1,0.3305580616,0.45,1,4
1,1,1,0.428530931473,0.45,1,4
3,3,1,0.360471010208,0.45,1,4
2,2,1,0.371065139771,0.45,1,4
1,1,1,0.469665050507,0.45,-1,4
0,0,1,0.417947053909,0.45,1,4
1,1,1,0.524363994598,0.45,-1,4
2,2,1,0.487478971481,0.45,-1,4
0,0,1,0.482726097107,0.45,-1,4
3,3,1,0.318598031998,0.45,1,4
0,0,1,0.392230033875,0.45,1,4
3,3,1,0.378015995026,0.45,1,4
2,2,1,0.406822919846,0.45,1,4
1,1,1,0.346992969513,0.45,1,4
3,3,1,0.34877705574,0.45,1,4
1,1,1,0.392140865326,0.45,1,4
2,2,1,0.358428001404,0.45,1,4
0,0,1,0.353281974792,0.45,1,4
1,1,1,0.579722166061,0.45,-1,4
0,0,1,0.526051998138,0.45,-1,4
2,2,1,0.360844135284,0.45,1,4
3,3,1,0.377945899963,0.45,1,4
0,0,1,0.35880112648,0.45,1,4
1,1,1,0.348222970963,0.45,1,4
2,1,0,0.287412166595,0.45,-2,4
3,2,0,0.471723794937,0.45,-2,4
2,2,1,0.675387144089,0.45,-1,4
1,1,1,0.583268880844,0.45,-1,4
3,3,1,0.435042142868,0.45,1,4
0,0,1,0.364395141602,0.45,1,4
2,2,1,0.481019973755,0.45,-1,4
0,0,1,0.438696861267,0.45,1,4
3,3,1,0.448399066925,0.45,1,4
1,1,1,0.420011997223,0.45,1,4
0,0,1,0.432265043259,0.45,1,4
1,1,1,0.457334041595,0.45,-1,4
3,3,1,0.381063938141,0.45,1,4
2,3,0,0.377919912338,0.45,-2,4
1,1,1,0.338756799698,0.45,1,4
2,2,1,0.335763931274,0.45,1,4
3,3,1,0.303881883621,0.45,1,4
1,1,1,0.308825016022,0.45,1,4
0,0,1,0.384886026382,0.45,1,4
3,3,1,0.38593006134,0.45,1,4
0,0,1,0.544610023499,0.45,-1,4
2,2,1,0.440896034241,0.45,1,4
0,0,1,0.405580043793,0.45,1,4
1,1,1,0.322572946548,0.45,1,4
3,3,1,0.387701034546,0.45,1,4
2,2,1,0.384407997131,0.45,1,4
1,1,1,0.339611053467,0.45,1,4
2,0,0,0.429147958755,0.45,-2,4
3,3,1,0.521861076355,0.45,-1,4
0,0,1,0.388218164444,0.45,1,4
3,3,1,0.408987998962,0.45,1,4
1,1,1,0.363894939423,0.45,1,4
0,0,1,0.388819932938,0.45,1,4
2,2,1,0.410248994827,0.45,1,4
0,0,1,0.46951508522,0.45,-1,4
2,2,1,0.431238889694,0.45,1,4
3,3,1,0.413736104965,0.45,1,4
1,0,0,0.432749986649,0.45,-2,4
2,1,0,0.433136940002,0.45,-2,4
1,1,1,0.516138076782,0.45,-1,4
3,3,1,0.431993961334,0.45,1,4
2,0,0,0.315850019455,0.45,-2,4
0,0,1,0.533864974976,0.45,-1,4
1,1,1,0.555387020111,0.45,-1,4
0,0,1,0.495207071304,0.45,-1,4
3,1,0,0.319748878479,0.45,-2,4
0,0,1,0.36208486557,0.45,1,4
3,3,1,0.344285011292,0.45,1,4
1,1,1,0.320603847504,0.45,1,4
2,1,0,0.363255023956,0.45,-2,4
3,3,1,0.474791765213,0.45,-1,4
2,1,0,0.444538831711,0.45,-2,4
1,1,1,0.409180164337,0.45,1,4
3,3,1,0.353999853134,0.45,1,4
0,0,1,0.389222860336,0.45,1,4
2,2,1,0.378579139709,0.45,1,4
0,0,1,0.371536970139,0.45,1,4
1,1,1,0.325971841812,0.45,1,4
0,0,1,0.363857984543,0.45,1,4
1,1,1,0.365952014923,0.45,1,4
3,3,1,0.408262968063,0.45,1,4
2,2,1,0.355607032776,0.45,1,4
3,3,1,0.410377979279,0.45,1,4
1,1,1,0.452935934067,0.45,-1,4
2,2,1,0.406722068787,0.45,1,4
1,1,1,0.383646011353,0.45,1,4
0,0,1,0.443388938904,0.45,1,4
2,2,1,0.433428049088,0.45,1,4
0,0,1,0.425689935684,0.45,1,4
3,3,1,0.396867036819,0.45,1,4
0,0,1,0.432215929031,0.45,1,4
1,1,1,0.527673006058,0.45,-1,5
3,3,1,0.344995975494,0.45,1,5
0,0,1,0.330929040909,0.45,1,5
2,2,1,0.325147151947,0.45,1,5
0,0,1,0.303870201111,0.45,1,5
3,3,1,0.267204046249,0.45,1,5
2,2,1,0.357992172241,0.45,1,5
1,1,1,0.284476995468,0.45,1,5
0,0,1,0.357691049576,0.45,1,5
1,1,1,0.54679107666,0.45,-1,5
2,2,1,0.395754814148,0.45,1,5
3,3,1,0.296591997147,0.45,1,5
1,1,1,0.328647851944,0.45,1,5
3,3,1,0.382709980011,0.45,1,5
0,0,1,0.416677951813,0.45,1,5
2,-1,0,0.7,0.45,-2,5
0,0,1,0.424574136734,0.45,1,5
3,3,1,0.362095832825,0.45,1,5
2,1,0,0.300043106079,0.45,-2,5
3,3,1,0.520333051682,0.45,-1,5
1,1,1,0.396351099014,0.45,1,5
0,0,1,0.297608137131,0.45,1,5
1,1,1,0.476413965225,0.45,-1,5
2,2,1,0.367246866226,0.45,1,5
1,1,1,0.556890010834,0.45,-1,5
2,1,0,0.535655021667,0.45,-2,5
0,0,1,0.450210094452,0.45,-1,5
3,3,1,0.316435098648,0.45,1,5
2,1,0,0.301054954529,0.45,-2,5
3,3,1,0.578159809113,0.45,-1,5
0,0,1,0.45275592804,0.45,-1,5
2,2,1,0.463413953781,0.45,-1,5
1,1,1,0.42865395546,0.45,1,5
3,3,1,0.441776990891,0.45,1,5
1,0,0,0.371573925018,0.45,-2,5
0,0,1,0.412725925446,0.45,1,5
1,1,1,0.52143406868,0.45,-1,5
0,0,1,0.477961063385,0.45,-1,5
2,2,1,0.342103004456,0.45,1,5
3,2,0,0.313308954239,0.45,-2,5
0,0,1,0.366655111313,0.45,1,5
3,3,1,0.417171955109,0.45,1,5
2,2,1,0.406506061554,0.45,1,5
1,1,1,0.37503695488,0.45,1,5
3,3,1,0.325203895569,0.45,1,5
1,2,0,0.391052961349,0.45,-2,5
2,2,1,0.450454950333,0.45,-1,5
0,0,1,0.380759954453,0.45,1,5
1,1,1,0.328195810318,0.45,1,5
0,0,1,0.340582132339,0.45,1,5
3,3,1,0.390801906586,0.45,1,5
2,2,1,0.498116016388,0.45,-1,5
3,3,1,0.405697107315,0.45,1,5
0,0,1,0.359987974167,0.45,1,5
2,2,1,0.380138158798,0.45,1,5
0,0,1,0.440617084503,0.45,1,5
1,1,1,0.40074300766,0.45,1,5
2,2,1,0.363848924637,0.45,1,5
1,1,1,0.49711894989,0.45,-1,5
3,3,1,0.411859035492,0.45,1,5
1,1,1,0.406376838684,0.45,1,5
0,0,1,0.352632045746,0.45,1,5
2,2,1,0.597174882889,0.45,-1,5
3,3,1,0.446918964386,0.45,1,5
2,2,1,0.438627004623,0.45,1,5
0,0,1,0.457526922226,0.45,-1,5
3,1,0,0.354264974594,0.45,-2,5
0,0,1,0.568287134171,0.45,-1,5
1,1,1,0.479942083359,0.45,-1,5
2,2,1,0.323038816452,0.45,1,5
1,1,1,0.401391029358,0.45,1,5
3,2,0,0.378241062164,0.45,-2,5
1,1,1,0.304172039032,0.45,1,5
3,3,1,0.338582992554,0.45,1,5
0,1,0,0.180802822113,0.45,-2,5
2,1,0,0.390428781509,0.45,-2,5
0,0,1,0.578204870224,0.45,-1,5
3,3,1,0.493033885956,0.45,-1,5
2,2,1,0.53817987442,0.45,-1,5
3,3,1,0.390112161636,0.45,1,5
1,1,1,0.362628936768,0.45,1,5
2,2,1,0.467970132828,0.45,-1,5
1,1,1,0.407932043076,0.45,1,5
0,0,1,0.400876998901,0.45,1,5
1,1,1,0.446208953857,0.45,1,5
2,2,1,0.489420175552,0.45,-1,5
3,3,1,0.403398036957,0.45,1,5
0,0,1,0.356965065002,0.45,1,5
2,2,1,0.355902910233,0.45,1,5
0,0,1,0.438592910767,0.45,1,5
3,3,1,0.427309036255,0.45,1,5
1,1,1,0.445857048035,0.45,1,5
3,3,1,0.326461076736,0.45,1,5
2,1,0,0.396944046021,0.45,-2,5
1,1,1,0.445699930191,0.45,1,5
0,0,1,0.401818990707,0.45,1,5
1,1,1,0.396601915359,0.45,1,5
2,2,1,0.358741998672,0.45,1,5
0,1,0,0.346554994583,0.45,-2,5
3,2,0,0.438815116882,0.45,-2,5
0,-1,0,0.7,0.45,-2,5
2,0,0,0.0124189853668,0.45,-2,5
3,3,1,0.58624792099,0.45,-1,5
2,2,1,0.556570053101,0.45,-1,5
1,1,1,0.414091110229,0.45,1,5
0,0,1,0.314265012741,0.45,1,5
1,1,1,0.293518066406,0.45,1,5
3,2,0,0.312813997269,0.45,-2,5
1,1,1,0.364425897598,0.45,1,5
2,2,1,0.375575065613,0.45,1,5
3,3,1,0.384071111679,0.45,1,5
0,0,1,0.414919137955,0.45,1,5
2,2,1,0.47132897377,0.45,-1,5
0,0,1,0.493548154831,0.45,-1,5
3,3,1,0.431997060776,0.45,1,5
2,2,1,0.395523071289,0.45,1,5
1,1,1,0.383109807968,0.45,1,5
3,3,1,0.363629102707,0.45,1,5
1,1,1,0.452397108078,0.45,-1,5
0,0,1,0.438943147659,0.45,1,5
1,1,1,0.617761850357,0.45,-1,5
2,2,1,0.526566982269,0.45,-1,5
0,0,1,0.67188000679,0.45,-1,5
3,3,1,0.500857114792,0.45,-1,5
2,2,1,0.463384866714,0.45,-1,5
3,3,1,0.417448997498,0.45,1,5
0,0,1,0.38964009285,0.45,1,5
1,1,1,0.394811153412,0.45,1,5
0,0,1,0.428740978241,0.45,1,5
2,2,1,0.358155965805,0.45,1,5
1,1,1,0.352944135666,0.45,1,5
3,3,1,0.325338125229,0.45,1,5
1,1,1,0.290489912033,0.45,1,5
0,0,1,0.3027780056,0.45,1,5
3,3,1,0.32196187973,0.45,1,5
2,1,0,0.323343992233,0.45,-2,5
3,1,0,0.366227149963,0.45,-2,5
0,0,1,0.55584192276,0.45,-1,5
2,2,1,0.486683130264,0.45,-1,5
0,0,1,0.470957994461,0.45,-1,5
1,1,1,0.475281953812,0.45,-1,5
2,2,1,0.561751842499,0.45,-1,5
1,1,1,0.505527019501,0.45,-1,5
3,2,0,0.381419897079,0.45,-2,5
1,1,1,0.394081830978,0.45,1,5
2,2,1,0.421533107758,0.45,1,5
3,3,1,0.351171970367,0.45,1,5
0,0,1,0.339718103409,0.45,1,5
3,3,1,0.444543123245,0.45,1,5
2,2,1,0.38432598114,0.45,1,5
0,0,1,0.462789058685,0.45,-1,5
2,2,1,0.408684968948,0.45,1,5
1,1,1,0.466824054718,0.45,-1,5
0,0,1,0.492759943008,0.45,-1,5
1,1,1,0.641337871552,0.45,-1,5
3,3,1,0.57948589325,0.45,-1,5
1,1,1,0.495306968689,0.45,-1,5
3,3,1,0.54015994072,0.45,-1,5
2,2,1,0.446175098419,0.45,1,5
0,0,1,0.401517868042,0.45,1,5
2,2,1,0.389873981476,0.45,1,5
3,3,1,0.392845153809,0.45,1,5
0,0,1,0.468209028244,0.45,-1,5
3,3,1,0.46079993248,0.45,-1,5
1,1,1,0.425003051758,0.45,1,5
0,0,1,0.540950059891,0.45,-1,5
1,1,1,0.489104986191,0.45,-1,5
2,1,0,0.374272108078,0.45,-2,5
1,1,1,0.446099996567,0.45,1,5
3,3,1,0.424333095551,0.45,1,5
0,0,1,0.462085962296,0.45,-1,5
2,2,1,0.45658493042,0.45,-1,5
0,0,1,0.330860853195,0.45,1,5
3,3,1,0.40620803833,0.45,1,5
2,2,1,0.480798006058,0.45,-1,5
3,3,1,0.421401023865,0.45,1,5
1,1,1,0.440084934235,0.45,1,5
0,0,1,0.477273225784,0.45,-1,5
1,1,1,0.566566228867,0.45,-1,5
2,2,1,0.482796192169,0.45,-1,5
1,0,0,0.424057006836,0.45,-2,5
3,3,1,0.44086098671,0.45,1,5
0,0,1,0.41982793808,0.45,1,5
2,2,1,0.501917123795,0.45,-1,5
0,0,1,0.459717035294,0.45,-1,5
3,2,0,0.335333108902,0.45,-2,5
2,2,1,0.514071941376,0.45,-1,5
3,3,1,0.371387004852,0.45,1,5
1,1,1,0.342816829681,0.45,1,5
2,2,1,0.420891046524,0.45,1,5
1,1,1,0.4078810215,0.45,1,5
0,0,1,0.602766036987,0.45,-1,5
1,1,1,0.582147121429,0.45,-1,5
0,0,1,0.462003946304,0.45,-1,5
2,2,1,0.380690813065,0.45,1,5
3,0,0,0.249652862549,0.45,-2,5
2,-1,0,0.7,0.45,-2,5
0,2,0,0.0392999649048,0.45,-2,5
3,-1,0,0.7,0.45,-2,5
1,1,1,0.548971891403,0.45,-1,5
2,2,1,0.448704004288,0.45,1,5
1,1,1,0.380225896835,0.45,1,5
3,3,1,0.381821870804,0.45,1,5
0,1,0,0.417314052582,0.45,-2,5
1,1,1,0.477900981903,0.45,-1,5
3,3,1,0.437999010086,0.45,1,5
2,2,1,0.443856954575,0.45,1,5
0,0,1,0.390511989594,0.45,1,5
3,3,1,0.427229166031,0.45,1,5
0,0,1,0.485085964203,0.45,-1,5
2,2,1,0.375431060791,0.45,1,5
1,1,1,0.364651918411,0.45,1,5
0,0,1,0.349705934525,0.45,1,5
1,1,1,0.450075149536,0.45,-1,5
2,2,1,0.334516048431,0.45,1,5
3,3,1,0.353191137314,0.45,1,5
1,0,0,0.365006923676,0.45,-2,5
2,-1,0,0.7,0.45,-2,6
3,-1,0,0.7,0.45,-2,6
1,-1,0,0.7,0.45,-2,6
0,0,1,0.54590010643,0.45,-1,6
3,3,1,0.395490169525,0.45,1,6
0,0,1,0.289815187454,0.45,1,6
1,1,1,0.29983496666,0.45,1,6
2,2,1,0.335067033768,0.45,1,6
0,0,1,0.377393960953,0.45,1,6
2,2,1,0.375185966492,0.45,1,6
1,1,1,0.304588794708,0.45,1,6
3,3,1,0.459280014038,0.45,-1,6
2,2,1,0.400370836258,0.45,1,6
3,3,1,0.465224027634,0.45,-1,6
0,0,1,0.397995948792,0.45,1,6
1,1,1,0.290956020355,0.45,1,6
0,0,1,0.525186061859,0.45,-1,6
3,3,1,0.487160921097,0.45,-1,6
1,1,1,0.427362918854,0.45,1,6
2,2,1,0.35055398941,0.45,1,6
1,0,0,0.233449935913,0.45,-2,6
3,3,1,0.389131069183,0.45,1,6
2,2,1,0.424905061722,0.45,1,6
0,0,1,0.429561853409,0.45,1,6
2,2,1,0.352541923523,0.45,1,6
0,1,0,0.331507921219,0.45,-2,6
3,3,1,0.346535921097,0.45,1,6
1,1,1,0.343164920807,0.45,1,6
0,1,0,0.299991130829,0.45,-2,6
1,1,1,0.582849979401,0.45,-1,6
3,3,1,0.418112039566,0.45,1,6
0,0,1,0.350131988525,0.45,1,6
2,1,0,0.321010828018,0.45,-2,6
3,-1,0,0.7,0.45,-2,6
2,-1,0,0.7,0.45,-2,6
1,1,1,0.625823974609,0.45,-1,6
2,2,1,0.454344987869,0.45,-1,6
0,0,1,0.400259017944,0.45,1,6
3,3,1,0.405378103256,0.45,1,6
1,1,1,0.389894008636,0.45,1,6
0,0,1,0.402637958527,0.45,1,6
1,1,1,0.47759604454,0.45,-1,6
3,3,1,0.361373901367,0.45,1,6
0,0,1,0.366002082825,0.45,1,6
2,2,1,0.304132938385,0.45,1,6
3,3,1,0.37287402153,0.45,1,6
2,2,1,0.375457048416,0.45,1,6
1,1,1,0.291338205338,0.45,1,6
2,2,1,0.331837892532,0.45,1,6
1,1,1,0.357865095139,0.45,1,6
3,3,1,0.355734109879,0.45,1,6
0,1,0,0.327495098114,0.45,-2,6
1,1,1,0.455841064453,0.45,-1,6
0,-1,0,0.7,0.45,-2,6
3,3,1,0.598088979721,0.45,-1,6
1,1,1,0.402060985565,0.45,1,6
2,2,1,0.326607942581,0.45,1,6
0,1,0,0.369539022446,0.45,-2,6
2,2,1,0.492384910583,0.45,-1,6
3,3,1,0.425472021103,0.45,1,6
2,2,1,0.341598987579,0.45,1,6
1,1,1,0.286961078644,0.45,1,6
3,2,0,0.298812150955,0.45,-2,6
0,0,1,0.413290023804,0.45,1,6
3,3,1,0.334248781204,0.45,1,6
1,1,1,0.459594964981,0.45,-1,6
0,0,1,0.440357923508,0.45,1,6
1,-1,0,0.7,0.45,-2,6
2,2,1,0.492346048355,0.45,-1,6
3,3,1,0.367366075516,0.45,1,6
2,2,1,0.444895982742,0.45,1,6
0,0,1,0.544212818146,0.45,-1,6
2,2,1,0.436882019043,0.45,1,6
0,0,1,0.357352018356,0.45,1,6
1,1,1,0.395026922226,0.45,1,6
3,3,1,0.436331033707,0.45,1,6
1,1,1,0.446854114532,0.45,1,6
0,0,1,0.419048070908,0.45,1,6
3,3,1,0.550192832947,0.45,-1,6
2,2,1,0.401794195175,0.45,1,6
1,1,1,0.357558965683,0.45,1,6
2,2,1,0.313718080521,0.45,1,6
3,3,1,0.404667139053,0.45,1,6
0,0,1,0.421180963516,0.45,1,6
2,2,1,0.419391870499,0.45,1,6
0,0,1,0.453978061676,0.45,-1,6
3,3,1,0.312549114227,0.45,1,6
1,1,1,0.395212173462,0.45,1,6
0,0,1,0.624363899231,0.45,-1,6
1,1,1,0.492146015167,0.45,-1,6
3,3,1,0.356518983841,0.45,1,6
2,2,1,0.346599817276,0.45,1,6
1,1,1,0.314612865448,0.45,1,6
2,2,1,0.351114034653,0.45,1,6
3,3,1,0.530061006546,0.45,-1,6
0,0,1,0.446654081345,0.45,1,6
2,2,1,0.326823949814,0.45,1,6
1,1,1,0.29422211647,0.45,1,6
0,0,1,0.477094173431,0.45,-1,6
3,3,1,0.35245013237,0.45,1,6
1,1,1,0.476099014282,0.45,-1,6
3,2,0,0.287613153458,0.45,-2,6
0,0,1,0.42856502533,0.45,1,6
1,1,1,0.369180202484,0.45,1,6
2,2,1,0.291918992996,0.45,1,6
0,0,1,0.333955049515,0.45,1,6
2,1,0,0.344105005264,0.45,-2,6
3,-1,0,0.7,0.45,-2,6
2,3,0,0.190452814102,0.45,-2,6
3,-1,0,0.7,0.45,-2,6
0,0,1,0.567049026489,0.45,-1,6
1,1,1,0.519232034683,0.45,-1,6
3,3,1,0.444272041321,0.45,1,6
1,1,1,0.553687810898,0.45,-1,6
0,0,1,0.418406009674,0.45,1,6
3,3,1,0.406846046448,0.45,1,6
2,2,1,0.434635162354,0.45,1,6
1,1,1,0.349541902542,0.45,1,6
2,2,1,0.391704082489,0.45,1,6
0,0,1,0.40379691124,0.45,1,6
2,2,1,0.373249053955,0.45,1,6
3,3,1,0.416588783264,0.45,1,6
0,0,1,0.412814855576,0.45,1,6
1,1,1,0.417321920395,0.45,1,6
0,0,1,0.475784063339,0.45,-1,6
3,3,1,0.441269159317,0.45,1,6
1,1,1,0.410914897919,0.45,1,6
3,3,1,0.349762916565,0.45,1,6
2,2,1,0.449345827103,0.45,1,6
1,1,1,0.477525949478,0.45,-1,6
2,2,1,0.417206048965,0.45,1,6
0,0,1,0.320214033127,0.45,1,6
2,2,1,0.333904981613,0.45,1,6
0,0,1,0.442764997482,0.45,1,6
3,3,1,0.502753019333,0.45,-1,6
1,0,0,0.680001020432,0.45,-2,6
3,-1,0,0.7,0.45,-2,6
0,0,1,0.440778970718,0.45,1,6
1,1,1,0.460206985474,0.45,-1,6
0,0,1,0.516561031342,0.45,-1,6
2,2,1,0.409044981003,0.45,1,6
3,0,0,0.284731149673,0.45,-2,6
2,-1,0,0.7,0.45,-2,6
1,1,1,0.594878911972,0.45,-1,6
2,2,1,0.454565048218,0.45,-1,6
0,0,1,0.384428024292,0.45,1,6
3,3,1,0.388360023499,0.45,1,6
1,1,1,0.399166822433,0.45,1,6
0,0,1,0.408649921417,0.45,1,6
1,1,1,0.366974830627,0.45,1,6
3,3,1,0.570079088211,0.45,-1,6
2,2,1,0.443020820618,0.45,1,6
3,3,1,0.541056871414,0.45,-1,6
0,0,1,0.409830093384,0.45,1,6
2,1,0,0.350605010986,0.45,-2,6
1,1,1,0.407988786697,0.45,1,6
2,2,1,0.411159992218,0.45,1,6
0,0,1,0.423461914062,0.45,1,6
1,0,0,0.517059087753,0.45,-2,6
3,3,1,0.430099010468,0.45,1,6
1,1,1,0.498672008514,0.45,-1,6
0,0,1,0.477237939835,0.45,-1,6
3,3,1,0.410187959671,0.45,1,6
2,2,1,0.387582063675,0.45,1,6
3,3,1,0.415056943893,0.45,1,6
0,0,1,0.514761924744,0.45,-1,6
2,2,1,0.49049282074,0.45,-1,6
1,1,1,0.430858850479,0.45,1,6
2,2,1,0.37691116333,0.45,1,6
3,3,1,0.262458086014,0.45,1,6
1,1,1,0.371620178223,0.45,1,6
0,0,1,0.348833084106,0.45,1,6
3,3,1,0.426555871964,0.45,1,6
0,0,1,0.434638023376,0.45,1,6
1,2,0,0.509332895279,0.45,-2,6
2,2,1,0.487602949142,0.45,-1,6
1,1,1,0.43727016449,0.45,1,6
3,3,1,0.343086957932,0.45,1,6
2,2,1,0.513784885406,0.45,-1,6
0,0,1,0.432256937027,0.45,1,6
2,2,1,0.385976076126,0.45,1,6
0,0,1,0.493827104568,0.45,-1,6
3,3,1,0.37627196312,0.45,1,6
1,1,1,0.36455821991,0.45,1,6
0,0,1,0.385401010513,0.45,1,6
1,1,1,0.402390003204,0.45,1,6
3,3,1,0.381607055664,0.45,1,6
2,2,1,0.497121095657,0.45,-1,6
1,1,1,0.438184976578,0.45,1,6
2,2,1,0.506006002426,0.45,-1,6
3,3,1,0.48242688179,0.45,-1,6
0,0,1,0.445026874542,0.45,1,6
2,1,0,0.400080919266,0.45,-2,6
1,1,1,0.443542003632,0.45,1,6
0,0,1,0.551345825195,0.45,-1,6
3,3,1,0.44486284256,0.45,1,6
0,0,1,0.541425943375,0.45,-1,6
1,1,1,0.434642791748,0.45,1,6
3,3,1,0.428453922272,0.45,1,6
2,2,1,0.385643959045,0.45,1,6
3,3,1,0.50851893425,0.45,-1,6
1,1,1,0.445683956146,0.45,1,6
2,2,1,0.492307901382,0.45,-1,6
0,0,1,0.397364854813,0.45,1,6
2,2,1,0.329699039459,0.45,1,6
0,0,1,0.436626911163,0.45,1,6
1,1,1,0.407383203506,0.45,1,6
3,3,1,0.393233060837,0.45,1,6
0,0,1,0.448075056076,0.45,1,6
3,3,1,0.424158811569,0.45,1,6
1,1,1,0.381479978561,0.45,1,6
0,0,1,0.375946998596,0.45,1,6
2,2,1,0.410646915436,0.45,1,6
3,3,1,0.527230978012,0.45,-1,6
2,2,1,0.601618051529,0.45,-1,6
1,1,1,0.396614074707,0.45,1,6
2,2,1,0.638674974442,0.45,-1,6
3,3,1,0.508059024811,0.45,-1,7
0,0,1,0.365728139877,0.45,1,7
1,1,1,0.247993946075,0.45,1,7
2,2,1,0.193589925766,0.45,1,7
0,3,0,0.190002202988,0.45,-2,7
2,3,0,0.273319005966,0.45,-2,7
1,1,1,0.500137090683,0.45,-1,7
0,0,1,0.417961835861,0.45,1,7
3,2,0,0.337757110596,0.45,-2,7
2,2,1,0.422969102859,0.45,1,7
3,3,1,0.444067955017,0.45,1,7
1,0,0,0.388551950455,0.45,-2,7
3,3,1,0.423901081085,0.45,1,7
2,1,0,0.357261896133,0.45,-2,7
1,1,1,0.360954999924,0.45,1,7
0,0,1,0.297429084778,0.45,1,7
2,2,1,0.348608970642,0.45,1,7
0,0,1,0.458812952042,0.45,-1,7
1,1,1,0.666820049286,0.45,-1,7
2,2,1,0.461024999619,0.45,-1,7
3,3,1,0.329145908356,0.45,1,7
1,1,1,0.367449045181,0.45,1,7
3,3,1,0.320165872574,0.45,1,7
0,1,0,0.154772996902,0.45,-2,7
3,3,1,0.247807025909,0.45,1,7
1,1,1,0.300422906876,0.45,1,7
0,0,1,0.414605855942,0.45,1,7
2,2,1,0.344430208206,0.45,1,7
0,0,1,0.41876411438,0.45,1,7
1,1,1,0.449537038803,0.45,1,7
2,2,1,0.396507978439,0.45,1,7
1,1,1,0.341518878937,0.45,1,7
3,3,1,0.37658905983,0.45,1,7
2,2,1,0.395745038986,0.45,1,7
3,3,1,0.415030956268,0.45,1,7
0,0,1,0.394536972046,0.45,1,7
3,1,0,0.366749048233,0.45,-2,7
2,2,1,0.514686107635,0.45,-1,7
0,0,1,0.476005077362,0.45,-1,7
1,1,1,0.425914049149,0.45,1,7
2,2,1,0.412909984589,0.45,1,7
1,0,0,0.521468162537,0.45,-2,7
0,0,1,0.555147171021,0.45,-1,7
3,3,1,0.405861854553,0.45,1,7
1,1,1,0.424473047256,0.45,1,7
3,2,0,0.483649015427,0.45,-2,7
0,0,1,0.488818883896,0.45,-1,7
2,2,1,0.425520896912,0.45,1,7
3,3,1,0.447235822678,0.45,1,7
2,2,1,0.432667970657,0.45,1,7
0,0,1,0.466865062714,0.45,-1,7
1,1,1,0.374448776245,0.45,1,7
0,0,1,0.47299695015,0.45,-1,7
2,2,1,0.376260042191,0.45,1,7
1,1,1,0.387428998947,0.45,1,7
3,3,1,0.363187074661,0.45,1,7
1,1,1,0.409467935562,0.45,1,7
2,2,1,0.403711080551,0.45,1,7
3,3,1,0.422222137451,0.45,1,7
0,0,1,0.480593919754,0.45,-1,7
3,3,1,0.446717977524,0.45,1,7
1,1,1,0.393904924393,0.45,1,7
0,0,1,0.412745952606,0.45,1,7
2,2,1,0.423223972321,0.45,1,7
1,1,1,0.426994085312,0.45,1,7
2,2,1,0.581428050995,0.45,-1,7
0,0,1,0.561053991318,0.45,-1,7
3,3,1,0.475163936615,0.45,-1,7
0,0,1,0.455425024033,0.45,-1,7
1,1,1,0.449502944946,0.45,1,7
3,2,0,0.371362924576,0.45,-2,7
2,2,1,0.449445009232,0.45,1,7
3,3,1,0.555243968964,0.45,-1,7
2,1,0,0.446671009064,0.45,-2,7
0,0,1,0.57768201828,0.45,-1,7
1,1,1,0.49263381958,0.45,-1,7
2,2,1,0.355122089386,0.45,1,7
1,1,1,0.442010879517,0.45,1,7
0,0,1,0.406513929367,0.45,1,7
2,2,1,0.402055025101,0.45,1,7
3,3,1,0.439195871353,0.45,1,7
0,0,1,0.449860095978,0.45,1,7
3,3,1,0.422225952148,0.45,1,7
1,1,1,0.454724788666,0.45,-1,7
3,3,1,0.379245996475,0.45,1,7
2,2,1,0.396800994873,0.45,1,7
0,0,1,0.394334793091,0.45,1,7
1,1,1,0.342394828796,0.45,1,7
2,1,0,0.3367831707,0.45,-2,7
1,1,1,0.563672065735,0.45,-1,7
0,0,1,0.584110975266,0.45,-1,7
2,2,1,0.593542098999,0.45,-1,7
3,3,1,0.459240913391,0.45,-1,7
1,1,1,0.554314136505,0.45,-1,7
3,3,1,0.565135002136,0.45,-1,7
0,0,1,0.406810045242,0.45,1,7
3,3,1,0.40077996254,0.45,1,7
0,0,1,0.588113069534,0.45,-1,7
2,2,1,0.455979824066,0.45,-1,7
1,1,1,0.322457075119,0.45,1,7
2,2,1,0.352741003036,0.45,1,7
0,0,1,0.364459037781,0.45,1,7
1,0,0,0.390393972397,0.45,-2,7
0,0,1,0.587371110916,0.45,-1,7
3,3,1,0.523723125458,0.45,-1,7
1,1,1,0.493453025818,0.45,-1,7
3,3,1,0.356616973877,0.45,1,7
2,1,0,0.374454975128,0.45,-2,7
3,3,1,0.514665126801,0.45,-1,7
0,0,1,0.530822992325,0.45,-1,7
1,2,0,0.391935825348,0.45,-2,7
2,2,1,0.49106502533,0.45,-1,7
0,0,1,0.495864868164,0.45,-1,7
2,2,1,0.363207101822,0.45,1,7
1,1,1,0.363253116608,0.45,1,7
3,3,1,0.312432050705,0.45,1,7
2,2,1,0.371299028397,0.45,1,7
3,3,1,0.460355997086,0.45,-1,7
1,1,1,0.483217000961,0.45,-1,7
0,0,1,0.487349033356,0.45,-1,7
3,3,1,0.434463977814,0.45,1,7
2,2,1,0.473988056183,0.45,-1,7
0,0,1,0.447045087814,0.45,1,7
1,1,1,0.394680023193,0.45,1,7
2,2,1,0.371989965439,0.45,1,7
1,1,1,0.479188919067,0.45,-1,7
0,0,1,0.546810865402,0.45,-1,7
3,3,1,0.440230846405,0.45,1,7
1,1,1,0.409949064255,0.45,1,7
3,3,1,0.405461072922,0.45,1,7
0,0,1,0.466626167297,0.45,-1,7
2,2,1,0.46756696701,0.45,-1,7
3,3,1,0.400997877121,0.45,1,7
0,0,1,0.411185026169,0.45,1,7
1,1,1,0.336286067963,0.45,1,7
2,2,1,0.296391963959,0.45,1,7
0,0,1,0.355418920517,0.45,1,7
2,1,0,0.318808794022,0.45,-2,7
1,1,1,0.380659103394,0.45,1,7
0,0,1,0.38855099678,0.45,1,7
3,3,1,0.401471853256,0.45,1,7
1,1,1,0.39117193222,0.45,1,7
3,3,1,0.368407011032,0.45,1,7
2,2,1,0.411905050278,0.45,1,7
3,3,1,0.344360113144,0.45,1,7
1,1,1,0.347851037979,0.45,1,7
2,3,0,0.492431163788,0.45,-2,7
0,0,1,0.584393024445,0.45,-1,7
2,2,1,0.585518121719,0.45,-1,7
1,1,1,0.552457094193,0.45,-1,7
0,0,1,0.417814016342,0.45,1,7
3,2,0,0.405652046204,0.45,-2,7
0,0,1,0.578476905823,0.45,-1,7
1,1,1,0.498035907745,0.45,-1,7
3,3,1,0.480077981949,0.45,-1,7
2,2,1,0.499753952026,0.45,-1,7
3,3,1,0.42298412323,0.45,1,7
0,0,1,0.447626113892,0.45,1,7
2,1,0,0.405967950821,0.45,-2,7
1,1,1,0.446912050247,0.45,1,7
2,2,1,0.433521986008,0.45,1,7
0,0,1,0.404642820358,0.45,1,7
1,1,1,0.419183015823,0.45,1,7
3,3,1,0.397368907928,0.45,1,7
2,2,1,0.390011072159,0.45,1,7
3,3,1,0.475239992142,0.45,-1,7
1,1,1,0.581807851791,0.45,-1,7
0,0,1,0.619515895844,0.45,-1,7
3,3,1,0.451793193817,0.45,-1,7
2,2,1,0.480031013489,0.45,-1,7
0,1,0,0.371292114258,0.45,-2,7
1,1,1,0.430209875107,0.45,1,7
0,0,1,0.499593019485,0.45,-1,7
2,2,1,0.44499707222,0.45,1,7
1,1,1,0.534060001373,0.45,-1,7
3,3,1,0.410715103149,0.45,1,7
0,1,0,0.452919960022,0.45,-2,7
3,3,1,0.434150934219,0.45,1,7
1,1,1,0.438606977463,0.45,1,7
2,2,1,0.442259788513,0.45,1,7
3,3,1,0.478593111038,0.45,-1,7
0,0,1,0.656236886978,0.45,-1,7
2,2,1,0.497302055359,0.45,-1,7
1,1,1,0.428098917007,0.45,1,7
0,0,1,0.392355918884,0.45,1,7
1,1,1,0.413029909134,0.45,1,7
2,2,1,0.448003053665,0.45,1,7
3,3,1,0.412338972092,0.45,1,7
1,1,1,0.485142946243,0.45,-1,7
3,2,0,0.378298044205,0.45,-2,7
2,1,0,0.413345813751,0.45,-2,7
0,0,1,0.469738006592,0.45,-1,7
3,3,1,0.401032924652,0.45,1,7
2,2,1,0.390022039413,0.45,1,7
0,0,1,0.495989084244,0.45,-1,7
1,1,1,0.637146949768,0.45,-1,7
2,2,1,0.521589994431,0.45,-1,7
1,1,1,0.514147043228,0.45,-1,7
0,0,1,0.472084999084,0.45,-1,7
2,2,1,0.458302974701,0.45,-1,7
3,3,1,0.438302993774,0.45,1,7
1,1,1,0.543567180634,0.45,-1,7
3,3,1,0.444977998734,0.45,1,7
0,0,1,0.389384031296,0.45,1,7
3,2,0,0.313813924789,0.45,-2,7
1,1,1,0.413666963577,0.45,1,7
2,2,1,0.392695188522,0.45,1,7
0,0,1,0.396040916443,0.45,1,7
2,2,1,0.351529121399,0.45,1,7
1,1,1,0.387088775635,0.45,1,7
0,0,1,0.447103023529,0.45,1,7
3,3,1,0.447139978409,0.45,1,7
2,2,1,0.540721893311,0.45,-1,7
3,3,1,0.655456066132,0.45,-1,7
0,0,1,0.468620061874,0.45,-1,7
1,1,1,0.359711885452,0.45,1,7
3,2,0,0.37086892128,0.45,-2,7
