probe,press,accuracy,rt,threshold,score,run_num
2,2,1,0.407257080078,0.45,1,0
3,3,1,0.358819007874,0.45,1,0
0,0,1,0.369373083115,0.45,1,0
1,1,1,0.34231710434,0.45,1,0
3,3,1,0.379045009613,0.45,1,0
1,1,1,0.325397968292,0.45,1,0
0,0,1,0.327877998352,0.45,1,0
3,3,1,0.332736968994,0.45,1,0
2,2,1,0.318444013596,0.45,1,0
0,0,1,0.315263032913,0.45,1,0
2,2,1,0.333682060242,0.45,1,0
1,0,0,0.336223840714,0.45,-2,0
2,2,1,0.386825084686,0.45,1,0
1,1,1,0.416714906693,0.45,1,0
0,0,1,0.355638980865,0.45,1,0
3,2,0,0.326446056366,0.45,-2,0
1,1,1,0.326658964157,0.45,1,0
3,3,1,0.353846073151,0.45,1,0
0,0,1,0.309504985809,0.45,1,0
1,1,1,0.282858848572,0.45,1,0
2,2,1,0.31143116951,0.45,1,0
3,3,1,0.262904882431,0.45,1,0
2,2,1,0.337974071503,0.45,1,0
0,0,1,0.334011077881,0.45,1,0
2,2,1,0.321283102036,0.45,1,0
3,3,1,0.31933093071,0.45,1,0
1,1,1,0.346713066101,0.45,1,0
0,0,1,0.317407131195,0.45,1,0
1,1,1,0.296159029007,0.45,1,0
3,3,1,0.361023902893,0.45,1,0
0,0,1,0.327107906342,0.45,1,0
3,3,1,0.37033700943,0.45,1,0
2,2,1,0.477108001709,0.45,-1,0
0,0,1,0.47286605835,0.45,-1,0
2,2,1,0.392636060715,0.45,1,0
1,1,1,0.359853982925,0.45,1,0
2,2,1,0.37757897377,0.45,1,0
1,1,1,0.356947183609,0.45,1,0
3,3,1,0.455462932587,0.45,-1,0
0,0,1,0.339915990829,0.45,1,0
3,2,0,0.284576892853,0.45,-2,0
1,1,1,0.371150970459,0.45,1,0
0,0,1,0.310708045959,0.45,1,0
1,1,1,0.480360984802,0.45,-1,0
2,1,0,0.532837152481,0.45,-2,0
0,2,0,0.0491409301758,0.45,-2,0
2,2,1,0.681598186493,0.45,-1,0
3,3,1,0.444361925125,0.45,1,0
2,1,0,0.377936124802,0.45,-2,0
1,0,0,0.356527090073,0.45,-2,0
3,3,1,0.446598052979,0.45,1,0
0,0,1,0.347849845886,0.45,1,0
1,1,1,0.375020980835,0.45,1,0
0,1,0,0.393137931824,0.45,-2,0
3,3,1,0.397989988327,0.45,1,0
1,1,1,0.384304046631,0.45,1,0
2,2,1,0.49076795578,0.45,-1,0
0,0,1,0.383347988129,0.45,1,0
2,2,1,0.497143983841,0.45,-1,0
3,3,1,0.355224847794,0.45,1,0
2,2,1,0.382828950882,0.45,1,0
0,0,1,0.353325128555,0.45,1,0
1,1,1,0.350057840347,0.45,1,0
3,3,1,0.346601009369,0.45,1,0
1,1,1,0.41347694397,0.45,1,0
0,0,1,0.311313152313,0.45,1,0
3,2,0,0.281939983368,0.45,-2,0
2,2,1,0.357836008072,0.45,1,0
3,3,1,0.423789978027,0.45,1,0
0,0,1,0.446203947067,0.45,1,0
2,2,1,0.398464918137,0.45,1,0
1,1,1,0.413833856583,0.45,1,0
2,2,1,0.383968114853,0.45,1,0
3,3,1,0.339120149612,0.45,1,0
1,1,1,0.279770851135,0.45,1,0
0,0,1,0.297332048416,0.45,1,0
3,3,1,0.290910005569,0.45,1,0
0,0,1,0.300783872604,0.45,1,0
1,1,1,0.292383909225,0.45,1,0
2,2,1,0.334146022797,0.45,1,0
1,1,1,0.367665052414,0.45,1,0
3,3,1,0.346586942673,0.45,1,0
2,1,0,0.302056074142,0.45,-2,0
0,0,1,0.314498901367,0.45,1,0
2,2,1,0.349941968918,0.45,1,0
3,3,1,0.306234121323,0.45,1,0
0,0,1,0.347113847733,0.45,1,0
1,1,1,0.294248819351,0.45,1,0
0,0,1,0.345144033432,0.45,1,0
3,3,1,0.341418027878,0.45,1,0
1,1,1,0.370424032211,0.45,1,0
2,2,1,0.3314909935,0.45,1,0
1,1,1,0.33522105217,0.45,1,0
3,3,1,0.349488973618,0.45,1,0
2,2,1,0.318475008011,0.45,1,0
0,1,0,0.346941232681,0.45,-2,0
2,2,1,0.390246868134,0.45,1,0
0,0,1,0.385847091675,0.45,1,0
3,3,1,0.330009937286,0.45,1,0
1,1,1,0.295688152313,0.45,1,0
3,3,1,0.514554023743,0.45,-1,0
0,0,1,0.421919107437,0.45,1,0
1,1,1,0.39129114151,0.45,1,0
0,0,1,0.405747175217,0.45,1,0
2,2,1,0.365566015244,0.45,1,0
3,3,1,0.291167974472,0.45,1,0
2,1,0,0.293016910553,0.45,-2,0
1,0,0,0.264214038849,0.45,-2,0
2,3,0,0.370443105698,0.45,-2,0
0,0,1,0.368736028671,0.45,1,0
3,3,1,0.321185112,0.45,1,0
1,1,1,0.28626704216,0.45,1,0
3,3,1,0.330199956894,0.45,1,0
0,0,1,0.316885948181,0.45,1,0
1,1,1,0.270262002945,0.45,1,0
2,1,0,0.258224010468,0.45,-2,0
1,0,0,0.374375104904,0.45,-2,0
0,0,1,0.375415086746,0.45,1,0
2,2,1,0.675836086273,0.45,-1,0
3,3,1,0.473788976669,0.45,-1,0
2,2,1,0.466599941254,0.45,-1,0
3,3,1,0.414785861969,0.45,1,0
0,0,1,0.391745090485,0.45,1,0
1,1,1,0.32555103302,0.45,1,0
0,0,1,0.350604057312,0.45,1,0
3,3,1,0.402297973633,0.45,1,0
1,1,1,0.357872009277,0.45,1,0
3,3,1,0.378804922104,0.45,1,0
2,2,1,0.484183073044,0.45,-1,0
0,0,1,0.383377075195,0.45,1,0
2,2,1,0.397422075272,0.45,1,0
1,1,1,0.43162894249,0.45,1,0
2,2,1,0.576528072357,0.45,-1,0
3,3,1,0.422932863235,0.45,1,0
1,1,1,0.337122917175,0.45,1,0
0,0,1,0.309671163559,0.45,1,0
3,3,1,0.367685079575,0.45,1,0
0,0,1,0.378836870193,0.45,1,0
1,1,1,0.33477306366,0.45,1,0
2,2,1,0.273957967758,0.45,1,0
1,1,1,0.349998950958,0.45,1,0
3,3,1,0.368589878082,0.45,1,0
2,2,1,0.39600610733,0.45,1,0
0,0,1,0.326655864716,0.45,1,0
2,2,1,0.30526804924,0.45,1,0
3,3,1,0.254006147385,0.45,1,0
1,1,1,0.383734941483,0.45,1,0
0,0,1,0.289836168289,0.45,1,0
1,1,1,0.309283971786,0.45,1,0
3,2,0,0.289236068726,0.45,-2,0
0,1,0,0.349277973175,0.45,-2,0
2,2,1,0.440007925034,0.45,1,0
1,1,1,0.419651985168,0.45,1,0
2,2,1,0.504641056061,0.45,-1,0
0,0,1,0.376420021057,0.45,1,0
3,3,1,0.310702085495,0.45,1,0
2,2,1,0.320842981339,0.45,1,0
0,0,1,0.308305978775,0.45,1,0
3,3,1,0.334065914154,0.45,1,0
1,1,1,0.276612997055,0.45,1,0
0,0,1,0.238914966583,0.45,1,0
1,0,0,0.313795089722,0.45,-2,0
3,3,1,0.314936161041,0.45,1,0
2,2,1,0.374974012375,0.45,1,0
1,1,1,0.274348974228,0.45,1,0
2,2,1,0.332756996155,0.45,1,0
3,3,1,0.282254934311,0.45,1,0
0,0,1,0.268461942673,0.45,1,0
2,2,1,0.32785487175,0.45,1,0
3,3,1,0.363909006119,0.45,1,0
1,1,1,0.304398059845,0.45,1,0
0,0,1,0.281966924667,0.45,1,0
3,3,1,0.301030874252,0.45,1,0
0,0,1,0.360994100571,0.45,1,0
1,1,1,0.369667053223,0.45,1,0
2,2,1,0.307975053787,0.45,1,0
1,1,1,0.415019035339,0.45,1,0
3,3,1,0.317616939545,0.45,1,0
2,2,1,0.437563180923,0.45,1,0
0,0,1,0.380195856094,0.45,1,0
2,2,1,0.389842987061,0.45,1,0
0,1,0,0.384495973587,0.45,-2,0
1,1,1,0.485594987869,0.45,-1,0
3,3,1,0.407982110977,0.45,1,0
0,0,1,0.347189903259,0.45,1,0
3,2,0,0.304363965988,0.45,-2,0
1,1,1,0.450875043869,0.45,-1,0
2,2,1,0.407801866531,0.45,1,0
3,3,1,0.400974988937,0.45,1,0
2,1,0,0.370939970016,0.45,-2,0
1,0,0,0.341340780258,0.45,-2,0
0,0,1,0.386950016022,0.45,1,0
2,2,1,0.372977018356,0.45,1,0
3,3,1,0.298316955566,0.45,1,0
1,1,1,0.299031019211,0.45,1,0
0,0,1,0.294245004654,0.45,1,0
1,1,1,0.34790802002,0.45,1,0
3,3,1,0.300343036652,0.45,1,0
0,0,1,0.335525989532,0.45,1,0
3,3,1,0.371073007584,0.45,1,0
2,2,1,0.504782915115,0.45,-1,0
0,0,1,0.404278993607,0.45,1,0
2,2,1,0.32536315918,0.45,1,0
1,1,1,0.403228998184,0.45,1,0
2,2,1,0.430665969849,0.45,1,0
3,3,1,0.303463220596,0.45,1,0
0,0,1,0.364102840424,0.45,1,0
1,1,1,0.366883993149,0.45,1,0
3,2,0,0.313323974609,0.45,-2,0
1,0,0,0.325600862503,0.45,-2,0
0,0,1,0.401484966278,0.45,1,0
2,2,1,0.388299226761,0.45,1,0
1,1,1,0.405391931534,0.45,1,0
2,2,1,0.419132947922,0.45,1,0
0,0,1,0.356435060501,0.45,1,0
3,3,1,0.378562927246,0.45,1,0
2,2,1,0.420869112015,0.45,1,0
2,2,1,0.446717023849,0.45,1,1
0,0,1,0.331215143204,0.45,1,1
1,1,1,0.311266899109,0.45,1,1
3,3,1,0.263930082321,0.45,1,1
1,1,1,0.301411151886,0.45,1,1
0,0,1,0.272013902664,0.45,1,1
3,3,1,0.328907966614,0.45,1,1
0,0,1,0.307831048965,0.45,1,1
2,2,1,0.322401046753,0.45,1,1
1,1,1,0.379860162735,0.45,1,1
2,2,1,0.390176057816,0.45,1,1
3,3,1,0.328045845032,0.45,1,1
2,2,1,0.340260028839,0.45,1,1
1,1,1,0.353014230728,0.45,1,1
3,3,1,0.340622901917,0.45,1,1
0,0,1,0.319303035736,0.45,1,1
1,1,1,0.353382110596,0.45,1,1
0,0,1,0.331894874573,0.45,1,1
3,3,1,0.351109981537,0.45,1,1
1,1,1,0.426681995392,0.45,1,1
2,2,1,0.329415082932,0.45,1,1
0,0,1,0.282771110535,0.45,1,1
2,3,0,0.358736991882,0.45,-2,1
3,3,1,0.351709842682,0.45,1,1
2,1,0,0.318817138672,0.45,-2,1
1,1,1,0.385350942612,0.45,1,1
3,2,0,0.355303049088,0.45,-2,1
0,0,1,0.440047025681,0.45,1,1
3,3,1,0.555549144745,0.45,-1,1
1,1,1,0.516877174377,0.45,-1,1
0,0,1,0.417016983032,0.45,1,1
2,2,1,0.355211019516,0.45,1,1
3,3,1,0.292940855026,0.45,1,1
2,1,0,0.321542024612,0.45,-2,1
0,1,0,0.373047113419,0.45,-2,1
1,2,0,0.329047203064,0.45,-2,1
2,2,1,0.452831029892,0.45,-1,1
3,3,1,0.327000141144,0.45,1,1
1,1,1,0.308040857315,0.45,1,1
0,0,1,0.283406019211,0.45,1,1
3,2,0,0.306310176849,0.45,-2,1
0,1,0,0.285463809967,0.45,-2,1
1,1,1,0.454720973969,0.45,-1,1
3,1,0,0.458112955093,0.45,-2,1
2,-1,0,0.7,0.45,-2,1
1,1,1,0.0754480361938,0.45,1,1
2,2,1,0.237327098846,0.45,1,1
0,3,0,0.208829879761,0.45,-2,1
2,2,1,0.364521980286,0.45,1,1
1,1,1,0.383887052536,0.45,1,1
3,3,1,0.330655097961,0.45,1,1
0,0,1,0.308861017227,0.45,1,1
3,3,1,0.433542013168,0.45,1,1
1,1,1,0.42928814888,0.45,1,1
0,0,1,0.347481012344,0.45,1,1
1,1,1,0.392683029175,0.45,1,1
2,2,1,0.302673101425,0.45,1,1
3,3,1,0.21374297142,0.45,1,1
2,2,1,0.346466779709,0.45,1,1
0,1,0,0.333264112473,0.45,-2,1
2,2,1,0.311685800552,0.45,1,1
3,3,1,0.260075092316,0.45,1,1
1,1,1,0.265454053879,0.45,1,1
0,0,1,0.275387048721,0.45,1,1
1,1,1,0.366781949997,0.45,1,1
3,3,1,0.43327999115,0.45,1,1
0,0,1,0.372189998627,0.45,1,1
3,3,1,0.345237970352,0.45,1,1
2,2,1,0.412593126297,0.45,1,1
1,1,1,0.333379030228,0.45,1,1
2,2,1,0.345395088196,0.45,1,1
0,0,1,0.307826042175,0.45,1,1
2,2,1,0.410840034485,0.45,1,1
3,3,1,0.39795589447,0.45,1,1
1,1,1,0.415731906891,0.45,1,1
0,0,1,0.316559076309,0.45,1,1
3,3,1,0.319921016693,0.45,1,1
0,0,1,0.329669952393,0.45,1,1
1,1,1,0.347593069077,0.45,1,1
2,2,1,0.302340984344,0.45,1,1
1,1,1,0.4012799263,0.45,1,1
3,3,1,0.317545175552,0.45,1,1
2,2,1,0.423569917679,0.45,1,1
0,0,1,0.422050952911,0.45,1,1
2,2,1,0.311835050583,0.45,1,1
1,1,1,0.304536104202,0.45,1,1
0,0,1,0.404844999313,0.45,1,1
3,3,1,0.321539878845,0.45,1,1
1,1,1,0.299882888794,0.45,1,1
3,3,1,0.393256187439,0.45,1,1
0,0,1,0.338877916336,0.45,1,1
2,2,1,0.286237001419,0.45,1,1
3,3,1,0.348187923431,0.45,1,1
2,2,1,0.358198165894,0.45,1,1
0,0,1,0.343412876129,0.45,1,1
1,1,1,0.395601987839,0.45,1,1
2,2,1,0.325567960739,0.45,1,1
1,0,0,0.33118391037,0.45,-2,1
0,0,1,0.310376882553,0.45,1,1
3,3,1,0.210582017899,0.45,1,1
1,1,1,0.242688894272,0.45,1,1
3,3,1,0.368786811829,0.45,1,1
0,1,0,0.299941062927,0.45,-2,1
1,2,0,0.372263908386,0.45,-2,1
2,2,1,0.376667022705,0.45,1,1
3,3,1,0.310010194778,0.45,1,1
2,3,0,0.360642910004,0.45,-2,1
0,0,1,0.361491918564,0.45,1,1
2,2,1,0.334019899368,0.45,1,1
0,0,1,0.383450984955,0.45,1,1
1,1,1,0.419924020767,0.45,1,1
3,3,1,0.47318482399,0.45,-1,1
0,0,1,0.514730930328,0.45,-1,1
3,3,1,0.472228050232,0.45,-1,1
1,1,1,0.458220005035,0.45,-1,1
0,0,1,0.324851989746,0.45,1,1
2,2,1,0.342394113541,0.45,1,1
3,3,1,0.28547501564,0.45,1,1
2,1,0,0.361247062683,0.45,-2,1
1,1,1,0.336783885956,0.45,1,1
2,2,1,0.351067066193,0.45,1,1
1,0,0,0.338840961456,0.45,-2,1
0,0,1,0.379765987396,0.45,1,1
3,3,1,0.39119386673,0.45,1,1
0,0,1,0.425596952438,0.45,1,1
1,1,1,0.30726480484,0.45,1,1
3,3,1,0.361649036407,0.45,1,1
2,2,1,0.410686016083,0.45,1,1
0,0,1,0.366725206375,0.45,1,1
2,2,1,0.417912006378,0.45,1,1
3,3,1,0.389971971512,0.45,1,1
1,1,1,0.328549861908,0.45,1,1
2,2,1,0.406188011169,0.45,1,1
0,1,0,0.320185899734,0.45,-2,1
3,3,1,0.388679981232,0.45,1,1
1,1,1,0.40833902359,0.45,1,1
3,3,1,0.505776882172,0.45,-1,1
0,0,1,0.420757055283,0.45,1,1
1,1,1,0.38486790657,0.45,1,1
2,2,1,0.313631057739,0.45,1,1
1,1,1,0.421128988266,0.45,1,1
0,0,1,0.331526994705,0.45,1,1
2,3,0,0.275857925415,0.45,-2,1
3,3,1,0.311419010162,0.45,1,1
2,2,1,0.437287807465,0.45,1,1
0,0,1,0.352709054947,0.45,1,1
3,1,0,0.297661781311,0.45,-2,1
1,1,1,0.307853937149,0.45,1,1
0,0,1,0.343780994415,0.45,1,1
1,1,1,0.427678108215,0.45,1,1
3,2,0,0.422112941742,0.45,-2,1
0,0,1,0.443958044052,0.45,1,1
2,2,1,0.350291967392,0.45,1,1
3,3,1,0.350692987442,0.45,1,1
2,2,1,0.340221881866,0.45,1,1
1,1,1,0.270994901657,0.45,1,1
2,2,1,0.372550010681,0.45,1,1
3,3,1,0.3116710186,0.45,1,1
0,1,0,0.289582014084,0.45,-2,1
1,1,1,0.325706958771,0.45,1,1
0,0,1,0.423289060593,0.45,1,1
3,3,1,0.356954813004,0.45,1,1
1,1,1,0.335116147995,0.45,1,1
2,2,1,0.393887042999,0.45,1,1
0,0,1,0.41483092308,0.45,1,1
2,2,1,0.352037191391,0.45,1,1
1,1,1,0.380915880203,0.45,1,1
3,3,1,0.287531852722,0.45,1,1
2,2,1,0.273870944977,0.45,1,1
1,0,0,0.261307001114,0.45,-2,1
0,1,0,0.255143880844,0.45,-2,1
3,2,0,0.354119062424,0.45,-2,1
0,0,1,0.318766832352,0.45,1,1
1,1,1,0.296563863754,0.45,1,1
3,3,1,0.372487068176,0.45,1,1
2,2,1,0.426526069641,0.45,1,1
0,0,1,0.405488967896,0.45,1,1
2,2,1,0.392418146133,0.45,1,1
3,3,1,0.412209033966,0.45,1,1
1,1,1,0.324258804321,0.45,1,1
2,2,1,0.377733945847,0.45,1,1
3,3,1,0.381134986877,0.45,1,1
1,1,1,0.35858297348,0.45,1,1
0,0,1,0.412958860397,0.45,1,1
3,2,0,0.335886955261,0.45,-2,1
0,0,1,0.375605106354,0.45,1,1
1,1,1,0.291475057602,0.45,1,1
3,2,0,0.311477899551,0.45,-2,1
2,2,1,0.513381004333,0.45,-1,1
0,0,1,0.420789003372,0.45,1,1
2,2,1,0.392933130264,0.45,1,1
1,1,1,0.381480932236,0.45,1,1
2,3,0,0.313517093658,0.45,-2,1
0,0,1,0.404605865479,0.45,1,1
3,3,1,0.383778095245,0.45,1,1
1,1,1,0.403079986572,0.45,1,1
3,3,1,0.398957014084,0.45,1,1
0,0,1,0.384428024292,0.45,1,1
1,1,1,0.353285074234,0.45,1,1
0,0,1,0.452289104462,0.45,-1,1
2,2,1,0.399566888809,0.45,1,1
1,1,1,0.399197101593,0.45,1,1
2,2,1,0.3821849823,0.45,1,1
3,3,1,0.293169975281,0.45,1,1
2,1,0,0.310702800751,0.45,-2,1
1,1,1,0.281023979187,0.45,1,1
0,0,1,0.261718034744,0.45,1,1
3,2,0,0.305608987808,0.45,-2,1
0,0,1,0.355622053146,0.45,1,1
1,1,1,0.293557167053,0.45,1,1
3,3,1,0.412700891495,0.45,1,1
2,3,0,0.446738958359,0.45,-2,1
0,0,1,0.384526014328,0.45,1,1
2,2,1,0.395780086517,0.45,1,1
3,3,1,0.503190994263,0.45,-1,1
1,2,0,0.520379066467,0.45,-2,1
2,1,0,0.351174116135,0.45,-2,1
1,1,1,0.401895999908,0.45,1,2
3,3,1,0.330595016479,0.45,1,2
2,2,1,0.373952865601,0.45,1,2
0,0,1,0.345752000809,0.45,1,2
3,3,1,0.364442825317,0.45,1,2
0,0,1,0.329537153244,0.45,1,2
2,2,1,0.409696102142,0.45,1,2
3,3,1,0.352009057999,0.45,1,2
1,1,1,0.265095949173,0.45,1,2
0,0,1,0.284203052521,0.45,1,2
1,1,1,0.37541103363,0.45,1,2
2,2,1,0.331372022629,0.45,1,2
1,1,1,0.348771095276,0.45,1,2
3,3,1,0.33839392662,0.45,1,2
0,1,0,0.334827184677,0.45,-2,2
2,2,1,0.366855859756,0.45,1,2
3,3,1,0.409845113754,0.45,1,2
2,2,1,0.43790102005,0.45,1,2
0,0,1,0.385643005371,0.45,1,2
1,1,1,0.340929031372,0.45,1,2
2,2,1,0.304219007492,0.45,1,2
1,0,0,0.37331700325,0.45,-2,2
0,0,1,0.309396982193,0.45,1,2
3,3,1,0.261120080948,0.45,1,2
1,2,0,0.208311080933,0.45,-2,2
3,2,0,0.312081098557,0.45,-2,2
2,2,1,0.412276029587,0.45,1,2
0,0,1,0.446935892105,0.45,1,2
2,2,1,0.42015004158,0.45,1,2
3,3,1,0.396664857864,0.45,1,2
0,0,1,0.362553119659,0.45,1,2
3,2,0,0.348522901535,0.45,-2,2
1,2,0,0.329240083694,0.45,-2,2
0,0,1,0.395881175995,0.45,1,2
1,1,1,0.406355142593,0.45,1,2
2,2,1,0.331304788589,0.45,1,2
1,1,1,0.380112171173,0.45,1,2
0,0,1,0.328054904938,0.45,1,2
3,3,1,0.290604114532,0.45,1,2
2,2,1,0.368227958679,0.45,1,2
3,3,1,0.466861009598,0.45,-1,2
0,0,1,0.390917062759,0.45,1,2
2,2,1,0.346195936203,0.45,1,2
1,1,1,0.34671497345,0.45,1,2
2,2,1,0.42555809021,0.45,1,2
0,0,1,0.376501083374,0.45,1,2
1,1,1,0.33260011673,0.45,1,2
3,2,0,0.280605077744,0.45,-2,2
1,1,1,0.364367961884,0.45,1,2
0,0,1,0.27224111557,0.45,1,2
3,3,1,0.315136909485,0.45,1,2
2,2,1,0.447222948074,0.45,1,2
0,0,1,0.410388946533,0.45,1,2
2,2,1,0.358280897141,0.45,1,2
3,3,1,0.342689990997,0.45,1,2
0,0,1,0.329195976257,0.45,1,2
1,1,1,0.2639939785,0.45,1,2
2,2,1,0.329419136047,0.45,1,2
1,1,1,0.44654083252,0.45,1,2
3,3,1,0.344111919403,0.45,1,2
1,1,1,0.274070978165,0.45,1,2
2,2,1,0.278672933578,0.45,1,2
3,3,1,0.361752986908,0.45,1,2
0,0,1,0.371351003647,0.45,1,2
3,2,0,0.270036935806,0.45,-2,2
2,2,1,0.427170038223,0.45,1,2
0,0,1,0.35715508461,0.45,1,2
2,3,0,0.289932012558,0.45,-2,2
1,2,0,0.294476032257,0.45,-2,2
3,3,1,0.401486158371,0.45,1,2
1,1,1,0.348797082901,0.45,1,2
0,0,1,0.367295026779,0.45,1,2
1,1,1,0.33695101738,0.45,1,2
0,1,0,0.395971059799,0.45,-2,2
2,2,1,0.392295122147,0.45,1,2
3,3,1,0.309877872467,0.45,1,2
2,1,0,0.342906951904,0.45,-2,2
0,0,1,0.313449144363,0.45,1,2
3,3,1,0.411842823029,0.45,1,2
1,1,1,0.394284963608,0.45,1,2
3,3,1,0.435467004776,0.45,1,2
0,0,1,0.391933917999,0.45,1,2
1,1,1,0.364727020264,0.45,1,2
2,2,1,0.436648845673,0.45,1,2
1,1,1,0.360857963562,0.45,1,2
0,0,1,0.325200080872,0.45,1,2
2,2,1,0.29571890831,0.45,1,2
3,3,1,0.35454082489,0.45,1,2
2,2,1,0.438388109207,0.45,1,2
0,0,1,0.400853157043,0.45,1,2
3,2,0,0.334841012955,0.45,-2,2
1,1,1,0.354520082474,0.45,1,2
3,3,1,0.325340032578,0.45,1,2
0,0,1,0.375401973724,0.45,1,2
1,1,1,0.364322185516,0.45,1,2
2,2,1,0.325921058655,0.45,1,2
1,1,1,0.425374031067,0.45,1,2
2,2,1,0.417474031448,0.45,1,2
0,0,1,0.319614887238,0.45,1,2
3,3,1,0.403867959976,0.45,1,2
0,1,0,0.383147954941,0.45,-2,2
2,2,1,0.393717050552,0.45,1,2
3,3,1,0.429141998291,0.45,1,2
1,0,0,0.3102850914,0.45,-2,2
0,0,1,0.346470117569,0.45,1,2
1,1,1,0.324115037918,0.45,1,2
3,3,1,0.386337041855,0.45,1,2
2,3,0,0.41855096817,0.45,-2,2
1,1,1,0.414639949799,0.45,1,2
3,3,1,0.352960824966,0.45,1,2
0,0,1,0.359840869904,0.45,1,2
2,2,1,0.299335002899,0.45,1,2
0,0,1,0.341750144958,0.45,1,2
3,3,1,0.346142053604,0.45,1,2
2,2,1,0.380958080292,0.45,1,2
3,3,1,0.445633172989,0.45,1,2
1,1,1,0.361879110336,0.45,1,2
0,0,1,0.284687995911,0.45,1,2
1,1,1,0.343251943588,0.45,1,2
2,2,1,0.282077789307,0.45,1,2
1,0,0,0.400064945221,0.45,-2,2
0,0,1,0.338662862778,0.45,1,2
2,2,1,0.325367927551,0.45,1,2
3,1,0,0.233192920685,0.45,-2,2
2,2,1,0.371261119843,0.45,1,2
0,0,1,0.316874980927,0.45,1,2
3,3,1,0.456153154373,0.45,-1,2
0,0,1,0.43860411644,0.45,1,2
1,1,1,0.329339981079,0.45,1,2
3,3,1,0.396304130554,0.45,1,2
1,1,1,0.31259393692,0.45,1,2
2,2,1,0.482272148132,0.45,-1,2
1,1,1,0.468523979187,0.45,-1,2
0,0,1,0.345734119415,0.45,1,2
2,2,1,0.372694969177,0.45,1,2
3,3,1,0.329476833344,0.45,1,2
2,2,1,0.412622928619,0.45,1,2
0,0,1,0.396736860275,0.45,1,2
3,3,1,0.403221845627,0.45,1,2
1,1,1,0.310314178467,0.45,1,2
2,2,1,0.359139919281,0.45,1,2
1,0,0,0.300639152527,0.45,-2,2
3,3,1,0.381042957306,0.45,1,2
0,0,1,0.354719161987,0.45,1,2
1,1,1,0.275419235229,0.45,1,2
0,0,1,0.424357891083,0.45,1,2
3,3,1,0.445086956024,0.45,1,2
2,2,1,0.431161880493,0.45,1,2
3,3,1,0.45746588707,0.45,-1,2
0,1,0,0.429971933365,0.45,-2,2
2,1,0,0.456932067871,0.45,-2,2
0,0,1,0.475109100342,0.45,-1,2
1,1,1,0.44015789032,0.45,1,2
2,2,1,0.449364900589,0.45,1,2
1,1,1,0.388746023178,0.45,1,2
3,3,1,0.352395057678,0.45,1,2
1,1,1,0.419545888901,0.45,1,2
2,2,1,0.359986782074,0.45,1,2
0,0,1,0.289944887161,0.45,1,2
3,3,1,0.453342914581,0.45,-1,2
2,2,1,0.440068006516,0.45,1,2
3,3,1,0.444942951202,0.45,1,2
0,0,1,0.439435005188,0.45,1,2
1,1,1,0.348500967026,0.45,1,2
0,0,1,0.375804901123,0.45,1,2
2,2,1,0.41904091835,0.45,1,2
1,1,1,0.467398881912,0.45,-1,2
3,3,1,0.449440002441,0.45,1,2
1,1,1,0.48243188858,0.45,-1,2
0,0,1,0.391027927399,0.45,1,2
3,3,1,0.409940958023,0.45,1,2
2,3,0,0.357710838318,0.45,-2,2
0,0,1,0.40681385994,0.45,1,2
2,2,1,0.428500175476,0.45,1,2
3,3,1,0.366492986679,0.45,1,2
1,1,1,0.327586889267,0.45,1,2
3,2,0,0.372426986694,0.45,-2,2
0,0,1,0.399371862411,0.45,1,2
1,1,1,0.346958875656,0.45,1,2
2,2,1,0.312114953995,0.45,1,2
1,0,0,0.281540870667,0.45,-2,2
2,2,1,0.380897045135,0.45,1,2
0,0,1,0.350592851639,0.45,1,2
3,2,0,0.284159898758,0.45,-2,2
0,0,1,0.37623500824,0.45,1,2
2,2,1,0.305325984955,0.45,1,2
3,3,1,0.293883085251,0.45,1,2
1,0,0,0.263480186462,0.45,-2,2
0,0,1,0.373356103897,0.45,1,2
1,1,1,0.352391958237,0.45,1,2
3,2,0,0.321684122086,0.45,-2,2
2,2,1,0.399470806122,0.45,1,2
1,1,1,0.335541009903,0.45,1,2
3,3,1,0.35422205925,0.45,1,2
2,2,1,0.361720085144,0.45,1,2
0,0,1,0.355040788651,0.45,1,2
2,2,1,0.367395877838,0.45,1,2
3,3,1,0.371314048767,0.45,1,2
0,0,1,0.380113124847,0.45,1,2
1,1,1,0.327875137329,0.45,1,2
2,2,1,0.298162937164,0.45,1,2
1,2,0,0.49514913559,0.45,-2,2
0,0,1,0.409219026566,0.45,1,2
3,2,0,0.332795858383,0.45,-2,2
1,1,1,0.350489854813,0.45,1,2
2,2,1,0.341130018234,0.45,1,2
3,3,1,0.336274147034,0.45,1,2
0,0,1,0.364261865616,0.45,1,2
2,2,1,0.333610057831,0.45,1,2
0,0,1,0.375836133957,0.45,1,2
3,3,1,0.388351917267,0.45,1,2
2,2,1,0.343961000443,0.45,1,2
1,1,1,0.352849960327,0.45,1,2
0,0,1,0.324630022049,0.45,1,2
1,1,1,0.384197950363,0.45,1,2
3,3,1,0.363174915314,0.45,1,2
1,1,1,0.333429813385,0.45,1,2
1,1,1,0.421090126038,0.45,1,3
3,3,1,0.398547172546,0.45,1,3
0,0,1,0.310655117035,0.45,1,3
2,2,1,0.292479991913,0.45,1,3
0,0,1,0.288122177124,0.45,1,3
3,3,1,0.32346701622,0.45,1,3
2,2,1,0.316627979279,0.45,1,3
1,0,0,0.264458179474,0.45,-2,3
2,2,1,0.348797082901,0.45,1,3
3,3,1,0.360965013504,0.45,1,3
1,1,1,0.338935852051,0.45,1,3
0,0,1,0.327877998352,0.45,1,3
1,1,1,0.410362958908,0.45,1,3
2,2,1,0.366430997849,0.45,1,3
3,3,1,0.302078008652,0.45,1,3
0,0,1,0.268317937851,0.45,1,3
2,2,1,0.333356142044,0.45,1,3
0,0,1,0.322009086609,0.45,1,3
3,3,1,0.405636072159,0.45,1,3
1,1,1,0.326021909714,0.45,1,3
3,2,0,0.322058916092,0.45,-2,3
2,1,0,0.340754032135,0.45,-2,3
1,1,1,0.40213394165,0.45,1,3
0,0,1,0.374751091003,0.45,1,3
1,1,1,0.384115934372,0.45,1,3
0,0,1,0.42692899704,0.45,1,3
3,3,1,0.455103158951,0.45,-1,3
2,2,1,0.425416946411,0.45,1,3
0,0,1,0.364526987076,0.45,1,3
2,2,1,0.417523145676,0.45,1,3
3,3,1,0.387238025665,0.45,1,3
1,1,1,0.342082977295,0.45,1,3
2,2,1,0.330774068832,0.45,1,3
1,0,0,0.262091159821,0.45,-2,3
3,3,1,0.441170930862,0.45,1,3
0,0,1,0.386492967606,0.45,1,3
1,1,1,0.317211151123,0.45,1,3
2,2,1,0.291494846344,0.45,1,3
3,3,1,0.333181142807,0.45,1,3
0,0,1,0.33860206604,0.45,1,3
3,2,0,0.325767993927,0.45,-2,3
2,2,1,0.455229043961,0.45,-1,3
0,0,1,0.466223955154,0.45,-1,3
1,1,1,0.557066917419,0.45,-1,3
3,3,1,0.459010124207,0.45,-1,3
1,1,1,0.422752857208,0.45,1,3
0,0,1,0.401011943817,0.45,1,3
2,2,1,0.356662988663,0.45,1,3
1,1,1,0.471745967865,0.45,-1,3
2,2,1,0.543911933899,0.45,-1,3
0,0,1,0.437745094299,0.45,1,3
3,-1,0,0.7,0.45,-2,3
0,3,0,0.138319015503,0.45,-2,3
2,2,1,0.448036909103,0.45,1,3
3,3,1,0.359919071198,0.45,1,3
1,0,0,0.370779037476,0.45,-2,3
0,0,1,0.399125099182,0.45,1,3
1,1,1,0.346529006958,0.45,1,3
3,2,0,0.366233110428,0.45,-2,3
2,2,1,0.481934070587,0.45,-1,3
1,1,1,0.42057800293,0.45,1,3
2,3,0,0.367810964584,0.45,-2,3
3,3,1,0.349394798279,0.45,1,3
0,0,1,0.327378988266,0.45,1,3
3,2,0,0.290116071701,0.45,-2,3
2,2,1,0.541203022003,0.45,-1,3
0,0,1,0.466197967529,0.45,-1,3
2,2,1,0.389908075333,0.45,1,3
1,1,1,0.327986001968,0.45,1,3
0,0,1,0.356085062027,0.45,1,3
1,2,0,0.326678037643,0.45,-2,3
3,3,1,0.410127878189,0.45,1,3
1,1,1,0.324948072433,0.45,1,3
2,2,1,0.353260040283,0.45,1,3
3,3,1,0.386807918549,0.45,1,3
0,0,1,0.284035921097,0.45,1,3
2,3,0,0.320562124252,0.45,-2,3
0,0,1,0.410272836685,0.45,1,3
3,3,1,0.414582014084,0.45,1,3
2,2,1,0.369168043137,0.45,1,3
1,1,1,0.422371864319,0.45,1,3
3,3,1,0.335332870483,0.45,1,3
1,0,0,0.381838798523,0.45,-2,3
0,0,1,0.383258104324,0.45,1,3
1,1,1,0.349294900894,0.45,1,3
3,3,1,0.342091083527,0.45,1,3
2,2,1,0.370573043823,0.45,1,3
0,0,1,0.333387851715,0.45,1,3
2,2,1,0.343157052994,0.45,1,3
3,3,1,0.291288137436,0.45,1,3
0,0,1,0.357033014297,0.45,1,3
3,2,0,0.316326856613,0.45,-2,3
1,1,1,0.405569076538,0.45,1,3
2,2,1,0.360469818115,0.45,1,3
1,1,1,0.458977937698,0.45,-1,3
0,0,1,0.390887975693,0.45,1,3
1,2,0,0.338168859482,0.45,-2,3
0,0,1,0.45342707634,0.45,-1,3
3,3,1,0.466757059097,0.45,-1,3
2,1,0,0.348011016846,0.45,-2,3
0,1,0,0.273452997208,0.45,-2,3
2,2,1,0.412563085556,0.45,1,3
3,3,1,0.439339876175,0.45,1,3
1,1,1,0.401548862457,0.45,1,3
3,3,1,0.38812994957,0.45,1,3
0,0,1,0.303282022476,0.45,1,3
1,1,1,0.313555002213,0.45,1,3
2,2,1,0.299972057343,0.45,1,3
1,1,1,0.32251906395,0.45,1,3
3,3,1,0.317905902863,0.45,1,3
2,2,1,0.270344018936,0.45,1,3
0,0,1,0.324676990509,0.45,1,3
2,1,0,0.284837007523,0.45,-2,3
3,2,0,0.338042020798,0.45,-2,3
0,0,1,0.459872961044,0.45,-1,3
3,2,0,0.400456905365,0.45,-2,3
1,1,1,0.404481172562,0.45,1,3
2,2,1,0.438155174255,0.45,1,3
1,1,1,0.459100961685,0.45,-1,3
0,0,1,0.374962091446,0.45,1,3
1,1,1,0.47242808342,0.45,-1,3
3,3,1,0.388803005219,0.45,1,3
2,2,1,0.575172185898,0.45,-1,3
0,0,1,0.417381048203,0.45,1,3
3,3,1,0.387997150421,0.45,1,3
0,0,1,0.368279933929,0.45,1,3
2,2,1,0.308835029602,0.45,1,3
1,1,1,0.415490865707,0.45,1,3
2,2,1,0.403208017349,0.45,1,3
3,3,1,0.380998134613,0.45,1,3
1,1,1,0.314826011658,0.45,1,3
0,0,1,0.283106088638,0.45,1,3
1,1,1,0.288832902908,0.45,1,3
3,2,0,0.298762083054,0.45,-2,3
0,0,1,0.350524187088,0.45,1,3
2,1,0,0.298798084259,0.45,-2,3
0,0,1,0.389251947403,0.45,1,3
3,3,1,0.337964057922,0.45,1,3
2,1,0,0.333293914795,0.45,-2,3
1,1,1,0.303853034973,0.45,1,3
0,0,1,0.292001008987,0.45,1,3
1,1,1,0.37322306633,0.45,1,3
2,2,1,0.321758985519,0.45,1,3
3,2,0,0.314644098282,0.45,-2,3
1,2,0,0.277626037598,0.45,-2,3
2,3,0,0.385308980942,0.45,-2,3
0,0,1,0.461160898209,0.45,-1,3
3,3,1,0.546676874161,0.45,-1,3
0,0,1,0.469691038132,0.45,-1,3
2,2,1,0.464555025101,0.45,-1,3
3,3,1,0.336775064468,0.45,1,3
2,2,1,0.292294979095,0.45,1,3
1,1,1,0.270684957504,0.45,1,3
3,-1,0,0.7,0.45,-2,3
1,2,0,0.431482076645,0.45,-2,3
0,0,1,0.442401170731,0.45,1,3
1,2,0,0.35768198967,0.45,-2,3
2,2,1,0.487380981445,0.45,-1,3
0,0,1,0.371494054794,0.45,1,3
3,3,1,0.382513999939,0.45,1,3
0,0,1,0.372638940811,0.45,1,3
2,2,1,0.328642845154,0.45,1,3
3,3,1,0.369076967239,0.45,1,3
1,1,1,0.414582967758,0.45,1,3
3,3,1,0.441935062408,0.45,1,3
2,2,1,0.587924003601,0.45,-1,3
1,1,1,0.446027994156,0.45,1,3
0,0,1,0.321005105972,0.45,1,3
1,1,1,0.363174915314,0.45,1,3
3,3,1,0.342631101608,0.45,1,3
2,2,1,0.372932910919,0.45,1,3
0,0,1,0.335759878159,0.45,1,3
2,2,1,0.344765901566,0.45,1,3
3,3,1,0.357960939407,0.45,1,3
0,0,1,0.407632827759,0.45,1,3
1,1,1,0.332041025162,0.45,1,3
2,2,1,0.310003995895,0.45,1,3
1,1,1,0.409791946411,0.45,1,3
0,0,1,0.454653024673,0.45,-1,3
3,3,1,0.410007953644,0.45,1,3
1,1,1,0.308703899384,0.45,1,3
0,0,1,0.280188083649,0.45,1,3
3,3,1,0.265469074249,0.45,1,3
2,2,1,0.279206991196,0.45,1,3
3,3,1,0.375825166702,0.45,1,3
0,0,1,0.388342142105,0.45,1,3
2,2,1,0.31023478508,0.45,1,3
0,0,1,0.354126930237,0.45,1,3
1,2,0,0.331988096237,0.45,-2,3
2,2,1,0.272260189056,0.45,1,3
1,1,1,0.420243024826,0.45,1,3
3,3,1,0.350616931915,0.45,1,3
1,0,0,0.209927797318,0.45,-2,3
3,3,1,0.392371177673,0.45,1,3
0,0,1,0.360757827759,0.45,1,3
2,2,1,0.468334913254,0.45,-1,3
3,3,1,0.479898929596,0.45,-1,3
2,2,1,0.541028022766,0.45,-1,3
0,0,1,0.389539957047,0.45,1,3
3,2,0,0.451023101807,0.45,-2,3
1,1,1,0.477444887161,0.45,-1,3
0,0,1,0.480049133301,0.45,-1,3
1,1,1,0.571781158447,0.45,-1,3
2,2,1,0.557060956955,0.45,-1,3
1,0,0,0.444386005402,0.45,-2,3
2,2,1,0.542557954788,0.45,-1,3
0,0,1,0.434454202652,0.45,1,3
3,2,0,0.411175012589,0.45,-2,3
0,0,1,0.503835916519,0.45,-1,3
2,2,1,0.361162900925,0.45,1,3
3,3,1,0.382235050201,0.45,1,3
2,2,1,0.422816991806,0.45,1,3
1,1,1,0.374370098114,0.45,1,3
0,0,1,0.32136297226,0.45,1,3
1,0,0,0.377831935883,0.45,-2,3
3,2,0,0.35121011734,0.45,-2,3
1,1,1,0.400941848755,0.45,1,3
1,1,1,0.544443130493,0.45,-1,4
0,0,1,0.343015909195,0.45,1,4
3,2,0,0.308833837509,0.45,-2,4
2,1,0,0.303534984589,0.45,-2,4
0,0,1,0.355298995972,0.45,1,4
2,2,1,0.295078992844,0.45,1,4
3,3,1,0.254653930664,0.45,1,4
1,1,1,0.346709012985,0.45,1,4
3,3,1,0.32633805275,0.45,1,4
0,0,1,0.352388143539,0.45,1,4
1,1,1,0.31008887291,0.45,1,4
2,2,1,0.28028011322,0.45,1,4
1,1,1,0.381345033646,0.45,1,4
2,2,1,0.334038972855,0.45,1,4
3,3,1,0.321563959122,0.45,1,4
0,0,1,0.300945997238,0.45,1,4
2,1,0,0.289874076843,0.45,-2,4
0,0,1,0.317430019379,0.45,1,4
3,3,1,0.311279058456,0.45,1,4
2,2,1,0.420784950256,0.45,1,4
1,1,1,0.327785015106,0.45,1,4
3,3,1,0.315022945404,0.45,1,4
1,1,1,0.275309085846,0.45,1,4
0,0,1,0.271574020386,0.45,1,4
1,1,1,0.324306964874,0.45,1,4
3,3,1,0.277391195297,0.45,1,4
0,0,1,0.266666889191,0.45,1,4
2,2,1,0.294049024582,0.45,1,4
3,3,1,0.366645097733,0.45,1,4
2,2,1,0.45077085495,0.45,-1,4
0,0,1,0.348162889481,0.45,1,4
1,1,1,0.273537158966,0.45,1,4
2,2,1,0.275552034378,0.45,1,4
1,1,1,0.31973695755,0.45,1,4
0,0,1,0.251681804657,0.45,1,4
3,3,1,0.277688980103,0.45,1,4
1,1,1,0.306423187256,0.45,1,4
0,0,1,0.28564286232,0.45,1,4
2,2,1,0.352221012115,0.45,1,4
3,3,1,0.31748008728,0.45,1,4
0,0,1,0.317443847656,0.45,1,4
3,2,0,0.313306808472,0.45,-2,4
2,2,1,0.382206916809,0.45,1,4
1,1,1,0.338495016098,0.45,1,4
3,3,1,0.318336963654,0.45,1,4
1,1,1,0.32107591629,0.45,1,4
2,2,1,0.338767051697,0.45,1,4
0,0,1,0.357089042664,0.45,1,4
1,1,1,0.472326993942,0.45,-1,4
3,3,1,0.37330698967,0.45,1,4
0,0,1,0.351834058762,0.45,1,4
2,2,1,0.268551111221,0.45,1,4
3,1,0,0.292031049728,0.45,-2,4
2,2,1,0.483258962631,0.45,-1,4
0,0,1,0.343042850494,0.45,1,4
1,1,1,0.285804986954,0.45,1,4
2,2,1,0.274452924728,0.45,1,4
1,0,0,0.309248924255,0.45,-2,4
0,0,1,0.360008955002,0.45,1,4
3,2,0,0.326081991196,0.45,-2,4
1,1,1,0.37563586235,0.45,1,4
3,3,1,0.354536056519,0.45,1,4
0,1,0,0.333221912384,0.45,-2,4
2,2,1,0.320217847824,0.45,1,4
3,3,1,0.405905008316,0.45,1,4
2,2,1,0.39350104332,0.45,1,4
0,0,1,0.340088844299,0.45,1,4
1,1,1,0.312824010849,0.45,1,4
2,2,1,0.353531837463,0.45,1,4
1,1,1,0.367579936981,0.45,1,4
0,0,1,0.363368988037,0.45,1,4
3,3,1,0.451260089874,0.45,-1,4
1,1,1,0.478581905365,0.45,-1,4
2,2,1,0.32393693924,0.45,1,4
0,0,1,0.245754003525,0.45,1,4
3,3,1,0.322005987167,0.45,1,4
2,2,1,0.34246301651,0.45,1,4
3,3,1,0.40015912056,0.45,1,4
0,0,1,0.377458095551,0.45,1,4
2,2,1,0.364592790604,0.45,1,4
1,1,1,0.440436840057,0.45,1,4
3,3,1,0.467134952545,0.45,-1,4
1,1,1,0.39331817627,0.45,1,4
0,0,1,0.300753831863,0.45,1,4
1,1,1,0.311131000519,0.45,1,4
2,2,1,0.272454023361,0.45,1,4
3,3,1,0.379463911057,0.45,1,4
0,1,0,0.278423070908,0.45,-2,4
3,2,0,0.314316034317,0.45,-2,4
2,2,1,0.390038967133,0.45,1,4
0,0,1,0.412482976913,0.45,1,4
2,2,1,0.324610948563,0.45,1,4
1,1,1,0.322084903717,0.45,1,4
3,3,1,0.283339977264,0.45,1,4
1,0,0,0.281251907349,0.45,-2,4
0,0,1,0.371898889542,0.45,1,4
1,1,1,0.374267101288,0.45,1,4
2,2,1,0.417923927307,0.45,1,4
0,0,1,0.413778066635,0.45,1,4
3,2,0,0.328847885132,0.45,-2,4
2,1,0,0.400363922119,0.45,-2,4
3,-1,0,0.7,0.45,-2,4
0,3,0,0.000327825546265,0.45,-2,4
1,1,1,0.221040964127,0.45,1,4
0,0,1,0.350785970688,0.45,1,4
2,2,1,0.297768115997,0.45,1,4
1,1,1,0.302982091904,0.45,1,4
3,2,0,0.330883026123,0.45,-2,4
1,2,0,0.342432022095,0.45,-2,4
3,3,1,0.40975689888,0.45,1,4
2,1,0,0.316138029099,0.45,-2,4
0,0,1,0.317997217178,0.45,1,4
3,2,0,0.287943124771,0.45,-2,4
0,1,0,0.332715988159,0.45,-2,4
2,2,1,0.328747987747,0.45,1,4
3,3,1,0.349635839462,0.45,1,4
1,0,0,0.365716934204,0.45,-2,4
0,0,1,0.363548994064,0.45,1,4
1,1,1,0.404370069504,0.45,1,4
2,2,1,0.33488202095,0.45,1,4
1,1,1,0.317641019821,0.45,1,4
3,3,1,0.345322847366,0.45,1,4
0,0,1,0.323562860489,0.45,1,4
2,2,1,0.358946800232,0.45,1,4
3,3,1,0.362463951111,0.45,1,4
2,2,1,0.55570602417,0.45,-1,4
0,0,1,0.359444856644,0.45,1,4
3,2,0,0.283574104309,0.45,-2,4
1,1,1,0.359721183777,0.45,1,4
2,2,1,0.37654209137,0.45,1,4
1,0,0,0.316529989243,0.45,-2,4
0,0,1,0.368530035019,0.45,1,4
1,1,1,0.440470933914,0.45,1,4
0,0,1,0.485234975815,0.45,-1,4
3,3,1,0.369474172592,0.45,1,4
2,2,1,0.355237007141,0.45,1,4
0,0,1,0.338106870651,0.45,1,4
2,2,1,0.275681018829,0.45,1,4
3,3,1,0.405097961426,0.45,1,4
0,0,1,0.441061019897,0.45,1,4
1,1,1,0.413745880127,0.45,1,4
3,3,1,0.417976140976,0.45,1,4
1,1,1,0.316445827484,0.45,1,4
2,2,1,0.326714992523,0.45,1,4
1,1,1,0.450083017349,0.45,-1,4
0,0,1,0.334418058395,0.45,1,4
3,2,0,0.35246515274,0.45,-2,4
2,2,1,0.378941059113,0.45,1,4
0,0,1,0.286896944046,0.45,1,4
2,2,1,0.528441905975,0.45,-1,4
3,3,1,0.364118814468,0.45,1,4
1,2,0,0.289998054504,0.45,-2,4
2,2,1,0.369874954224,0.45,1,4
1,1,1,0.344066143036,0.45,1,4
3,3,1,0.347516059875,0.45,1,4
0,0,1,0.339961051941,0.45,1,4
1,1,1,0.353496074677,0.45,1,4
3,3,1,0.380562067032,0.45,1,4
0,0,1,0.358325958252,0.45,1,4
2,2,1,0.268948078156,0.45,1,4
0,0,1,0.254915952682,0.45,1,4
3,3,1,0.234339952469,0.45,1,4
2,2,1,0.358022212982,0.45,1,4
3,3,1,0.37494301796,0.45,1,4
1,0,0,0.316132068634,0.45,-2,4
0,0,1,0.317739009857,0.45,1,4
1,1,1,0.363288164139,0.45,1,4
2,2,1,0.30891084671,0.45,1,4
1,1,1,0.381934165955,0.45,1,4
0,0,1,0.425968885422,0.45,1,4
2,2,1,0.285444021225,0.45,1,4
3,3,1,0.410229921341,0.45,1,4
2,2,1,0.370895147324,0.45,1,4
0,0,1,0.361936092377,0.45,1,4
3,2,0,0.354439973831,0.45,-2,4
1,1,1,0.439155101776,0.45,1,4
3,3,1,0.392359018326,0.45,1,4
0,0,1,0.396907806396,0.45,1,4
1,1,1,0.370416879654,0.45,1,4
2,2,1,0.339258909225,0.45,1,4
1,0,0,0.366717100143,0.45,-2,4
3,3,1,0.388025999069,0.45,1,4
2,2,1,0.461011886597,0.45,-1,4
0,0,1,0.47199678421,0.45,-1,4
2,1,0,0.3575091362,0.45,-2,4
3,3,1,0.50382399559,0.45,-1,4
0,0,1,0.396462917328,0.45,1,4
3,3,1,0.383410930634,0.45,1,4
1,1,1,0.347347974777,0.45,1,4
0,0,1,0.268126010895,0.45,1,4
1,2,0,0.272109031677,0.45,-2,4
2,2,1,0.228892087936,0.45,1,4
1,1,1,0.237637996674,0.45,1,4
0,0,1,0.275528907776,0.45,1,4
3,3,1,0.293939113617,0.45,1,4
2,2,1,0.344768047333,0.45,1,4
0,0,1,0.281573057175,0.45,1,4
2,2,1,0.318276166916,0.45,1,4
3,1,0,0.259475946426,0.45,-2,4
1,1,1,0.244043111801,0.45,1,4
2,2,1,0.334314107895,0.45,1,4
1,0,0,0.321343183517,0.45,-2,4
3,3,1,0.373234987259,0.45,1,4
0,0,1,0.315616846085,0.45,1,4
1,1,1,0.277647972107,0.45,1,4
0,0,1,0.31511592865,0.45,1,4
3,2,0,0.297888040543,0.45,-2,4
2,2,1,0.382656097412,0.45,1,4
3,3,1,0.408900976181,0.45,1,4
0,0,1,0.350631952286,0.45,1,4
2,2,1,0.350826025009,0.45,1,4
1,1,1,0.29842209816,0.45,1,4
2,2,1,0.328881025314,0.45,1,4
0,0,1,0.361831903458,0.45,1,4
1,1,1,0.316531896591,0.45,1,4
3,2,0,0.306491136551,0.45,-2,4
1,1,1,0.30161690712,0.45,1,4
3,3,1,0.610121011734,0.45,-1,5
1,1,1,0.515549898148,0.45,-1,5
2,0,0,0.351089000702,0.45,-2,5
0,2,0,0.290668964386,0.45,-2,5
1,3,0,0.118666887283,0.45,-2,5
0,1,0,0.0668349266052,0.45,-2,5
2,1,0,0.220319986343,0.45,-2,5
3,2,0,0.449919939041,0.45,-2,5
0,0,1,0.378328800201,0.45,1,5
3,3,1,0.407980918884,0.45,1,5
2,2,1,0.363367080688,0.45,1,5
1,1,1,0.309910774231,0.45,1,5
3,3,1,0.321182012558,0.45,1,5
1,1,1,0.440706968307,0.45,1,5
2,2,1,0.356627941132,0.45,1,5
0,0,1,0.345314025879,0.45,1,5
2,2,1,0.284583091736,0.45,1,5
1,1,1,0.246649026871,0.45,1,5
0,0,1,0.332936048508,0.45,1,5
1,1,1,0.404747009277,0.45,1,5
3,2,0,0.298882007599,0.45,-2,5
0,0,1,0.365303039551,0.45,1,5
3,3,1,0.368104934692,0.45,1,5
2,2,1,0.385625123978,0.45,1,5
3,3,1,0.41607093811,0.45,1,5
0,0,1,0.354619026184,0.45,1,5
1,1,1,0.307261943817,0.45,1,5
2,2,1,0.273242950439,0.45,1,5
1,0,0,0.300127983093,0.45,-2,5
0,0,1,0.375895023346,0.45,1,5
2,3,0,0.313390016556,0.45,-2,5
0,0,1,0.428880929947,0.45,1,5
3,3,1,0.401034116745,0.45,1,5
1,1,1,0.283864974976,0.45,1,5
3,2,0,0.312419891357,0.45,-2,5
2,2,1,0.312674999237,0.45,1,5
3,3,1,0.358961820602,0.45,1,5
0,0,1,0.359712839127,0.45,1,5
1,0,0,0.419512033463,0.45,-2,5
2,2,1,0.36598110199,0.45,1,5
1,1,1,0.336390972137,0.45,1,5
0,0,1,0.343346118927,0.45,1,5
2,1,0,0.346661090851,0.45,-2,5
0,1,0,0.316722869873,0.45,-2,5
3,3,1,0.367292881012,0.45,1,5
2,2,1,0.533393859863,0.45,-1,5
3,3,1,0.461993932724,0.45,-1,5
1,0,0,0.426805019379,0.45,-2,5
3,3,1,0.49532699585,0.45,-1,5
2,2,1,0.529454946518,0.45,-1,5
1,1,1,0.373366117477,0.45,1,5
0,0,1,0.373435974121,0.45,1,5
2,2,1,0.258928060532,0.45,1,5
0,0,1,0.388978004456,0.45,1,5
1,1,1,0.446352005005,0.45,1,5
3,3,1,0.396708011627,0.45,1,5
0,0,1,0.361042976379,0.45,1,5
3,2,0,0.29083609581,0.45,-2,5
1,1,1,0.318488121033,0.45,1,5
2,2,1,0.295557022095,0.45,1,5
3,3,1,0.380532979965,0.45,1,5
0,0,1,0.33744096756,0.45,1,5
2,2,1,0.276051998138,0.45,1,5
1,1,1,0.240025043488,0.45,1,5
0,0,1,0.34371304512,0.45,1,5
1,1,1,0.290889978409,0.45,1,5
2,2,1,0.269547939301,0.45,1,5
0,1,0,0.299797773361,0.45,-2,5
3,3,1,0.333276033401,0.45,1,5
1,1,1,0.361958026886,0.45,1,5
3,2,0,0.31867814064,0.45,-2,5
2,1,0,0.370044946671,0.45,-2,5
3,3,1,0.465256929398,0.45,-1,5
2,2,1,0.598515033722,0.45,-1,5
0,0,1,0.416798114777,0.45,1,5
1,1,1,0.355255842209,0.45,1,5
0,0,1,0.393090009689,0.45,1,5
2,2,1,0.353763818741,0.45,1,5
1,1,1,0.285722970963,0.45,1,5
2,2,1,0.404260873795,0.45,1,5
3,3,1,0.302449941635,0.45,1,5
0,0,1,0.35443687439,0.45,1,5
3,3,1,0.37043094635,0.45,1,5
1,1,1,0.304288864136,0.45,1,5
3,3,1,0.346678972244,0.45,1,5
1,0,0,0.285265922546,0.45,-2,5
0,0,1,0.321587085724,0.45,1,5
2,2,1,0.380209922791,0.45,1,5
1,1,1,0.317747116089,0.45,1,5
2,2,1,0.322271108627,0.45,1,5
0,0,1,0.358906984329,0.45,1,5
1,1,1,0.321151018143,0.45,1,5
3,2,0,0.261053085327,0.45,-2,5
2,2,1,0.329839944839,0.45,1,5
3,3,1,0.395484924316,0.45,1,5
0,0,1,0.42455291748,0.45,1,5
3,3,1,0.403455018997,0.45,1,5
2,2,1,0.331425189972,0.45,1,5
1,1,1,0.295078039169,0.45,1,5
0,0,1,0.340317964554,0.45,1,5
2,2,1,0.30922794342,0.45,1,5
0,0,1,0.311424016953,0.45,1,5
1,1,1,0.343168020248,0.45,1,5
3,3,1,0.327159881592,0.45,1,5
1,1,1,0.313193082809,0.45,1,5
2,2,1,0.334573030472,0.45,1,5
3,3,1,0.393219947815,0.45,1,5
0,0,1,0.327313184738,0.45,1,5
3,3,1,0.383298873901,0.45,1,5
0,0,1,0.396435976028,0.45,1,5
1,0,0,0.375090837479,0.45,-2,5
2,2,1,0.337683916092,0.45,1,5
1,1,1,0.324693202972,0.45,1,5
0,0,1,0.354902982712,0.45,1,5
2,2,1,0.386445999146,0.45,1,5
0,0,1,0.374519109726,0.45,1,5
3,3,1,0.362276792526,0.45,1,5
1,0,0,0.300953149796,0.45,-2,5
3,2,0,0.362944126129,0.45,-2,5
2,2,1,0.438015937805,0.45,1,5
3,3,1,0.398545026779,0.45,1,5
0,0,1,0.388296842575,0.45,1,5
1,1,1,0.383151054382,0.45,1,5
2,2,1,0.351416110992,0.45,1,5
1,0,0,0.339877128601,0.45,-2,5
0,0,1,0.385668039322,0.45,1,5
2,2,1,0.42807507515,0.45,1,5
3,3,1,0.421229839325,0.45,1,5
1,1,1,0.491570949554,0.45,-1,5
3,3,1,0.371276855469,0.45,1,5
2,2,1,0.384458065033,0.45,1,5
0,0,1,0.393383979797,0.45,1,5
3,3,1,0.350317001343,0.45,1,5
0,1,0,0.337004184723,0.45,-2,5
2,2,1,0.33336687088,0.45,1,5
1,1,1,0.429764032364,0.45,1,5
2,2,1,0.349730014801,0.45,1,5
0,0,1,0.253664016724,0.45,1,5
1,1,1,0.32467007637,0.45,1,5
3,3,1,0.334944009781,0.45,1,5
1,1,1,0.305117845535,0.45,1,5
0,0,1,0.301620006561,0.45,1,5
3,3,1,0.325546979904,0.45,1,5
2,2,1,0.275956869125,0.45,1,5
3,3,1,0.365734100342,0.45,1,5
0,0,1,0.4592628479,0.45,-1,5
2,2,1,0.410691022873,0.45,1,5
1,1,1,0.321105957031,0.45,1,5
2,3,0,0.33885884285,0.45,-2,5
0,0,1,0.343091964722,0.45,1,5
1,1,1,0.403061151505,0.45,1,5
0,0,1,0.421797990799,0.45,1,5
3,3,1,0.414431095123,0.45,1,5
1,1,1,0.316701173782,0.45,1,5
3,3,1,0.310511112213,0.45,1,5
2,0,0,0.264468193054,0.45,-2,5
3,2,0,0.378988981247,0.45,-2,5
1,1,1,0.471585035324,0.45,-1,5
0,0,1,0.451985836029,0.45,-1,5
2,2,1,0.349318027496,0.45,1,5
0,1,0,0.330914974213,0.45,-2,5
1,1,1,0.413478851318,0.45,1,5
2,2,1,0.409002065659,0.45,1,5
3,3,1,0.396166086197,0.45,1,5
2,0,0,0.344433784485,0.45,-2,5
1,1,1,0.258093118668,0.45,1,5
3,0,0,0.254354000092,0.45,-2,5
0,0,1,0.353904008865,0.45,1,5
3,3,1,0.342180967331,0.45,1,5
1,1,1,0.32653093338,0.45,1,5
2,2,1,0.50576710701,0.45,-1,5
0,0,1,0.339973926544,0.45,1,5
2,2,1,0.34388589859,0.45,1,5
1,1,1,0.366091012955,0.45,1,5
0,0,1,0.437700986862,0.45,1,5
3,3,1,0.322126150131,0.45,1,5
2,2,1,0.30006480217,0.45,1,5
3,3,1,0.377681970596,0.45,1,5
0,0,1,0.393932104111,0.45,1,5
1,1,1,0.304638147354,0.45,1,5
3,2,0,0.283843040466,0.45,-2,5
1,1,1,0.292797803879,0.45,1,5
0,0,1,0.299036979675,0.45,1,5
2,2,1,0.388383150101,0.45,1,5
1,0,0,0.304264783859,0.45,-2,5
2,2,1,0.354835033417,0.45,1,5
0,0,1,0.303516149521,0.45,1,5
3,3,1,0.242038965225,0.45,1,5
2,1,0,0.270310878754,0.45,-2,5
3,3,1,0.415685176849,0.45,1,5
0,0,1,0.403915166855,0.45,1,5
1,1,1,0.376199007034,0.45,1,5
3,2,0,0.329241037369,0.45,-2,5
2,2,1,0.398405075073,0.45,1,5
1,1,1,0.60054898262,0.45,-1,5
0,0,1,0.419483184814,0.45,1,5
2,2,1,0.374861955643,0.45,1,5
0,0,1,0.379406929016,0.45,1,5
1,2,0,0.356570959091,0.45,-2,5
2,2,1,0.296449899673,0.45,1,5
3,3,1,0.226945877075,0.45,1,5
1,1,1,0.300972938538,0.45,1,5
3,2,0,0.289732933044,0.45,-2,5
0,0,1,0.38912820816,0.45,1,5
3,3,1,0.355776071548,0.45,1,5
0,0,1,0.365174770355,0.45,1,5
1,1,1,0.359801054001,0.45,1,5
2,2,1,0.332620859146,0.45,1,5
0,0,1,0.32563996315,0.45,1,5
2,2,1,0.450757026672,0.45,-1,5
1,0,0,0.316715955734,0.45,-2,5
0,0,1,0.433648109436,0.45,1,5
3,3,1,0.361646175385,0.45,1,5
2,2,1,0.381227016449,0.45,1,5
3,3,1,0.404174804688,0.45,1,5
1,0,0,0.387194871902,0.45,-2,5
3,3,1,0.400351047516,0.45,1,5
3,3,1,0.41844701767,0.45,1,6
0,0,1,0.297874927521,0.45,1,6
1,1,1,0.309960126877,0.45,1,6
2,2,1,0.28395318985,0.45,1,6
1,1,1,0.316647052765,0.45,1,6
0,0,1,0.313759803772,0.45,1,6
2,2,1,0.266625165939,0.45,1,6
3,3,1,0.366547107697,0.45,1,6
2,2,1,0.37842798233,0.45,1,6
0,0,1,0.311264038086,0.45,1,6
3,3,1,0.362001895905,0.45,1,6
1,1,1,0.340734958649,0.45,1,6
3,2,0,0.328954935074,0.45,-2,6
1,1,1,0.329791069031,0.45,1,6
0,0,1,0.30361199379,0.45,1,6
2,2,1,0.2959420681,0.45,1,6
1,1,1,0.339862823486,0.45,1,6
2,2,1,0.344289064407,0.45,1,6
0,0,1,0.333249092102,0.45,1,6
1,1,1,0.317898988724,0.45,1,6
3,2,0,0.289955854416,0.45,-2,6
0,0,1,0.30903506279,0.45,1,6
3,3,1,0.33673286438,0.45,1,6
2,2,1,0.405493974686,0.45,1,6
3,3,1,0.384173154831,0.45,1,6
0,0,1,0.380109786987,0.45,1,6
2,2,1,0.379983901978,0.45,1,6
1,1,1,0.336287021637,0.45,1,6
2,2,1,0.389568090439,0.45,1,6
0,0,1,0.30969619751,0.45,1,6
1,1,1,0.356398105621,0.45,1,6
0,0,1,0.380213022232,0.45,1,6
3,3,1,0.304407119751,0.45,1,6
2,2,1,0.340450048447,0.45,1,6
3,3,1,0.393469810486,0.45,1,6
1,1,1,0.339554786682,0.45,1,6
3,2,0,0.300135135651,0.45,-2,6
0,0,1,0.350844860077,0.45,1,6
1,1,1,0.39448595047,0.45,1,6
2,2,1,0.408789157867,0.45,1,6
0,0,1,0.339772224426,0.45,1,6
2,2,1,0.316684007645,0.45,1,6
1,1,1,0.266707897186,0.45,1,6
3,3,1,0.292012214661,0.45,1,6
1,1,1,0.313982963562,0.45,1,6
0,0,1,0.276576042175,0.45,1,6
3,2,0,0.238310813904,0.45,-2,6
2,2,1,0.361491918564,0.45,1,6
3,3,1,0.391329050064,0.45,1,6
2,2,1,0.344407081604,0.45,1,6
0,0,1,0.331385135651,0.45,1,6
1,1,1,0.344789028168,0.45,1,6
2,2,1,0.306570053101,0.45,1,6
1,1,1,0.302273035049,0.45,1,6
0,0,1,0.312306880951,0.45,1,6
3,3,1,0.25293803215,0.45,1,6
0,0,1,0.343719005585,0.45,1,6
2,2,1,0.402142047882,0.45,1,6
3,3,1,0.341217041016,0.45,1,6
1,1,1,0.31328701973,0.45,1,6
3,3,1,0.365782976151,0.45,1,6
1,1,1,0.335206985474,0.45,1,6
0,0,1,0.297075986862,0.45,1,6
2,2,1,0.391533136368,0.45,1,6
1,1,1,0.311804056168,0.45,1,6
2,2,1,0.32311296463,0.45,1,6
0,0,1,0.318040132523,0.45,1,6
3,3,1,0.268121957779,0.45,1,6
2,2,1,0.340931892395,0.45,1,6
3,3,1,0.409373044968,0.45,1,6
0,0,1,0.388761997223,0.45,1,6
1,1,1,0.35311794281,0.45,1,6
3,3,1,0.323907136917,0.45,1,6
0,0,1,0.342493057251,0.45,1,6
2,2,1,0.321003198624,0.45,1,6
1,1,1,0.343069076538,0.45,1,6
0,0,1,0.374628782272,0.45,1,6
1,1,1,0.373474121094,0.45,1,6
2,2,1,0.316713094711,0.45,1,6
3,3,1,0.299279928207,0.45,1,6
1,1,1,0.315069913864,0.45,1,6
3,2,0,0.354393959045,0.45,-2,6
2,2,1,0.324619054794,0.45,1,6
0,0,1,0.376902103424,0.45,1,6
3,3,1,0.359791040421,0.45,1,6
1,1,1,0.302713871002,0.45,1,6
0,0,1,0.33062505722,0.45,1,6
2,2,1,0.322268009186,0.45,1,6
0,0,1,0.344413042068,0.45,1,6
1,1,1,0.312545061111,0.45,1,6
2,2,1,0.331952095032,0.45,1,6
3,3,1,0.296746969223,0.45,1,6
0,0,1,0.333689928055,0.45,1,6
3,3,1,0.391865968704,0.45,1,6
2,2,1,0.380630016327,0.45,1,6
1,1,1,0.31694483757,0.45,1,6
3,3,1,0.378582954407,0.45,1,6
2,2,1,0.357078075409,0.45,1,6
1,1,1,0.353483915329,0.45,1,6
0,0,1,0.305500030518,0.45,1,6
1,1,1,0.279017925262,0.45,1,6
2,3,0,0.264275074005,0.45,-2,6
0,0,1,0.366713047028,0.45,1,6
3,3,1,0.366793870926,0.45,1,6
0,0,1,0.36137008667,0.45,1,6
2,2,1,0.352117061615,0.45,1,6
3,3,1,0.33873796463,0.45,1,6
1,1,1,0.324076890945,0.45,1,6
3,3,1,0.367480039597,0.45,1,6
2,2,1,0.340611934662,0.45,1,6
0,1,0,0.303661108017,0.45,-2,6
1,1,1,0.292090892792,0.45,1,6
0,0,1,0.406728982925,0.45,1,6
2,2,1,0.439836025238,0.45,1,6
1,1,1,0.339941978455,0.45,1,6
2,2,1,0.341920852661,0.45,1,6
3,3,1,0.307667016983,0.45,1,6
1,1,1,0.264151096344,0.45,1,6
3,0,0,0.23358798027,0.45,-2,6
0,0,1,0.27827501297,0.45,1,6
3,2,0,0.297086000443,0.45,-2,6
2,2,1,0.403378009796,0.45,1,6
1,1,1,0.335235834122,0.45,1,6
0,0,1,0.29664182663,0.45,1,6
2,2,1,0.363168001175,0.45,1,6
0,0,1,0.447537183762,0.45,1,6
1,1,1,0.421016931534,0.45,1,6
2,2,1,0.35005903244,0.45,1,6
3,3,1,0.263620853424,0.45,1,6
0,0,1,0.301764011383,0.45,1,6
3,3,1,0.343831777573,0.45,1,6
1,1,1,0.396855115891,0.45,1,6
3,2,0,0.342629909515,0.45,-2,6
0,0,1,0.3442029953,0.45,1,6
2,2,1,0.410970926285,0.45,1,6
1,1,1,0.382730960846,0.45,1,6
2,2,1,0.3704829216,0.45,1,6
0,0,1,0.351166963577,0.45,1,6
1,1,1,0.457868099213,0.45,-1,6
3,3,1,0.365582942963,0.45,1,6
2,2,1,0.369879007339,0.45,1,6
3,3,1,0.461198091507,0.45,-1,6
1,2,0,0.397624015808,0.45,-2,6
0,0,1,0.388090133667,0.45,1,6
3,2,0,0.462260961533,0.45,-2,6
1,1,1,0.472044944763,0.45,-1,6
2,2,1,0.405652999878,0.45,1,6
0,0,1,0.366770982742,0.45,1,6
2,3,0,0.313626766205,0.45,-2,6
1,2,0,0.335091114044,0.45,-2,6
0,0,1,0.408910989761,0.45,1,6
3,3,1,0.340069055557,0.45,1,6
0,0,1,0.366647005081,0.45,1,6
1,1,1,0.313280820847,0.45,1,6
3,3,1,0.358911991119,0.45,1,6
2,2,1,0.323190927505,0.45,1,6
3,3,1,0.395518064499,0.45,1,6
2,2,1,0.413188934326,0.45,1,6
1,1,1,0.379314899445,0.45,1,6
0,0,1,0.326496124268,0.45,1,6
1,1,1,0.344216823578,0.45,1,6
2,2,1,0.340476989746,0.45,1,6
0,0,1,0.362171888351,0.45,1,6
2,2,1,0.323940992355,0.45,1,6
3,3,1,0.271040916443,0.45,1,6
0,0,1,0.32323718071,0.45,1,6
3,2,0,0.301669120789,0.45,-2,6
1,1,1,0.306845903397,0.45,1,6
3,3,1,0.370366096497,0.45,1,6
0,0,1,0.358659029007,0.45,1,6
2,2,1,0.362854003906,0.45,1,6
1,1,1,0.350486040115,0.45,1,6
2,2,1,0.335373878479,0.45,1,6
0,0,1,0.274337053299,0.45,1,6
1,1,1,0.342095136642,0.45,1,6
0,0,1,0.371075153351,0.45,1,6
3,3,1,0.358364105225,0.45,1,6
2,2,1,0.371224880219,0.45,1,6
3,3,1,0.371098041534,0.45,1,6
1,1,1,0.350172996521,0.45,1,6
3,2,0,0.401365041733,0.45,-2,6
0,0,1,0.376104831696,0.45,1,6
2,1,0,0.359987974167,0.45,-2,6
1,1,1,0.413427829742,0.45,1,6
0,0,1,0.400242090225,0.45,1,6
1,1,1,0.420321941376,0.45,1,6
2,2,1,0.421576023102,0.45,1,6
0,0,1,0.355235099792,0.45,1,6
3,3,1,0.454605102539,0.45,-1,6
2,2,1,0.423249006271,0.45,1,6
3,3,1,0.411013841629,0.45,1,6
1,1,1,0.36661195755,0.45,1,6
3,3,1,0.364057064056,0.45,1,6
0,1,0,0.354948997498,0.45,-2,6
1,1,1,0.329854011536,0.45,1,6
2,2,1,0.436142921448,0.45,1,6
0,0,1,0.360044956207,0.45,1,6
2,1,0,0.368818998337,0.45,-2,6
1,1,1,0.381343126297,0.45,1,6
0,0,1,0.318993806839,0.45,1,6
3,3,1,0.349996089935,0.45,1,6
2,2,1,0.392333984375,0.45,1,6
3,3,1,0.427769899368,0.45,1,6
1,1,1,0.42440700531,0.45,1,6
3,3,1,0.345263004303,0.45,1,6
0,0,1,0.358449220657,0.45,1,6
2,2,1,0.391394853592,0.45,1,6
1,1,1,0.355251789093,0.45,1,6
0,0,1,0.320052862167,0.45,1,6
1,1,1,0.312523126602,0.45,1,6
2,2,1,0.283154964447,0.45,1,6
3,3,1,0.305639028549,0.45,1,6
1,0,0,0.241516113281,0.45,-2,6
3,3,1,0.396022796631,0.45,1,6
2,2,1,0.441189050674,0.45,1,6
0,0,1,0.382757902145,0.45,1,6
3,3,1,0.39058804512,0.45,1,6
0,0,1,0.500108003616,0.45,-1,7
2,2,1,0.395771026611,0.45,1,7
1,1,1,0.303349971771,0.45,1,7
3,3,1,0.307543992996,0.45,1,7
2,2,1,0.361878156662,0.45,1,7
3,3,1,0.348868131638,0.45,1,7
1,1,1,0.320649862289,0.45,1,7
0,0,1,0.287730932236,0.45,1,7
3,3,1,0.33432507515,0.45,1,7
0,0,1,0.330043077469,0.45,1,7
1,1,1,0.323317050934,0.45,1,7
2,2,1,0.328382968903,0.45,1,7
0,0,1,0.328770875931,0.45,1,7
2,2,1,0.364456176758,0.45,1,7
1,1,1,0.319091081619,0.45,1,7
3,3,1,0.297914981842,0.45,1,7
1,0,0,0.286028862,0.45,-2,7
2,3,0,0.354379177094,0.45,-2,7
3,3,1,0.420216083527,0.45,1,7
2,2,1,0.400892972946,0.45,1,7
0,0,1,0.354521989822,0.45,1,7
1,1,1,0.333253145218,0.45,1,7
0,0,1,0.380756139755,0.45,1,7
3,3,1,0.382643938065,0.45,1,7
0,0,1,0.385076999664,0.45,1,7
2,2,1,0.332777023315,0.45,1,7
1,1,1,0.301739931107,0.45,1,7
3,3,1,0.28435087204,0.45,1,7
2,2,1,0.360063076019,0.45,1,7
3,3,1,0.36056303978,0.45,1,7
1,1,1,0.300620079041,0.45,1,7
2,2,1,0.305526018143,0.45,1,7
0,0,1,0.314913034439,0.45,1,7
1,2,0,0.284403085709,0.45,-2,7
0,0,1,0.386234998703,0.45,1,7
3,3,1,0.338958024979,0.45,1,7
0,0,1,0.375061035156,0.45,1,7
2,2,1,0.313044071198,0.45,1,7
1,1,1,0.268431901932,0.45,1,7
3,3,1,0.304561853409,0.45,1,7
1,0,0,0.283883094788,0.45,-2,7
2,2,1,0.368454933167,0.45,1,7
3,3,1,0.464656114578,0.45,-1,7
0,0,1,0.388469934464,0.45,1,7
3,3,1,0.436155080795,0.45,1,7
2,2,1,0.375178813934,0.45,1,7
0,0,1,0.327713012695,0.45,1,7
1,1,1,0.314419031143,0.45,1,7
0,0,1,0.375603914261,0.45,1,7
1,1,1,0.337453842163,0.45,1,7
3,3,1,0.275932073593,0.45,1,7
2,2,1,0.296903848648,0.45,1,7
1,1,1,0.275399923325,0.45,1,7
2,2,1,0.353166103363,0.45,1,7
3,3,1,0.364506006241,0.45,1,7
1,1,1,0.293977975845,0.45,1,7
0,0,1,0.256455183029,0.45,1,7
2,2,1,0.275392055511,0.45,1,7
0,1,0,0.342918872833,0.45,-2,7
3,3,1,0.428714990616,0.45,1,7
0,0,1,0.381263017654,0.45,1,7
1,1,1,0.337734937668,0.45,1,7
2,2,1,0.30758690834,0.45,1,7
3,3,1,0.327875137329,0.45,1,7
2,2,1,0.363407850266,0.45,1,7
1,1,1,0.310707807541,0.45,1,7
3,2,0,0.314254045486,0.45,-2,7
1,0,0,0.349944829941,0.45,-2,7
0,0,1,0.354295969009,0.45,1,7
2,2,1,0.315264940262,0.45,1,7
0,0,1,0.520024061203,0.45,-1,7
3,3,1,0.417828083038,0.45,1,7
0,0,1,0.374236106873,0.45,1,7
2,2,1,0.321249008179,0.45,1,7
1,1,1,0.308063983917,0.45,1,7
3,3,1,0.312231063843,0.45,1,7
2,2,1,0.323127031326,0.45,1,7
3,3,1,0.383114099503,0.45,1,7
1,0,0,0.406221866608,0.45,-2,7
0,0,1,0.397747039795,0.45,1,7
3,3,1,0.358006000519,0.45,1,7
0,0,1,0.385437011719,0.45,1,7
1,1,1,0.382185220718,0.45,1,7
2,2,1,0.384691953659,0.45,1,7
0,0,1,0.349023103714,0.45,1,7
2,2,1,0.400890111923,0.45,1,7
1,1,1,0.370694875717,0.45,1,7
3,3,1,0.340223073959,0.45,1,7
2,2,1,0.384382009506,0.45,1,7
3,3,1,0.445117950439,0.45,1,7
1,0,0,0.390875101089,0.45,-2,7
0,0,1,0.357232093811,0.45,1,7
3,3,1,0.344689130783,0.45,1,7
0,0,1,0.338170051575,0.45,1,7
1,1,1,0.325645923615,0.45,1,7
2,2,1,0.34311914444,0.45,1,7
0,0,1,0.339736938477,0.45,1,7
3,3,1,0.422065019608,0.45,1,7
1,1,1,0.361533164978,0.45,1,7
2,2,1,0.315390110016,0.45,1,7
1,-1,0,0.7,0.45,-2,7
3,1,0,0.0177969932556,0.45,-2,7
2,1,0,0.317613124847,0.45,-2,7
3,3,1,0.456819057465,0.45,-1,7
0,0,1,0.391113042831,0.45,1,7
1,1,1,0.320027112961,0.45,1,7
0,0,1,0.346354007721,0.45,1,7
2,2,1,0.366501092911,0.45,1,7
0,1,0,0.394253015518,0.45,-2,7
2,1,0,0.423461914062,0.45,-2,7
3,3,1,0.400838851929,0.45,1,7
1,1,1,0.362398147583,0.45,1,7
2,2,1,0.358608007431,0.45,1,7
1,1,1,0.385061979294,0.45,1,7
3,3,1,0.375395059586,0.45,1,7
0,0,1,0.330796957016,0.45,1,7
1,1,1,0.324070930481,0.45,1,7
0,0,1,0.335657835007,0.45,1,7
3,3,1,0.37162399292,0.45,1,7
2,2,1,0.357656955719,0.45,1,7
0,0,1,0.362363100052,0.45,1,7
2,2,1,0.33182311058,0.45,1,7
1,1,1,0.362136125565,0.45,1,7
3,3,1,0.362363100052,0.45,1,7
1,0,0,0.301556825638,0.45,-2,7
2,2,1,0.321151018143,0.45,1,7
3,3,1,0.334542036057,0.45,1,7
2,2,1,0.342081069946,0.45,1,7
0,0,1,0.394755840302,0.45,1,7
1,1,1,0.325553894043,0.45,1,7
0,0,1,0.344248056412,0.45,1,7
3,3,1,0.342295885086,0.45,1,7
0,0,1,0.343135118484,0.45,1,7
3,3,1,0.330337047577,0.45,1,7
2,2,1,0.317373037338,0.45,1,7
1,1,1,0.340719938278,0.45,1,7
2,2,1,0.367501020432,0.45,1,7
3,3,1,0.338042020798,0.45,1,7
1,1,1,0.298617839813,0.45,1,7
0,0,1,0.200822114944,0.45,1,7
1,0,0,0.379016160965,0.45,-2,7
3,2,0,0.326391220093,0.45,-2,7
0,0,1,0.424892902374,0.45,1,7
2,2,1,0.37183713913,0.45,1,7
0,0,1,0.440089941025,0.45,1,7
3,3,1,0.354588985443,0.45,1,7
1,1,1,0.31867313385,0.45,1,7
2,2,1,0.279860973358,0.45,1,7
3,3,1,0.324795007706,0.45,1,7
2,2,1,0.392247915268,0.45,1,7
1,1,1,0.338691949844,0.45,1,7
3,3,1,0.340447902679,0.45,1,7
0,0,1,0.298345088959,0.45,1,7
2,1,0,0.292078018188,0.45,-2,7
0,1,0,0.328619003296,0.45,-2,7
1,1,1,0.387936830521,0.45,1,7
0,0,1,0.374269008636,0.45,1,7
1,1,1,0.337694168091,0.45,1,7
2,2,1,0.3252389431,0.45,1,7
3,3,1,0.304188966751,0.45,1,7
1,1,1,0.285097837448,0.45,1,7
3,2,0,0.304436922073,0.45,-2,7
2,2,1,0.322242975235,0.45,1,7
0,0,1,0.310266017914,0.45,1,7
2,2,1,0.343255996704,0.45,1,7
1,1,1,0.317446947098,0.45,1,7
0,0,1,0.326663970947,0.45,1,7
3,3,1,0.379457950592,0.45,1,7
0,0,1,0.375262975693,0.45,1,7
2,2,1,0.354429006577,0.45,1,7
3,3,1,0.333378076553,0.45,1,7
1,1,1,0.3277759552,0.45,1,7
3,3,1,0.340077161789,0.45,1,7
2,2,1,0.324243068695,0.45,1,7
1,1,1,0.307272911072,0.45,1,7
0,0,1,0.298820018768,0.45,1,7
1,1,1,0.312751054764,0.45,1,7
2,2,1,0.331902980804,0.45,1,7
0,0,1,0.350788831711,0.45,1,7
3,3,1,0.304553985596,0.45,1,7
0,0,1,0.374233961105,0.45,1,7
1,1,1,0.370092153549,0.45,1,7
2,2,1,0.309801101685,0.45,1,7
3,3,1,0.334420919418,0.45,1,7
2,2,1,0.296444177628,0.45,1,7
1,1,1,0.292341947556,0.45,1,7
3,3,1,0.305632829666,0.45,1,7
1,1,1,0.321452140808,0.45,1,7
0,0,1,0.287753820419,0.45,1,7
3,2,0,0.296432971954,0.45,-2,7
0,0,1,0.334830999374,0.45,1,7
2,2,1,0.330126047134,0.45,1,7
0,0,1,0.361536979675,0.45,1,7
2,2,1,0.45469212532,0.45,-1,7
1,1,1,0.417979001999,0.45,1,7
3,3,1,0.324200868607,0.45,1,7
2,0,0,0.290431022644,0.45,-2,7
3,2,0,0.260067939758,0.45,-2,7
1,1,1,0.327357053757,0.45,1,7
2,2,1,0.337026119232,0.45,1,7
0,0,1,0.324599027634,0.45,1,7
1,1,1,0.313350915909,0.45,1,7
0,0,1,0.396650075912,0.45,1,7
3,3,1,0.337873935699,0.45,1,7
0,1,0,0.352887153625,0.45,-2,7
1,1,1,0.359227180481,0.45,1,7
3,3,1,0.377225875854,0.45,1,7
2,2,1,0.406180858612,0.45,1,7
1,1,1,0.350911140442,0.45,1,7
2,2,1,0.354983091354,0.45,1,7
3,3,1,0.303740024567,0.45,1,7
0,0,1,0.283727884293,0.45,1,7
2,2,1,0.389318943024,0.45,1,7
0,0,1,0.337978124619,0.45,1,7
3,2,0,0.299350976944,0.45,-2,7
1,1,1,0.263730049133,0.45,1,7
0,0,1,0.298040151596,0.45,1,7
