probe,press,accuracy,rt,threshold,score,run_num
1,1,1,0.473176956177,0.45,-1,0
0,0,1,0.355391979218,0.45,1,0
2,2,1,0.373034954071,0.45,1,0
3,3,1,0.31510591507,0.45,1,0
2,2,1,0.375993967056,0.45,1,0
0,0,1,0.346095085144,0.45,1,0
3,3,1,0.315510034561,0.45,1,0
0,0,1,0.374631166458,0.45,1,0
1,1,1,0.426599979401,0.45,1,0
3,3,1,0.382311105728,0.45,1,0
1,1,1,0.378165006638,0.45,1,0
2,3,0,0.374325037003,0.45,-2,0
1,1,1,0.463569879532,0.45,-1,0
3,3,1,0.370754957199,0.45,1,0
2,2,1,0.431921958923,0.45,1,0
0,0,1,0.343631982803,0.45,1,0
2,2,1,0.46804189682,0.45,-1,0
3,3,1,0.373856067657,0.45,1,0
0,0,1,0.321783065796,0.45,1,0
1,1,1,0.486770153046,0.45,-1,0
0,0,1,0.466765165329,0.45,-1,0
3,3,1,0.395812034607,0.45,1,0
1,1,1,0.393320083618,0.45,1,0
2,2,1,0.421322107315,0.45,1,0
1,0,0,0.388474941254,0.45,-2,0
3,3,1,0.376739025116,0.45,1,0
2,2,1,0.470407009125,0.45,-1,0
0,0,1,0.375722885132,0.45,1,0
2,2,1,0.332812070847,0.45,1,0
3,3,1,0.278753995895,0.45,1,0
0,0,1,0.300502061844,0.45,1,0
1,1,1,0.429735898972,0.45,1,0
0,0,1,0.446923017502,0.45,1,0
3,3,1,0.469368934631,0.45,-1,0
1,1,1,0.470575094223,0.45,-1,0
2,2,1,0.330099105835,0.45,1,0
1,1,1,0.41268992424,0.45,1,0
0,0,1,0.377663850784,0.45,1,0
3,3,1,0.294353961945,0.45,1,0
2,2,1,0.349987983704,0.45,1,0
0,0,1,0.297527074814,0.45,1,0
2,2,1,0.327574014664,0.45,1,0
3,3,1,0.39977312088,0.45,1,0
1,1,1,0.308306932449,0.45,1,0
2,3,0,0.329875946045,0.45,-2,0
1,1,1,0.468757867813,0.45,-1,0
3,2,0,0.389919996262,0.45,-2,0
0,0,1,0.490834951401,0.45,-1,0
1,1,1,0.453644037247,0.45,-1,0
0,-1,0,0.7,0.45,-2,0
3,0,0,0.0358078479767,0.45,-2,0
2,2,1,0.567958116531,0.45,-1,0
3,3,1,0.401466846466,0.45,1,0
0,0,1,0.340842008591,0.45,1,0
2,2,1,0.361737012863,0.45,1,0
1,1,1,0.458593130112,0.45,-1,0
3,3,1,0.376762151718,0.45,1,0
1,1,1,0.298119068146,0.45,1,0
2,2,1,0.318464040756,0.45,1,0
0,0,1,0.343117952347,0.45,1,0
1,1,1,0.435925960541,0.45,1,0
2,2,1,0.425009012222,0.45,1,0
3,3,1,0.360326051712,0.45,1,0
0,0,1,0.326638936996,0.45,1,0
3,3,1,0.337023019791,0.45,1,0
2,2,1,0.354914903641,0.45,1,0
0,0,1,0.334913015366,0.45,1,0
1,1,1,0.461342096329,0.45,-1,0
0,0,1,0.437582015991,0.45,1,0
2,2,1,0.401170969009,0.45,1,0
1,1,1,0.342818975449,0.45,1,0
3,3,1,0.350031137466,0.45,1,0
1,1,1,0.372168064117,0.45,1,0
3,3,1,0.351126909256,0.45,1,0
0,0,1,0.331027984619,0.45,1,0
2,2,1,0.365921974182,0.45,1,0
0,0,1,0.352150917053,0.45,1,0
3,3,1,0.301031112671,0.45,1,0
2,2,1,0.374382019043,0.45,1,0
1,1,1,0.386859893799,0.45,1,0
2,2,1,0.412281036377,0.45,1,0
3,3,1,0.489199876785,0.45,-1,0
1,1,1,0.402395963669,0.45,1,0
0,0,1,0.3265209198,0.45,1,0
1,1,1,0.387692928314,0.45,1,0
2,2,1,0.419842004776,0.45,1,0
0,0,1,0.370182037354,0.45,1,0
3,3,1,0.379055976868,0.45,1,0
2,2,1,0.49494600296,0.45,-1,0
3,3,1,0.500662088394,0.45,-1,0
0,0,1,0.423982858658,0.45,1,0
2,2,1,0.39235496521,0.45,1,0
1,1,1,0.341145038605,0.45,1,0
3,3,1,0.325267076492,0.45,1,0
1,1,1,0.345172166824,0.45,1,0
0,0,1,0.365754842758,0.45,1,0
1,1,1,0.409749031067,0.45,1,0
3,3,1,0.371515035629,0.45,1,0
0,0,1,0.313940048218,0.45,1,0
2,2,1,0.290673971176,0.45,1,0
3,3,1,0.312299966812,0.45,1,0
2,2,1,0.41765499115,0.45,1,0
0,0,1,0.382499933243,0.45,1,0
1,1,1,0.352710962296,0.45,1,0
0,0,1,0.442620038986,0.45,1,0
3,3,1,0.422782897949,0.45,1,0
1,1,1,0.38726401329,0.45,1,0
2,2,1,0.427798032761,0.45,1,0
1,1,1,0.505283117294,0.45,-1,0
3,3,1,0.428766012192,0.45,1,0
2,2,1,0.599172830582,0.45,-1,0
0,0,1,0.370224952698,0.45,1,0
2,2,1,0.422537088394,0.45,1,0
3,3,1,0.353928804398,0.45,1,0
0,0,1,0.341557025909,0.45,1,0
3,3,1,0.344041824341,0.45,1,0
1,1,1,0.321176052094,0.45,1,0
0,0,1,0.356662034988,0.45,1,0
1,1,1,0.442852020264,0.45,1,0
2,2,1,0.604473114014,0.45,-1,0
1,0,0,0.441559076309,0.45,-2,0
3,3,1,0.396337985992,0.45,1,0
0,0,1,0.342731952667,0.45,1,0
2,2,1,0.402292966843,0.45,1,0
3,3,1,0.404675960541,0.45,1,0
2,2,1,0.583692073822,0.45,-1,0
0,0,1,0.38466501236,0.45,1,0
1,1,1,0.342460155487,0.45,1,0
2,1,0,0.408803939819,0.45,-2,0
1,1,1,0.443455934525,0.45,1,0
0,0,1,0.511758089066,0.45,-1,0
3,3,1,0.418724775314,0.45,1,0
1,1,1,0.316781044006,0.45,1,0
0,0,1,0.321408987045,0.45,1,0
2,2,1,0.325129032135,0.45,1,0
3,3,1,0.305902004242,0.45,1,0
2,2,1,0.340167999268,0.45,1,0
0,0,1,0.393164873123,0.45,1,0
3,3,1,0.443566083908,0.45,1,0
0,0,1,0.420716047287,0.45,1,0
1,0,0,0.546653032303,0.45,-2,0
2,2,1,0.501655817032,0.45,-1,0
1,1,1,0.448704957962,0.45,1,0
3,3,1,0.346503019333,0.45,1,0
1,1,1,0.32737994194,0.45,1,0
3,3,1,0.369029045105,0.45,1,0
0,0,1,0.501852989197,0.45,-1,0
2,2,1,0.397345066071,0.45,1,0
0,0,1,0.396974086761,0.45,1,0
3,3,1,0.303622961044,0.45,1,0
2,2,1,0.37714099884,0.45,1,0
3,3,1,0.410161972046,0.45,1,0
1,1,1,0.455150842667,0.45,-1,0
0,0,1,0.338315010071,0.45,1,0
1,0,0,0.445860862732,0.45,-2,0
2,2,1,0.415644168854,0.45,1,0
1,1,1,0.476197004318,0.45,-1,0
0,0,1,0.342403173447,0.45,1,0
2,1,0,0.409296035767,0.45,-2,0
3,3,1,0.341135025024,0.45,1,0
0,0,1,0.347641944885,0.45,1,0
3,2,0,0.388082027435,0.45,-2,0
2,3,0,0.56264090538,0.45,-2,0
1,1,1,0.603548765182,0.45,-1,0
2,2,1,0.472337961197,0.45,-1,0
0,0,1,0.434178113937,0.45,1,0
1,1,1,0.394931077957,0.45,1,0
3,3,1,0.334314107895,0.45,1,0
1,1,1,0.401813983917,0.45,1,0
3,3,1,0.375475883484,0.45,1,0
0,0,1,0.476115942001,0.45,-1,0
2,2,1,0.41952419281,0.45,1,0
0,0,1,0.423119068146,0.45,1,0
3,3,1,0.38104891777,0.45,1,0
2,2,1,0.431979894638,0.45,1,0
3,3,1,0.43457198143,0.45,1,0
1,1,1,0.439838171005,0.45,1,0
0,0,1,0.383427143097,0.45,1,0
1,1,1,0.597110033035,0.45,-1,0
2,2,1,0.470141887665,0.45,-1,0
1,0,0,0.436862945557,0.45,-2,0
0,0,1,0.423784017563,0.45,1,0
2,2,1,0.411838769913,0.45,1,0
3,3,1,0.348436832428,0.45,1,0
0,0,1,0.368100166321,0.45,1,0
3,3,1,0.397219181061,0.45,1,0
2,2,1,0.308837890625,0.45,1,0
0,0,1,0.282464981079,0.45,1,0
1,1,1,0.477087020874,0.45,-1,0
2,2,1,0.42196893692,0.45,1,0
1,1,1,0.547944068909,0.45,-1,0
3,3,1,0.398173093796,0.45,1,0
1,1,1,0.489166975021,0.45,-1,0
0,0,1,0.391247034073,0.45,1,0
2,2,1,0.369239091873,0.45,1,0
3,3,1,0.337827920914,0.45,1,0
0,0,1,0.391139984131,0.45,1,0
3,3,1,0.347112894058,0.45,1,0
2,2,1,0.396786928177,0.45,1,0
0,0,1,0.369850873947,0.45,1,0
1,1,1,0.331406116486,0.45,1,0
2,1,0,0.416814088821,0.45,-2,0
1,1,1,0.460667848587,0.45,-1,0
3,3,1,0.462439060211,0.45,-1,0
1,1,1,0.375249147415,0.45,1,0
0,0,1,0.39683008194,0.45,1,0
3,3,1,0.399592876434,0.45,1,0
2,2,1,0.52955698967,0.45,-1,0
0,0,1,0.469944000244,0.45,-1,0
2,2,1,0.43342089653,0.45,1,0
3,3,1,0.466387987137,0.45,-1,0
0,0,1,0.430759906769,0.45,1,0
1,1,1,0.385128974915,0.45,1,0
3,2,0,0.317471027374,0.45,-2,0
1,1,1,0.450387001038,0.45,-1,0
2,2,1,0.482956171036,0.45,-1,0
1,1,1,0.50461602211,0.45,-1,0
3,3,1,0.471076965332,0.45,-1,1
0,0,1,0.367630958557,0.45,1,1
1,1,1,0.37264084816,0.45,1,1
2,2,1,0.337756872177,0.45,1,1
1,1,1,0.404334068298,0.45,1,1
0,0,1,0.374461889267,0.45,1,1
2,2,1,0.366942882538,0.45,1,1
3,3,1,0.382043123245,0.45,1,1
2,2,1,0.560926914215,0.45,-1,1
0,0,1,0.426995038986,0.45,1,1
3,3,1,0.429538011551,0.45,1,1
1,1,1,0.345181941986,0.45,1,1
3,3,1,0.355038166046,0.45,1,1
0,0,1,0.377390861511,0.45,1,1
1,1,1,0.379337072372,0.45,1,1
2,2,1,0.389539003372,0.45,1,1
1,1,1,0.506515026093,0.45,-1,1
0,0,1,0.394530057907,0.45,1,1
2,2,1,0.375545024872,0.45,1,1
0,0,1,0.361101865768,0.45,1,1
3,3,1,0.366405010223,0.45,1,1
2,2,1,0.547343969345,0.45,-1,1
3,3,1,0.55779504776,0.45,-1,1
1,1,1,0.433389186859,0.45,1,1
3,3,1,0.356881141663,0.45,1,1
2,2,1,0.400364875793,0.45,1,1
1,1,1,0.522685050964,0.45,-1,1
0,0,1,0.492722034454,0.45,-1,1
2,2,1,0.478847980499,0.45,-1,1
0,0,1,0.414105892181,0.45,1,1
1,1,1,0.406957149506,0.45,1,1
3,3,1,0.330343961716,0.45,1,1
1,1,1,0.388447999954,0.45,1,1
2,2,1,0.344470977783,0.45,1,1
3,3,1,0.414240837097,0.45,1,1
0,0,1,0.357002973557,0.45,1,1
3,3,1,0.339303970337,0.45,1,1
1,1,1,0.365988969803,0.45,1,1
0,0,1,0.40904211998,0.45,1,1
2,2,1,0.4145591259,0.45,1,1
1,1,1,0.454347133636,0.45,-1,1
2,-1,0,0.7,0.45,-2,1
0,0,1,0.471749067307,0.45,-1,1
3,3,1,0.393871068954,0.45,1,1
0,0,1,0.485237121582,0.45,-1,1
1,1,1,0.406852006912,0.45,1,1
3,3,1,0.365639209747,0.45,1,1
2,2,1,0.416569948196,0.45,1,1
3,3,1,0.449136972427,0.45,1,1
1,1,1,0.413295030594,0.45,1,1
0,0,1,0.473174095154,0.45,-1,1
2,2,1,0.533581972122,0.45,-1,1
1,1,1,0.472823858261,0.45,-1,1
2,2,1,0.514147996902,0.45,-1,1
0,0,1,0.467892169952,0.45,-1,1
3,3,1,0.432316064835,0.45,1,1
2,2,1,0.436034917831,0.45,1,1
3,3,1,0.430017948151,0.45,1,1
0,0,1,0.487895011902,0.45,-1,1
1,1,1,0.477957963943,0.45,-1,1
3,3,1,0.510853052139,0.45,-1,1
0,0,1,0.394176006317,0.45,1,1
1,1,1,0.342400074005,0.45,1,1
2,2,1,0.346888065338,0.45,1,1
1,1,1,0.535259008408,0.45,-1,1
0,0,1,0.368660926819,0.45,1,1
2,2,1,0.34285902977,0.45,1,1
0,-1,0,0.7,0.45,-2,1
3,0,0,0.0578019618988,0.45,-2,1
2,2,1,0.624617815018,0.45,-1,1
3,3,1,0.424676179886,0.45,1,1
1,1,1,0.562513113022,0.45,-1,1
3,3,1,0.433403015137,0.45,1,1
0,0,1,0.385030984879,0.45,1,1
2,3,0,0.310193061829,0.45,-2,1
1,1,1,0.473472118378,0.45,-1,1
2,2,1,0.446104049683,0.45,1,1
0,0,1,0.528822898865,0.45,-1,1
1,1,1,0.413122177124,0.45,1,1
0,0,1,0.576014041901,0.45,-1,1
3,3,1,0.433454990387,0.45,1,1
1,1,1,0.342247009277,0.45,1,1
3,3,1,0.360855817795,0.45,1,1
2,2,1,0.563377857208,0.45,-1,1
3,3,1,0.445353984833,0.45,1,1
1,1,1,0.435628175735,0.45,1,1
2,2,1,0.427479028702,0.45,1,1
0,0,1,0.431571006775,0.45,1,1
2,2,1,0.524508953094,0.45,-1,1
1,1,1,0.417322158813,0.45,1,1
0,0,1,0.547955036163,0.45,-1,1
1,1,1,0.647270917892,0.45,-1,1
3,3,1,0.458975076675,0.45,-1,1
2,2,1,0.466825962067,0.45,-1,1
3,3,1,0.486499071121,0.45,-1,1
0,0,1,0.381206989288,0.45,1,1
3,3,1,0.360248804092,0.45,1,1
2,2,1,0.451140880585,0.45,-1,1
1,1,1,0.37406206131,0.45,1,1
0,0,1,0.337934970856,0.45,1,1
2,2,1,0.340027093887,0.45,1,1
0,0,1,0.38322687149,0.45,1,1
1,1,1,0.464851856232,0.45,-1,1
2,2,1,0.500507116318,0.45,-1,1
3,3,1,0.47007894516,0.45,-1,1
0,0,1,0.372188091278,0.45,1,1
3,3,1,0.343739032745,0.45,1,1
1,1,1,0.359927892685,0.45,1,1
3,3,1,0.366030931473,0.45,1,1
0,0,1,0.352149009705,0.45,1,1
1,1,1,0.418399095535,0.45,1,1
2,2,1,0.384138822556,0.45,1,1
1,1,1,0.39625287056,0.45,1,1
0,0,1,0.404928922653,0.45,1,1
2,2,1,0.392287015915,0.45,1,1
3,3,1,0.412599086761,0.45,1,1
1,1,1,0.439858198166,0.45,1,1
3,3,1,0.377190113068,0.45,1,1
2,2,1,0.387534141541,0.45,1,1
0,0,1,0.359857082367,0.45,1,1
3,3,1,0.316942930222,0.45,1,1
1,1,1,0.295746088028,0.45,1,1
0,0,1,0.360389947891,0.45,1,1
2,2,1,0.439202785492,0.45,1,1
0,0,1,0.40327000618,0.45,1,1
1,2,0,0.422529935837,0.45,-2,1
2,2,1,0.390529870987,0.45,1,1
3,3,1,0.394240140915,0.45,1,1
0,0,1,0.416175127029,0.45,1,1
3,3,1,0.387534141541,0.45,1,1
2,2,1,0.427181959152,0.45,1,1
1,1,1,0.382933139801,0.45,1,1
3,3,1,0.388775110245,0.45,1,1
0,0,1,0.335172891617,0.45,1,1
1,1,1,0.33191204071,0.45,1,1
2,2,1,0.287583827972,0.45,1,1
0,0,1,0.354532003403,0.45,1,1
2,2,1,0.362462997437,0.45,1,1
1,1,1,0.470217943192,0.45,-1,1
3,3,1,0.564033985138,0.45,-1,1
1,1,1,0.405310869217,0.45,1,1
0,0,1,0.354340791702,0.45,1,1
3,3,1,0.324378013611,0.45,1,1
2,2,1,0.35064291954,0.45,1,1
3,3,1,0.425853013992,0.45,1,1
0,0,1,0.373863935471,0.45,1,1
1,1,1,0.322753190994,0.45,1,1
2,3,0,0.329849004745,0.45,-2,1
1,1,1,0.414905071259,0.45,1,1
0,0,1,0.442686796188,0.45,1,1
2,2,1,0.358793973923,0.45,1,1
3,3,1,0.350918054581,0.45,1,1
2,1,0,0.371288776398,0.45,-2,1
0,0,1,0.511984109879,0.45,-1,1
3,3,1,0.627007961273,0.45,-1,1
1,1,1,0.407346963882,0.45,1,1
3,3,1,0.385680913925,0.45,1,1
1,1,1,0.530752182007,0.45,-1,1
2,2,1,0.498435020447,0.45,-1,1
0,0,1,0.357439994812,0.45,1,1
1,1,1,0.461661815643,0.45,-1,1
0,-1,0,0.7,0.45,-2,1
2,0,0,0.0222599506378,0.45,-2,1
3,3,1,0.409452915192,0.45,1,1
2,2,1,0.461246967316,0.45,-1,1
1,1,1,0.455644130707,0.45,-1,1
3,3,1,0.396337985992,0.45,1,1
0,0,1,0.35645699501,0.45,1,1
3,2,0,0.386069774628,0.45,-2,1
1,1,1,0.466248035431,0.45,-1,1
2,2,1,0.447020053864,0.45,1,1
0,0,1,0.407999038696,0.45,1,1
1,1,1,0.501372814178,0.45,-1,1
0,0,1,0.50546002388,0.45,-1,1
2,2,1,0.613312005997,0.45,-1,1
1,1,1,0.437644004822,0.45,1,1
3,3,1,0.378913879395,0.45,1,1
2,2,1,0.565649986267,0.45,-1,1
3,3,1,0.442368984222,0.45,1,1
0,0,1,0.363357067108,0.45,1,1
3,2,0,0.35906291008,0.45,-2,1
2,2,1,0.538256883621,0.45,-1,1
1,1,1,0.520392894745,0.45,-1,1
0,0,1,0.402545928955,0.45,1,1
1,1,1,0.467449903488,0.45,-1,1
2,2,1,0.43281006813,0.45,1,1
0,0,1,0.588794946671,0.45,-1,1
3,3,1,0.439057826996,0.45,1,1
1,1,1,0.376731872559,0.45,1,1
3,3,1,0.327128171921,0.45,1,1
0,0,1,0.519526004791,0.45,-1,1
2,2,1,0.509231090546,0.45,-1,1
3,3,1,0.645257949829,0.45,-1,1
0,0,1,0.514896869659,0.45,-1,1
1,1,1,0.451274871826,0.45,-1,1
2,2,1,0.391331911087,0.45,1,1
0,0,1,0.409651041031,0.45,1,1
2,2,1,0.543483018875,0.45,-1,1
1,1,1,0.465270996094,0.45,-1,1
0,0,1,0.408071041107,0.45,1,1
3,3,1,0.442107915878,0.45,1,1
2,2,1,0.42189002037,0.45,1,1
3,3,1,0.441354036331,0.45,1,1
1,1,1,0.34849190712,0.45,1,1
3,3,1,0.343451023102,0.45,1,1
1,1,1,0.392997026443,0.45,1,1
2,2,1,0.404960870743,0.45,1,1
0,0,1,0.465799093246,0.45,-1,1
2,-1,0,0.7,0.45,-2,1
1,2,0,0.0789749622345,0.45,-2,1
0,0,1,0.395724058151,0.45,1,1
1,1,1,0.358860015869,0.45,1,1
3,3,1,0.377371072769,0.45,1,1
2,2,1,0.378923892975,0.45,1,1
3,3,1,0.462910175323,0.45,-1,1
0,0,1,0.467375040054,0.45,-1,1
3,3,1,0.436620950699,0.45,1,1
3,3,1,0.461216926575,0.45,-1,2
0,0,1,0.381356954575,0.45,1,2
1,1,1,0.363579034805,0.45,1,2
2,2,1,0.364372968674,0.45,1,2
1,1,1,0.471441984177,0.45,-1,2
0,0,1,0.364718914032,0.45,1,2
2,2,1,0.350818157196,0.45,1,2
0,0,1,0.410969018936,0.45,1,2
3,3,1,0.396903991699,0.45,1,2
1,1,1,0.362432956696,0.45,1,2
3,3,1,0.380995988846,0.45,1,2
2,2,1,0.501066923141,0.45,-1,2
3,3,1,0.46489405632,0.45,-1,2
0,0,1,0.435833930969,0.45,1,2
1,1,1,0.408439159393,0.45,1,2
2,2,1,0.381251811981,0.45,1,2
1,1,1,0.598229885101,0.45,-1,2
0,0,1,0.417858123779,0.45,1,2
2,2,1,0.412640094757,0.45,1,2
0,0,1,0.351310014725,0.45,1,2
3,3,1,0.37791800499,0.45,1,2
1,1,1,0.342302083969,0.45,1,2
3,3,1,0.379225969315,0.45,1,2
2,2,1,0.384454011917,0.45,1,2
3,3,1,0.553245067596,0.45,-1,2
1,1,1,0.50269818306,0.45,-1,2
2,2,1,0.434031963348,0.45,1,2
0,0,1,0.394112110138,0.45,1,2
1,2,0,0.422039031982,0.45,-2,2
0,0,1,0.632633924484,0.45,-1,2
2,2,1,0.525496006012,0.45,-1,2
3,3,1,0.433432102203,0.45,1,2
0,0,1,0.365893125534,0.45,1,2
3,3,1,0.454766988754,0.45,-1,2
2,1,0,0.361942052841,0.45,-2,2
1,1,1,0.469588041306,0.45,-1,2
3,3,1,0.465610980988,0.45,-1,2
1,1,1,0.388836860657,0.45,1,2
0,0,1,0.400749921799,0.45,1,2
2,2,1,0.434674978256,0.45,1,2
1,1,1,0.639266967773,0.45,-1,2
2,2,1,0.442224979401,0.45,1,2
0,0,1,0.490550994873,0.45,-1,2
1,1,1,0.406500101089,0.45,1,2
3,3,1,0.420197963715,0.45,1,2
0,0,1,0.328269004822,0.45,1,2
3,3,1,0.418750047684,0.45,1,2
2,2,1,0.436357975006,0.45,1,2
3,3,1,0.561743021011,0.45,-1,2
1,1,1,0.47422003746,0.45,-1,2
2,2,1,0.462514162064,0.45,-1,2
0,0,1,0.403759002686,0.45,1,2
2,2,1,0.438023090363,0.45,1,2
1,1,1,0.374910116196,0.45,1,2
0,0,1,0.442670106888,0.45,1,2
3,3,1,0.48854804039,0.45,-1,2
0,0,1,0.475075006485,0.45,-1,2
1,1,1,0.438220977783,0.45,1,2
3,3,1,0.400808095932,0.45,1,2
2,1,0,0.42845582962,0.45,-2,2
3,3,1,0.598546981812,0.45,-1,2
0,0,1,0.441196918488,0.45,1,2
1,1,1,0.371170043945,0.45,1,2
2,2,1,0.334311962128,0.45,1,2
0,0,1,0.385991096497,0.45,1,2
2,2,1,0.519098997116,0.45,-1,2
1,1,1,0.370195150375,0.45,1,2
0,0,1,0.596703767776,0.45,-1,2
3,3,1,0.410060167313,0.45,1,2
2,2,1,0.446709871292,0.45,1,2
3,3,1,0.495449066162,0.45,-1,2
1,1,1,0.564651012421,0.45,-1,2
3,3,1,0.485294103622,0.45,-1,2
0,0,1,0.497911930084,0.45,-1,2
2,2,1,0.471008062363,0.45,-1,2
1,1,1,0.534862995148,0.45,-1,2
2,2,1,0.477104187012,0.45,-1,2
0,1,0,0.397060871124,0.45,-2,2
1,1,1,0.555119991302,0.45,-1,2
3,3,1,0.468784093857,0.45,-1,2
2,2,1,0.535243034363,0.45,-1,2
3,3,1,0.554758071899,0.45,-1,2
1,1,1,0.535822868347,0.45,-1,2
0,0,1,0.338840007782,0.45,1,2
3,3,1,0.380122900009,0.45,1,2
2,2,1,0.337568998337,0.45,1,2
1,1,1,0.307057142258,0.45,1,2
0,0,1,0.334683895111,0.45,1,2
1,0,0,0.499279022217,0.45,-2,2
2,2,1,0.517644166946,0.45,-1,2
0,0,1,0.518652915955,0.45,-1,2
3,2,0,0.364450931549,0.45,-2,2
0,0,1,0.446231126785,0.45,1,2
2,2,1,0.368986129761,0.45,1,2
3,3,1,0.423913955688,0.45,1,2
1,1,1,0.377704143524,0.45,1,2
3,3,1,0.475774049759,0.45,-1,2
0,0,1,0.359231948853,0.45,1,2
2,2,1,0.316603899002,0.45,1,2
1,1,1,0.318073987961,0.45,1,2
2,3,0,0.337779998779,0.45,-2,2
0,0,1,0.524350166321,0.45,-1,2
1,1,1,0.647342920303,0.45,-1,2
3,3,1,0.498903036118,0.45,-1,2
1,1,1,0.357749938965,0.45,1,2
0,0,1,0.463648080826,0.45,-1,2
3,2,0,0.330862998962,0.45,-2,2
2,2,1,0.366839885712,0.45,1,2
3,3,1,0.400469064713,0.45,1,2
0,0,1,0.389966964722,0.45,1,2
1,1,1,0.504772901535,0.45,-1,2
2,2,1,0.511189937592,0.45,-1,2
1,1,1,0.456891059875,0.45,-1,2
0,0,1,0.37208199501,0.45,1,2
2,2,1,0.542328834534,0.45,-1,2
3,3,1,0.488756895065,0.45,-1,2
2,2,1,0.541473150253,0.45,-1,2
0,0,1,0.578233003616,0.45,-1,2
3,3,1,0.418486833572,0.45,1,2
1,1,1,0.333734989166,0.45,1,2
3,3,1,0.433306932449,0.45,1,2
2,2,1,0.366763830185,0.45,1,2
0,1,0,0.32199215889,0.45,-2,2
1,1,1,0.314029932022,0.45,1,2
0,0,1,0.429705858231,0.45,1,2
2,2,1,0.596662998199,0.45,-1,2
1,1,1,0.564696073532,0.45,-1,2
3,3,1,0.392938137054,0.45,1,2
0,0,1,0.339036941528,0.45,1,2
3,3,1,0.432965040207,0.45,1,2
1,1,1,0.371859073639,0.45,1,2
2,2,1,0.294324159622,0.45,1,2
3,3,1,0.480762958527,0.45,-1,2
1,1,1,0.420875072479,0.45,1,2
2,2,1,0.414618015289,0.45,1,2
0,0,1,0.332257986069,0.45,1,2
2,1,0,0.399991989136,0.45,-2,2
1,1,1,0.5229408741,0.45,-1,2
0,0,1,0.387912988663,0.45,1,2
3,3,1,0.34432220459,0.45,1,2
0,0,1,0.410392999649,0.45,1,2
1,1,1,0.52609205246,0.45,-1,2
3,3,1,0.433604001999,0.45,1,2
2,2,1,0.381052017212,0.45,1,2
3,3,1,0.394729852676,0.45,1,2
1,1,1,0.451693058014,0.45,-1,2
2,3,0,0.441213130951,0.45,-2,2
0,0,1,0.38009095192,0.45,1,2
2,2,1,0.508040904999,0.45,-1,2
1,1,1,0.383220911026,0.45,1,2
0,0,1,0.485818862915,0.45,-1,2
3,3,1,0.316939115524,0.45,1,2
0,0,1,0.324141979218,0.45,1,2
1,0,0,0.319496870041,0.45,-2,2
3,3,1,0.440119028091,0.45,1,2
2,2,1,0.589915990829,0.45,-1,2
3,3,1,0.567808866501,0.45,-1,2
0,0,1,0.385262012482,0.45,1,2
2,2,1,0.38074016571,0.45,1,2
1,1,1,0.328621864319,0.45,1,2
0,0,1,0.342638015747,0.45,1,2
1,3,0,0.335033893585,0.45,-2,2
2,-1,0,0.7,0.45,-2,2
3,3,1,0.503313779831,0.45,-1,2
1,1,1,0.35307097435,0.45,1,2
3,3,1,0.370722055435,0.45,1,2
2,-1,0,0.7,0.45,-2,2
0,2,0,0.165137052536,0.45,-2,2
3,3,1,0.479771852493,0.45,-1,2
1,1,1,0.416666030884,0.45,1,2
0,0,1,0.316102981567,0.45,1,2
2,1,0,0.33793592453,0.45,-2,2
0,0,1,0.37296295166,0.45,1,2
1,1,1,0.494585990906,0.45,-1,2
2,-1,0,0.7,0.45,-2,2
1,-1,0,0.7,0.45,-2,2
3,1,0,0.169425010681,0.45,-2,2
2,-1,0,0.7,0.45,-2,2
3,-1,0,0.7,0.45,-2,2
0,1,0,0.324719905853,0.45,-2,2
3,-1,0,0.7,0.45,-2,2
2,3,0,0.0497667789459,0.45,-2,2
1,1,1,0.42120885849,0.45,1,2
0,0,1,0.350931882858,0.45,1,2
2,2,1,0.298534154892,0.45,1,2
0,0,1,0.316825151443,0.45,1,2
1,3,0,0.336095094681,0.45,-2,2
2,2,1,0.389639854431,0.45,1,2
3,3,1,0.311275005341,0.45,1,2
0,0,1,0.329797029495,0.45,1,2
3,3,1,0.380112886429,0.45,1,2
1,1,1,0.266686201096,0.45,1,2
3,2,0,0.244886159897,0.45,-2,2
2,0,0,0.27801990509,0.45,-2,2
0,0,1,0.347697973251,0.45,1,2
1,1,1,0.510320186615,0.45,-1,2
0,0,1,0.611481189728,0.45,-1,2
2,2,1,0.462723016739,0.45,-1,2
1,0,0,0.328521966934,0.45,-2,2
2,2,1,0.546962976456,0.45,-1,2
3,3,1,0.319764852524,0.45,1,2
0,0,1,0.282949924469,0.45,1,2
3,1,0,0.244115114212,0.45,-2,2
1,1,1,0.20970582962,0.45,1,2
3,3,1,0.339934110641,0.45,1,2
0,0,1,0.390391111374,0.45,1,2
1,1,1,0.420907020569,0.45,1,2
2,2,1,0.37167596817,0.45,1,2
0,0,1,0.298538208008,0.45,1,2
2,1,0,0.268507003784,0.45,-2,2
1,1,1,0.336172103882,0.45,1,2
3,3,1,0.346304893494,0.45,1,2
1,1,1,0.246688127518,0.45,1,2
0,0,1,0.0502438545227,0.45,1,2
3,2,0,0.302363157272,0.45,-2,2
2,2,1,0.585083961487,0.45,-1,2
3,3,1,0.433538913727,0.45,1,2
3,3,1,0.409530162811,0.45,1,3
0,0,1,0.32092499733,0.45,1,3
2,2,1,0.30074596405,0.45,1,3
1,1,1,0.258553028107,0.45,1,3
2,2,1,0.442370891571,0.45,1,3
0,0,1,0.31943321228,0.45,1,3
1,1,1,0.28111410141,0.45,1,3
0,0,1,0.363510131836,0.45,1,3
3,3,1,0.305099964142,0.45,1,3
2,2,1,0.339572191238,0.45,1,3
3,3,1,0.39737701416,0.45,1,3
1,1,1,0.348011016846,0.45,1,3
3,3,1,0.388859033585,0.45,1,3
0,0,1,0.354427099228,0.45,1,3
1,0,0,0.373426914215,0.45,-2,3
2,2,1,0.368984937668,0.45,1,3
1,1,1,0.375972032547,0.45,1,3
0,0,1,0.359004020691,0.45,1,3
2,1,0,0.466212034225,0.45,-2,3
3,3,1,0.412999868393,0.45,1,3
2,2,1,0.464368104935,0.45,-1,3
0,0,1,0.443217992783,0.45,1,3
3,3,1,0.335833072662,0.45,1,3
1,1,1,0.307195186615,0.45,1,3
3,3,1,0.309499979019,0.45,1,3
0,0,1,0.304171800613,0.45,1,3
2,2,1,0.292793989182,0.45,1,3
1,1,1,0.366672039032,0.45,1,3
2,1,0,0.464555978775,0.45,-2,3
0,0,1,0.410387992859,0.45,1,3
1,1,1,0.55081820488,0.45,-1,3
0,0,1,0.435338973999,0.45,1,3
3,3,1,0.430433988571,0.45,1,3
1,1,1,0.33792591095,0.45,1,3
3,3,1,0.33970785141,0.45,1,3
2,2,1,0.400178909302,0.45,1,3
3,3,1,0.442865133286,0.45,1,3
0,0,1,0.367856025696,0.45,1,3
1,1,1,0.409039974213,0.45,1,3
2,2,1,0.374081850052,0.45,1,3
1,1,1,0.442472934723,0.45,1,3
0,0,1,0.435548067093,0.45,1,3
2,2,1,0.575983047485,0.45,-1,3
0,0,1,0.610816001892,0.45,-1,3
3,3,1,0.383202075958,0.45,1,3
2,2,1,0.400986194611,0.45,1,3
3,3,1,0.398170948029,0.45,1,3
1,1,1,0.352887153625,0.45,1,3
3,3,1,0.308877944946,0.45,1,3
0,0,1,0.3655128479,0.45,1,3
1,1,1,0.433573961258,0.45,1,3
2,2,1,0.324136972427,0.45,1,3
0,0,1,0.31246304512,0.45,1,3
2,1,0,0.320695877075,0.45,-2,3
1,1,1,0.423481941223,0.45,1,3
0,0,1,0.3693318367,0.45,1,3
3,3,1,0.422245025635,0.45,1,3
2,0,0,0.144080162048,0.45,-2,3
3,3,1,0.465605974197,0.45,-1,3
1,0,0,0.364284992218,0.45,-2,3
3,3,1,0.423727035522,0.45,1,3
1,1,1,0.318359851837,0.45,1,3
0,0,1,0.373635053635,0.45,1,3
2,2,1,0.276861190796,0.45,1,3
0,0,1,0.246361017227,0.45,1,3
1,1,1,0.204224824905,0.45,1,3
2,2,1,0.324388027191,0.45,1,3
1,0,0,0.258864164352,0.45,-2,3
3,3,1,0.477495908737,0.45,-1,3
2,2,1,0.488692045212,0.45,-1,3
3,3,1,0.426826953888,0.45,1,3
0,0,1,0.467861175537,0.45,-1,3
3,3,1,0.472247123718,0.45,-1,3
2,2,1,0.462430000305,0.45,-1,3
0,1,0,0.358227968216,0.45,-2,3
1,1,1,0.344391107559,0.45,1,3
0,2,0,0.252604007721,0.45,-2,3
2,2,1,0.513257980347,0.45,-1,3
1,0,0,0.364287137985,0.45,-2,3
2,2,1,0.361564159393,0.45,1,3
3,2,0,0.292885065079,0.45,-2,3
0,0,1,0.5247797966,0.45,-1,3
3,3,1,0.434242963791,0.45,1,3
1,1,1,0.469423055649,0.45,-1,3
3,3,1,0.432240009308,0.45,1,3
0,0,1,0.354895114899,0.45,1,3
2,2,1,0.333316802979,0.45,1,3
1,1,1,0.321381092072,0.45,1,3
2,2,1,0.498902797699,0.45,-1,3
0,0,1,0.425807952881,0.45,1,3
1,1,1,0.341300010681,0.45,1,3
0,0,1,0.393087148666,0.45,1,3
3,3,1,0.324213981628,0.45,1,3
2,2,1,0.397008895874,0.45,1,3
3,3,1,0.409373044968,0.45,1,3
1,1,1,0.42156291008,0.45,1,3
3,3,1,0.376207828522,0.45,1,3
0,0,1,0.282479047775,0.45,1,3
1,1,1,0.380198955536,0.45,1,3
2,2,1,0.36731505394,0.45,1,3
0,0,1,0.397757053375,0.45,1,3
2,2,1,0.472982883453,0.45,-1,3
1,1,1,0.435079097748,0.45,1,3
0,0,1,0.519029140472,0.45,-1,3
3,3,1,0.385015964508,0.45,1,3
2,2,1,0.436243772507,0.45,1,3
3,3,1,0.409641027451,0.45,1,3
1,1,1,0.338702917099,0.45,1,3
3,3,1,0.375730991364,0.45,1,3
1,0,0,0.370411157608,0.45,-2,3
0,0,1,0.386871099472,0.45,1,3
2,2,1,0.360635042191,0.45,1,3
0,0,1,0.417520999908,0.45,1,3
1,1,1,0.302000045776,0.45,1,3
2,2,1,0.417970895767,0.45,1,3
1,1,1,0.347803115845,0.45,1,3
3,3,1,0.449058055878,0.45,1,3
0,0,1,0.426023006439,0.45,1,3
3,3,1,0.392404079437,0.45,1,3
2,2,1,0.384371995926,0.45,1,3
3,3,1,0.436910867691,0.45,1,3
0,0,1,0.344568014145,0.45,1,3
2,2,1,0.437069177628,0.45,1,3
1,1,1,0.376109838486,0.45,1,3
2,2,1,0.394443035126,0.45,1,3
0,0,1,0.411594867706,0.45,1,3
1,1,1,0.439214944839,0.45,1,3
3,3,1,0.412848949432,0.45,1,3
2,2,1,0.519594192505,0.45,-1,3
3,3,1,0.426537036896,0.45,1,3
1,1,1,0.333324193954,0.45,1,3
0,0,1,0.32116818428,0.45,1,3
3,2,0,0.300426959991,0.45,-2,3
1,1,1,0.438719987869,0.45,1,3
0,0,1,0.475685119629,0.45,-1,3
2,2,1,0.471702098846,0.45,-1,3
1,1,1,0.409682035446,0.45,1,3
2,2,1,0.491489887238,0.45,-1,3
0,0,1,0.401887893677,0.45,1,3
1,1,1,0.425068855286,0.45,1,3
3,3,1,0.319720983505,0.45,1,3
0,1,0,0.393993139267,0.45,-2,3
3,-1,0,0.7,0.45,-2,3
2,3,0,0.190806865692,0.45,-2,3
3,2,0,0.0106251239777,0.45,-2,3
1,1,1,0.447024106979,0.45,1,3
2,2,1,0.666975975037,0.45,-1,3
0,0,1,0.435205936432,0.45,1,3
2,2,1,0.375637054443,0.45,1,3
1,1,1,0.42523598671,0.45,1,3
0,0,1,0.430014848709,0.45,1,3
1,-1,0,0.7,0.45,-2,3
3,3,1,0.470962047577,0.45,-1,3
2,1,0,0.441083908081,0.45,-2,3
3,3,1,0.563746929169,0.45,-1,3
0,0,1,0.412497997284,0.45,1,3
3,3,1,0.483773946762,0.45,-1,3
1,1,1,0.53261089325,0.45,-1,3
0,0,1,0.409034967422,0.45,1,3
2,2,1,0.301668167114,0.45,1,3
0,1,0,0.328519105911,0.45,-2,3
1,1,1,0.329302072525,0.45,1,3
2,2,1,0.333353996277,0.45,1,3
3,3,1,0.33109998703,0.45,1,3
0,0,1,0.309326887131,0.45,1,3
3,3,1,0.385669946671,0.45,1,3
2,3,0,0.426603078842,0.45,-2,3
1,1,1,0.41345000267,0.45,1,3
3,3,1,0.425925016403,0.45,1,3
2,2,1,0.667594909668,0.45,-1,3
0,0,1,0.407058000565,0.45,1,3
1,1,1,0.349463939667,0.45,1,3
2,2,1,0.300795078278,0.45,1,3
1,3,0,0.115939855576,0.45,-2,3
0,0,1,0.381281137466,0.45,1,3
2,2,1,0.457640171051,0.45,-1,3
3,3,1,0.412214040756,0.45,1,3
1,1,1,0.368294000626,0.45,1,3
3,3,1,0.420523881912,0.45,1,3
0,0,1,0.341539859772,0.45,1,3
3,2,0,0.347270011902,0.45,-2,3
2,2,1,0.381792068481,0.45,1,3
0,0,1,0.385103940964,0.45,1,3
1,1,1,0.403316020966,0.45,1,3
2,2,1,0.351243972778,0.45,1,3
1,0,0,0.433372020721,0.45,-2,3
0,0,1,0.389444828033,0.45,1,3
2,2,1,0.389828920364,0.45,1,3
3,3,1,0.484602928162,0.45,-1,3
0,0,1,0.464215993881,0.45,-1,3
3,3,1,0.45096206665,0.45,-1,3
1,1,1,0.469129085541,0.45,-1,3
3,3,1,0.384684085846,0.45,1,3
2,2,1,0.380774974823,0.45,1,3
0,0,1,0.333403110504,0.45,1,3
1,1,1,0.295773983002,0.45,1,3
0,0,1,0.563341140747,0.45,-1,3
2,2,1,0.43332695961,0.45,1,3
1,-1,0,0.7,0.45,-2,3
2,2,1,0.630198001862,0.45,-1,3
3,3,1,0.415384054184,0.45,1,3
1,1,1,0.503258943558,0.45,-1,3
3,3,1,0.423864841461,0.45,1,3
0,0,1,0.366189002991,0.45,1,3
3,3,1,0.343326091766,0.45,1,3
0,0,1,0.458142995834,0.45,-1,3
1,1,1,0.559523820877,0.45,-1,3
2,2,1,0.608217000961,0.45,-1,3
0,0,1,0.403067111969,0.45,1,3
2,2,1,0.33579492569,0.45,1,3
1,0,0,0.346634149551,0.45,-2,3
0,0,1,0.463356971741,0.45,-1,3
3,3,1,0.392063140869,0.45,1,3
1,1,1,0.347999095917,0.45,1,3
3,3,1,0.369289159775,0.45,1,3
2,3,0,0.450055122375,0.45,-2,3
3,3,1,0.613634824753,0.45,-1,3
2,2,1,0.353717088699,0.45,1,4
3,3,1,0.370126962662,0.45,1,4
0,0,1,0.325807094574,0.45,1,4
1,1,1,0.313448905945,0.45,1,4
3,3,1,0.358675956726,0.45,1,4
1,1,1,0.362663030624,0.45,1,4
0,0,1,0.348397016525,0.45,1,4
3,2,0,0.349917173386,0.45,-2,4
2,2,1,0.362445831299,0.45,1,4
0,0,1,0.38098192215,0.45,1,4
2,2,1,0.366549015045,0.45,1,4
1,1,1,0.433686971664,0.45,1,4
2,2,1,0.398941993713,0.45,1,4
3,3,1,0.387301206589,0.45,1,4
0,0,1,0.325067043304,0.45,1,4
1,1,1,0.427073955536,0.45,1,4
3,3,1,0.425869941711,0.45,1,4
1,1,1,0.329262018204,0.45,1,4
0,0,1,0.363862037659,0.45,1,4
2,2,1,0.342560052872,0.45,1,4
0,0,1,0.342694997787,0.45,1,4
3,3,1,0.431046962738,0.45,1,4
2,2,1,0.470409154892,0.45,-1,4
1,1,1,0.403068065643,0.45,1,4
2,2,1,0.416251897812,0.45,1,4
3,3,1,0.441406011581,0.45,1,4
0,0,1,0.348647117615,0.45,1,4
1,1,1,0.329064846039,0.45,1,4
0,0,1,0.385076999664,0.45,1,4
3,2,0,0.328888177872,0.45,-2,4
1,0,0,0.383592844009,0.45,-2,4
3,3,1,0.375052928925,0.45,1,4
2,2,1,0.410542964935,0.45,1,4
1,1,1,0.410369873047,0.45,1,4
2,2,1,0.405545949936,0.45,1,4
0,0,1,0.432882070541,0.45,1,4
2,2,1,0.454684972763,0.45,-1,4
0,0,1,0.498380899429,0.45,-1,4
3,3,1,0.426813840866,0.45,1,4
1,1,1,0.352878093719,0.45,1,4
3,3,1,0.321491003036,0.45,1,4
0,0,1,0.307149171829,0.45,1,4
1,1,1,0.377638816833,0.45,1,4
2,2,1,0.354934930801,0.45,1,4
3,3,1,0.336167812347,0.45,1,4
2,2,1,0.562566995621,0.45,-1,4
1,1,1,0.383929014206,0.45,1,4
0,0,1,0.314543008804,0.45,1,4
2,1,0,0.396744966507,0.45,-2,4
1,1,1,0.345248937607,0.45,1,4
3,3,1,0.426025152206,0.45,1,4
0,0,1,0.592231988907,0.45,-1,4
1,1,1,0.459181070328,0.45,-1,4
0,0,1,0.564835071564,0.45,-1,4
3,3,1,0.361778020859,0.45,1,4
2,2,1,0.633817911148,0.45,-1,4
3,3,1,0.420186042786,0.45,1,4
1,1,1,0.319628953934,0.45,1,4
2,2,1,0.33401799202,0.45,1,4
0,0,1,0.392337083817,0.45,1,4
2,2,1,0.373202085495,0.45,1,4
1,1,1,0.26345705986,0.45,1,4
0,0,1,0.282058954239,0.45,1,4
3,3,1,0.300540924072,0.45,1,4
1,1,1,0.329757928848,0.45,1,4
3,3,1,0.475425958633,0.45,-1,4
0,0,1,0.407546043396,0.45,1,4
1,1,1,0.506718873978,0.45,-1,4
2,2,1,0.391330003738,0.45,1,4
0,0,1,0.36088514328,0.45,1,4
2,2,1,0.366617918015,0.45,1,4
3,3,1,0.398957967758,0.45,1,4
2,2,1,0.412364959717,0.45,1,4
1,1,1,0.372994184494,0.45,1,4
3,3,1,0.377873897552,0.45,1,4
0,0,1,0.333401918411,0.45,1,4
1,2,0,0.326102018356,0.45,-2,4
0,0,1,0.47327709198,0.45,-1,4
3,3,1,0.42908000946,0.45,1,4
2,2,1,0.466938018799,0.45,-1,4
0,0,1,0.435600042343,0.45,1,4
2,3,0,0.378078222275,0.45,-2,4
3,3,1,0.529966115952,0.45,-1,4
1,1,1,0.454283952713,0.45,-1,4
2,2,1,0.417503118515,0.45,1,4
3,3,1,0.414316892624,0.45,1,4
1,1,1,0.376626968384,0.45,1,4
0,0,1,0.451200962067,0.45,-1,4
1,1,1,0.356786966324,0.45,1,4
3,3,1,0.420818090439,0.45,1,4
0,0,1,0.467685937881,0.45,-1,4
3,3,1,0.489019155502,0.45,-1,4
2,2,1,0.451633930206,0.45,-1,4
0,0,1,0.414621829987,0.45,1,4
2,2,1,0.380031108856,0.45,1,4
1,1,1,0.463510036469,0.45,-1,4
2,2,1,0.409739017487,0.45,1,4
0,0,1,0.395886898041,0.45,1,4
3,3,1,0.408558130264,0.45,1,4
1,1,1,0.312990188599,0.45,1,4
3,3,1,0.398540019989,0.45,1,4
0,0,1,0.346186876297,0.45,1,4
1,1,1,0.458014965057,0.45,-1,4
2,2,1,0.568120956421,0.45,-1,4
3,3,1,0.384340047836,0.45,1,4
2,2,1,0.397740125656,0.45,1,4
1,1,1,0.371141195297,0.45,1,4
0,0,1,0.402081012726,0.45,1,4
2,2,1,0.416853904724,0.45,1,4
0,0,1,0.395555973053,0.45,1,4
1,1,1,0.413447856903,0.45,1,4
3,3,1,0.409639120102,0.45,1,4
1,1,1,0.415559053421,0.45,1,4
0,0,1,0.418066978455,0.45,1,4
3,3,1,0.452879905701,0.45,-1,4
0,0,1,0.36878991127,0.45,1,4
2,2,1,0.506735086441,0.45,-1,4
1,1,1,0.447619915009,0.45,1,4
2,2,1,0.432293176651,0.45,1,4
3,3,1,0.38681602478,0.45,1,4
2,2,1,0.454376935959,0.45,-1,4
0,0,1,0.393325090408,0.45,1,4
1,1,1,0.471353054047,0.45,-1,4
3,3,1,0.3610060215,0.45,1,4
0,0,1,0.437044143677,0.45,1,4
3,3,1,0.502980947495,0.45,-1,4
1,1,1,0.376910924911,0.45,1,4
0,0,1,0.359493970871,0.45,1,4
2,2,1,0.328806877136,0.45,1,4
1,0,0,0.342127084732,0.45,-2,4
2,2,1,0.421620845795,0.45,1,4
3,3,1,0.377254009247,0.45,1,4
2,2,1,0.494641065598,0.45,-1,4
3,3,1,0.618796110153,0.45,-1,4
1,1,1,0.492162942886,0.45,-1,4
0,0,1,0.357808113098,0.45,1,4
1,1,1,0.42119383812,0.45,1,4
3,3,1,0.464447975159,0.45,-1,4
0,0,1,0.482892990112,0.45,-1,4
2,1,0,0.366475105286,0.45,-2,4
1,1,1,0.433478116989,0.45,1,4
2,2,1,0.437018156052,0.45,1,4
0,0,1,0.375407934189,0.45,1,4
3,3,1,0.363327980042,0.45,1,4
2,2,1,0.460874795914,0.45,-1,4
1,1,1,0.44256401062,0.45,1,4
3,3,1,0.380933046341,0.45,1,4
0,0,1,0.408390045166,0.45,1,4
1,1,1,0.32989692688,0.45,1,4
0,0,1,0.387989997864,0.45,1,4
3,3,1,0.329964876175,0.45,1,4
1,1,1,0.317403793335,0.45,1,4
2,2,1,0.357930898666,0.45,1,4
0,0,1,0.305118083954,0.45,1,4
2,2,1,0.412817001343,0.45,1,4
3,3,1,0.337670087814,0.45,1,4
2,2,1,0.542478084564,0.45,-1,4
1,1,1,0.385454893112,0.45,1,4
0,0,1,0.409331083298,0.45,1,4
3,3,1,0.359694004059,0.45,1,4
0,0,1,0.36790895462,0.45,1,4
1,1,1,0.410393953323,0.45,1,4
3,3,1,0.353551149368,0.45,1,4
2,2,1,0.388569831848,0.45,1,4
3,3,1,0.45565199852,0.45,-1,4
1,1,1,0.354984998703,0.45,1,4
2,0,0,0.333923101425,0.45,-2,4
0,0,1,0.390912055969,0.45,1,4
2,2,1,0.418942928314,0.45,1,4
0,0,1,0.36036491394,0.45,1,4
3,3,1,0.417969942093,0.45,1,4
1,1,1,0.381531000137,0.45,1,4
3,3,1,0.352154016495,0.45,1,4
0,0,1,0.450634002686,0.45,-1,4
1,1,1,0.583583116531,0.45,-1,4
2,2,1,0.634681940079,0.45,-1,4
3,3,1,0.389240026474,0.45,1,4
2,2,1,0.433325052261,0.45,1,4
1,1,1,0.397108078003,0.45,1,4
0,0,1,0.326142787933,0.45,1,4
2,1,0,0.410422086716,0.45,-2,4
3,2,0,0.39173913002,0.45,-2,4
1,-1,0,0.7,0.45,-2,4
0,0,1,0.478379964828,0.45,-1,4
3,3,1,0.465478897095,0.45,-1,4
0,0,1,0.433426856995,0.45,1,4
1,1,1,0.349850893021,0.45,1,4
2,2,1,0.33003115654,0.45,1,4
0,0,1,0.411781072617,0.45,1,4
2,2,1,0.432387828827,0.45,1,4
1,1,1,0.392714977264,0.45,1,4
3,3,1,0.348846912384,0.45,1,4
2,2,1,0.535350084305,0.45,-1,4
0,0,1,0.395999908447,0.45,1,4
1,1,1,0.31991815567,0.45,1,4
3,3,1,0.41001701355,0.45,1,4
0,0,1,0.405498981476,0.45,1,4
3,3,1,0.386700153351,0.45,1,4
1,1,1,0.364357948303,0.45,1,4
0,0,1,0.369639873505,0.45,1,4
2,2,1,0.476179838181,0.45,-1,4
3,3,1,0.422258138657,0.45,1,4
2,2,1,0.579797029495,0.45,-1,4
1,1,1,0.419737100601,0.45,1,4
2,2,1,0.400762081146,0.45,1,4
1,1,1,0.33976817131,0.45,1,4
0,0,1,0.400385141373,0.45,1,4
3,3,1,0.419625043869,0.45,1,4
0,0,1,0.438647985458,0.45,1,4
1,1,1,0.376903057098,0.45,1,4
3,3,1,0.330087900162,0.45,1,4
1,1,1,0.326565980911,0.45,1,4
2,2,1,0.4277780056,0.45,1,4
3,3,1,0.462614059448,0.45,-1,4
2,3,0,0.672465085983,0.45,-2,4
0,0,1,0.603579998016,0.45,-1,4
2,2,1,0.397988080978,0.45,1,4
0,0,1,0.628367900848,0.45,-1,5
2,2,1,0.391083955765,0.45,1,5
1,1,1,0.421195983887,0.45,1,5
3,3,1,0.381242036819,0.45,1,5
2,2,1,0.547533035278,0.45,-1,5
3,3,1,0.621511936188,0.45,-1,5
1,1,1,0.52214884758,0.45,-1,5
0,0,1,0.323096990585,0.45,1,5
3,2,0,0.286755084991,0.45,-2,5
0,0,1,0.361242055893,0.45,1,5
1,0,0,0.50914311409,0.45,-2,5
2,2,1,0.464903831482,0.45,-1,5
0,0,1,0.363934993744,0.45,1,5
2,2,1,0.350527048111,0.45,1,5
1,1,1,0.368815898895,0.45,1,5
3,3,1,0.419689893723,0.45,1,5
1,1,1,0.310800075531,0.45,1,5
2,2,1,0.356469154358,0.45,1,5
3,3,1,0.463269948959,0.45,-1,5
2,2,1,0.440942049026,0.45,1,5
0,0,1,0.405476093292,0.45,1,5
3,3,1,0.31995010376,0.45,1,5
0,0,1,0.387331008911,0.45,1,5
1,1,1,0.457500934601,0.45,-1,5
0,0,1,0.394750833511,0.45,1,5
3,3,1,0.34304189682,0.45,1,5
1,1,1,0.264741897583,0.45,1,5
2,2,1,0.414730072021,0.45,1,5
3,3,1,0.383908033371,0.45,1,5
2,2,1,0.353003025055,0.45,1,5
1,1,1,0.287590026855,0.45,1,5
3,2,0,0.267039060593,0.45,-2,5
0,0,1,0.396425008774,0.45,1,5
1,1,1,0.351066827774,0.45,1,5
0,0,1,0.437180042267,0.45,1,5
2,3,0,0.383300065994,0.45,-2,5
0,0,1,0.522597074509,0.45,-1,5
1,1,1,0.365803003311,0.45,1,5
3,3,1,0.352092027664,0.45,1,5
2,2,1,0.418833017349,0.45,1,5
3,3,1,0.437726974487,0.45,1,5
1,1,1,0.34473490715,0.45,1,5
2,2,1,0.421057939529,0.45,1,5
1,1,1,0.553289890289,0.45,-1,5
0,0,1,0.490970134735,0.45,-1,5
3,3,1,0.336411952972,0.45,1,5
0,0,1,0.376536846161,0.45,1,5
2,2,1,0.557115077972,0.45,-1,5
0,0,1,0.383949041367,0.45,1,5
2,2,1,0.389061927795,0.45,1,5
1,1,1,0.383347034454,0.45,1,5
3,3,1,0.305261850357,0.45,1,5
2,2,1,0.479439020157,0.45,-1,5
3,3,1,0.574697971344,0.45,-1,5
1,1,1,0.542430877686,0.45,-1,5
0,0,1,0.342438936234,0.45,1,5
1,1,1,0.523452997208,0.45,-1,5
2,2,1,0.508332967758,0.45,-1,5
0,0,1,0.392246007919,0.45,1,5
3,3,1,0.330955028534,0.45,1,5
0,0,1,0.367634057999,0.45,1,5
2,1,0,0.408491849899,0.45,-2,5
3,3,1,0.581524848938,0.45,-1,5
1,1,1,0.434989929199,0.45,1,5
3,3,1,0.426765203476,0.45,1,5
2,2,1,0.351317882538,0.45,1,5
1,1,1,0.346972942352,0.45,1,5
0,0,1,0.453325033188,0.45,-1,5
1,1,1,0.634052991867,0.45,-1,5
2,2,1,0.389985084534,0.45,1,5
0,0,1,0.391688108444,0.45,1,5
3,3,1,0.44468998909,0.45,1,5
0,0,1,0.577279090881,0.45,-1,5
2,3,0,0.675131082535,0.45,-2,5
3,3,1,0.543610095978,0.45,-1,5
1,1,1,0.449270963669,0.45,1,5
2,2,1,0.500864028931,0.45,-1,5
1,-1,0,0.7,0.45,-2,5
3,1,0,0.20903301239,0.45,-2,5
2,2,1,0.501295804977,0.45,-1,5
0,0,1,0.367783069611,0.45,1,5
3,2,0,0.346285820007,0.45,-2,5
0,0,1,0.382868051529,0.45,1,5
1,1,1,0.386846065521,0.45,1,5
0,0,1,0.420260906219,0.45,1,5
2,2,1,0.338843822479,0.45,1,5
3,3,1,0.353949069977,0.45,1,5
1,1,1,0.29555106163,0.45,1,5
3,0,0,0.268130064011,0.45,-2,5
2,2,1,0.445775032043,0.45,1,5
1,1,1,0.520485877991,0.45,-1,5
0,0,1,0.347424030304,0.45,1,5
3,3,1,0.334388017654,0.45,1,5
0,0,1,0.324810028076,0.45,1,5
1,1,1,0.286318063736,0.45,1,5
2,2,1,0.272167921066,0.45,1,5
0,0,1,0.348335027695,0.45,1,5
1,2,0,0.338579893112,0.45,-2,5
2,2,1,0.346999883652,0.45,1,5
3,2,0,0.342135906219,0.45,-2,5
2,-1,0,0.7,0.45,-2,5
1,-1,0,0.7,0.45,-2,5
3,3,1,0.60892701149,0.45,-1,5
0,0,1,0.373448848724,0.45,1,5
2,2,1,0.368906021118,0.45,1,5
0,0,1,0.3929708004,0.45,1,5
3,3,1,0.33517408371,0.45,1,5
1,1,1,0.306699037552,0.45,1,5
0,0,1,0.301531076431,0.45,1,5
2,2,1,0.284809112549,0.45,1,5
1,1,1,0.377743005753,0.45,1,5
3,3,1,0.295391082764,0.45,1,5
1,1,1,0.490405082703,0.45,-1,5
2,2,1,0.420764923096,0.45,1,5
3,3,1,0.551319122314,0.45,-1,5
0,0,1,0.368878126144,0.45,1,5
1,1,1,0.440134048462,0.45,1,5
0,0,1,0.399787187576,0.45,1,5
3,3,1,0.332232952118,0.45,1,5
2,2,1,0.417264938354,0.45,1,5
0,0,1,0.364506959915,0.45,1,5
3,3,1,0.438800096512,0.45,1,5
2,3,0,0.456208944321,0.45,-2,5
1,1,1,0.56588602066,0.45,-1,5
2,2,1,0.401990890503,0.45,1,5
3,3,1,0.386012077332,0.45,1,5
1,1,1,0.352072954178,0.45,1,5
3,3,1,0.361927032471,0.45,1,5
0,0,1,0.32280921936,0.45,1,5
1,2,0,0.297581911087,0.45,-2,5
0,0,1,0.466798067093,0.45,-1,5
2,2,1,0.383433103561,0.45,1,5
0,0,1,0.433471918106,0.45,1,5
1,1,1,0.356542110443,0.45,1,5
2,2,1,0.464236974716,0.45,-1,5
3,3,1,0.499532938004,0.45,-1,5
2,3,0,0.521155118942,0.45,-2,5
1,1,1,0.428987979889,0.45,1,5
3,0,0,0.261908054352,0.45,-2,5
1,1,1,0.519595861435,0.45,-1,5
0,0,1,0.395341157913,0.45,1,5
2,2,1,0.385662078857,0.45,1,5
0,0,1,0.417459011078,0.45,1,5
3,3,1,0.333375930786,0.45,1,5
0,1,0,0.416789054871,0.45,-2,5
3,3,1,0.403439998627,0.45,1,5
1,1,1,0.399779081345,0.45,1,5
2,2,1,0.444965839386,0.45,1,5
1,0,0,0.405420064926,0.45,-2,5
3,3,1,0.392227172852,0.45,1,5
2,2,1,0.435426950455,0.45,1,5
0,0,1,0.319752931595,0.45,1,5
1,1,1,0.476027011871,0.45,-1,5
0,0,1,0.471351861954,0.45,-1,5
2,2,1,0.440269947052,0.45,1,5
3,3,1,0.350105047226,0.45,1,5
0,0,1,0.440038919449,0.45,1,5
1,1,1,0.316689014435,0.45,1,5
2,2,1,0.469580888748,0.45,-1,5
3,3,1,0.371510982513,0.45,1,5
1,1,1,0.413055181503,0.45,1,5
3,3,1,0.387362957001,0.45,1,5
2,1,0,0.4767100811,0.45,-2,5
1,1,1,0.519294977188,0.45,-1,5
0,0,1,0.436178922653,0.45,1,5
3,3,1,0.463470935822,0.45,-1,5
0,0,1,0.490257978439,0.45,-1,5
2,2,1,0.451187133789,0.45,-1,5
0,0,1,0.342471122742,0.45,1,5
3,2,0,0.364370107651,0.45,-2,5
1,1,1,0.392142772675,0.45,1,5
2,2,1,0.466742038727,0.45,-1,5
1,1,1,0.51716709137,0.45,-1,5
3,3,1,0.407174110413,0.45,1,5
2,3,0,0.51381111145,0.45,-2,5
0,0,1,0.460931062698,0.45,-1,5
2,2,1,0.355264902115,0.45,1,5
3,3,1,0.532369852066,0.45,-1,5
0,0,1,0.416728973389,0.45,1,5
1,1,1,0.396787881851,0.45,1,5
0,0,1,0.448956012726,0.45,1,5
2,2,1,0.377183914185,0.45,1,5
1,1,1,0.372184038162,0.45,1,5
3,2,0,0.336682081223,0.45,-2,5
1,1,1,0.357866048813,0.45,1,5
2,2,1,0.422072172165,0.45,1,5
3,3,1,0.643033027649,0.45,-1,5
0,0,1,0.460245132446,0.45,-1,5
1,1,1,0.410023927689,0.45,1,5
0,0,1,0.510169029236,0.45,-1,5
3,3,1,0.421319961548,0.45,1,5
2,2,1,0.516390800476,0.45,-1,5
0,0,1,0.359582901001,0.45,1,5
2,1,0,0.343466997147,0.45,-2,5
1,1,1,0.354382991791,0.45,1,5
3,3,1,0.329614162445,0.45,1,5
1,1,1,0.329648017883,0.45,1,5
2,2,1,0.43124294281,0.45,1,5
3,3,1,0.528959035873,0.45,-1,5
0,0,1,0.462356090546,0.45,-1,5
3,3,1,0.337898015976,0.45,1,5
2,2,1,0.357573032379,0.45,1,5
0,0,1,0.432717084885,0.45,1,5
1,1,1,0.323015213013,0.45,1,5
0,0,1,0.406998157501,0.45,1,5
2,3,0,0.304826974869,0.45,-2,5
3,2,0,0.364618778229,0.45,-2,5
1,3,0,0.272097826004,0.45,-2,5
2,2,1,0.434561014175,0.45,1,5
1,1,1,0.438681840897,0.45,1,5
3,3,1,0.367622852325,0.45,1,5
0,0,1,0.363225221634,0.45,1,5
1,1,1,0.383507966995,0.45,1,5
0,0,1,0.419791936874,0.45,1,5
3,3,1,0.381545066833,0.45,1,5
2,2,1,0.474231958389,0.45,-1,5
0,0,1,0.452190876007,0.45,-1,5
1,1,1,0.40757894516,0.45,1,6
2,2,1,0.396622896194,0.45,1,6
3,3,1,0.334212064743,0.45,1,6
0,0,1,0.283112049103,0.45,1,6
2,2,1,0.323004961014,0.45,1,6
0,0,1,0.369890928268,0.45,1,6
3,3,1,0.320959091187,0.45,1,6
2,2,1,0.453191995621,0.45,-1,6
1,1,1,0.377626895905,0.45,1,6
0,0,1,0.33855009079,0.45,1,6
1,1,1,0.400674819946,0.45,1,6
3,3,1,0.400929927826,0.45,1,6
1,1,1,0.343780994415,0.45,1,6
3,3,1,0.344429016113,0.45,1,6
2,2,1,0.412988901138,0.45,1,6
0,0,1,0.351912975311,0.45,1,6
3,3,1,0.292510032654,0.45,1,6
0,0,1,0.327461957932,0.45,1,6
2,2,1,0.263592004776,0.45,1,6
3,3,1,0.350775957108,0.45,1,6
1,1,1,0.35054898262,0.45,1,6
2,2,1,0.412060976028,0.45,1,6
1,1,1,0.350371837616,0.45,1,6
0,0,1,0.363974094391,0.45,1,6
1,1,1,0.405849933624,0.45,1,6
2,1,0,0.434395074844,0.45,-2,6
0,1,0,0.395545959473,0.45,-2,6
3,3,1,0.40984582901,0.45,1,6
2,2,1,0.428934812546,0.45,1,6
3,3,1,0.373003959656,0.45,1,6
0,0,1,0.378488063812,0.45,1,6
1,1,1,0.39825797081,0.45,1,6
0,0,1,0.416730165482,0.45,1,6
2,2,1,0.434485912323,0.45,1,6
1,1,1,0.468971967697,0.45,-1,6
3,3,1,0.448902130127,0.45,1,6
1,1,1,0.358024835587,0.45,1,6
2,2,1,0.3512570858,0.45,1,6
3,3,1,0.365278959274,0.45,1,6
0,0,1,0.396938800812,0.45,1,6
2,2,1,0.441592931747,0.45,1,6
0,0,1,0.38226890564,0.45,1,6
3,3,1,0.286341905594,0.45,1,6
2,2,1,0.482243061066,0.45,-1,6
1,0,0,0.31175494194,0.45,-2,6
0,0,1,0.386244058609,0.45,1,6
1,1,1,0.366783857346,0.45,1,6
3,2,0,0.328877925873,0.45,-2,6
1,1,1,0.317290067673,0.45,1,6
2,2,1,0.304847002029,0.45,1,6
0,0,1,0.323708057404,0.45,1,6
3,3,1,0.284610033035,0.45,1,6
2,1,0,0.281152009964,0.45,-2,6
3,3,1,0.394590854645,0.45,1,6
0,0,1,0.310662984848,0.45,1,6
2,2,1,0.243442058563,0.45,1,6
1,0,0,0.304276943207,0.45,-2,6
0,0,1,0.386576890945,0.45,1,6
1,1,1,0.500539064407,0.45,-1,6
3,3,1,0.456794023514,0.45,-1,6
1,1,1,0.37922000885,0.45,1,6
3,3,1,0.389908075333,0.45,1,6
0,0,1,0.287765026093,0.45,1,6
2,2,1,0.27868103981,0.45,1,6
3,3,1,0.367744922638,0.45,1,6
2,3,0,0.40071105957,0.45,-2,6
0,0,1,0.429528951645,0.45,1,6
3,3,1,0.432244062424,0.45,1,6
1,1,1,0.414697885513,0.45,1,6
0,0,1,0.441475868225,0.45,1,6
1,1,1,0.443416118622,0.45,1,6
2,2,1,0.421829938889,0.45,1,6
1,1,1,0.515181064606,0.45,-1,6
0,0,1,0.380625009537,0.45,1,6
2,2,1,0.408248901367,0.45,1,6
3,3,1,0.380105018616,0.45,1,6
0,1,0,0.358084917068,0.45,-2,6
3,3,1,0.41681098938,0.45,1,6
2,3,0,0.399593830109,0.45,-2,6
1,1,1,0.337879180908,0.45,1,6
3,2,0,0.346935987473,0.45,-2,6
1,1,1,0.463515996933,0.45,-1,6
2,2,1,0.481171131134,0.45,-1,6
0,0,1,0.387396812439,0.45,1,6
1,1,1,0.466839075089,0.45,-1,6
0,0,1,0.626456022263,0.45,-1,6
3,3,1,0.417050123215,0.45,1,6
2,2,1,0.555709838867,0.45,-1,6
3,3,1,0.430256128311,0.45,1,6
0,0,1,0.431650161743,0.45,1,6
2,3,0,0.474709033966,0.45,-2,6
1,1,1,0.537216901779,0.45,-1,6
2,2,1,0.514915943146,0.45,-1,6
0,0,1,0.412929058075,0.45,1,6
1,1,1,0.539026975632,0.45,-1,6
3,3,1,0.382848024368,0.45,1,6
1,1,1,0.440412998199,0.45,1,6
3,3,1,0.396578073502,0.45,1,6
2,2,1,0.616873979568,0.45,-1,6
0,0,1,0.426777124405,0.45,1,6
3,3,1,0.511035919189,0.45,-1,6
0,0,1,0.425851821899,0.45,1,6
2,2,1,0.373054027557,0.45,1,6
1,1,1,0.361210107803,0.45,1,6
0,0,1,0.383944988251,0.45,1,6
1,1,1,0.462053060532,0.45,-1,6
2,2,1,0.442343950272,0.45,1,6
3,3,1,0.405966043472,0.45,1,6
1,1,1,0.37531709671,0.45,1,6
3,3,1,0.353745937347,0.45,1,6
0,0,1,0.539189100266,0.45,-1,6
2,2,1,0.386461019516,0.45,1,6
3,3,1,0.365420103073,0.45,1,6
2,1,0,0.326469898224,0.45,-2,6
0,0,1,0.389189958572,0.45,1,6
1,2,0,0.432144165039,0.45,-2,6
2,2,1,0.385679960251,0.45,1,6
1,1,1,0.44584608078,0.45,1,6
0,0,1,0.423316955566,0.45,1,6
3,3,1,0.371189832687,0.45,1,6
1,1,1,0.327179908752,0.45,1,6
2,2,1,0.331665039062,0.45,1,6
0,0,1,0.310060024261,0.45,1,6
3,3,1,0.271105051041,0.45,1,6
0,0,1,0.402010202408,0.45,1,6
2,2,1,0.415384054184,0.45,1,6
3,3,1,0.409188985825,0.45,1,6
1,1,1,0.334581136703,0.45,1,6
3,3,1,0.361540079117,0.45,1,6
2,2,1,0.505909919739,0.45,-1,6
1,1,1,0.480208158493,0.45,-1,6
0,0,1,0.290728092194,0.45,1,6
1,1,1,0.366698026657,0.45,1,6
2,2,1,0.321981906891,0.45,1,6
0,0,1,0.363440990448,0.45,1,6
3,3,1,0.345524072647,0.45,1,6
0,0,1,0.457967996597,0.45,-1,6
2,2,1,0.343065023422,0.45,1,6
3,3,1,0.394156932831,0.45,1,6
1,1,1,0.3386490345,0.45,1,6
3,3,1,0.320959091187,0.45,1,6
2,2,1,0.371336936951,0.45,1,6
1,1,1,0.285614967346,0.45,1,6
0,0,1,0.29011797905,0.45,1,6
1,1,1,0.315096855164,0.45,1,6
2,2,1,0.289808034897,0.45,1,6
3,3,1,0.259802103043,0.45,1,6
0,0,1,0.285226106644,0.45,1,6
3,3,1,0.383465051651,0.45,1,6
2,2,1,0.490478038788,0.45,-1,6
0,0,1,0.382266998291,0.45,1,6
2,2,1,0.395070075989,0.45,1,6
1,1,1,0.35928106308,0.45,1,6
0,0,1,0.38641500473,0.45,1,6
1,0,0,0.390854120255,0.45,-2,6
3,3,1,0.400871038437,0.45,1,6
1,1,1,0.371738195419,0.45,1,6
2,0,0,0.449090957642,0.45,-2,6
0,0,1,0.457622051239,0.45,-1,6
3,2,0,0.399491071701,0.45,-2,6
2,2,1,0.513392925262,0.45,-1,6
3,3,1,0.506546974182,0.45,-1,6
0,0,1,0.413438081741,0.45,1,6
1,1,1,0.370192050934,0.45,1,6
3,3,1,0.324932098389,0.45,1,6
1,1,1,0.370095968246,0.45,1,6
0,0,1,0.42712187767,0.45,1,6
2,2,1,0.431482076645,0.45,1,6
1,1,1,0.499177932739,0.45,-1,6
0,0,1,0.399894952774,0.45,1,6
3,3,1,0.351176977158,0.45,1,6
2,2,1,0.461239099503,0.45,-1,6
0,0,1,0.431214809418,0.45,1,6
2,2,1,0.307605981827,0.45,1,6
3,3,1,0.366672039032,0.45,1,6
1,1,1,0.264647006989,0.45,1,6
3,3,1,0.357122182846,0.45,1,6
0,0,1,0.409793138504,0.45,1,6
1,1,1,0.475631952286,0.45,-1,6
2,2,1,0.367767095566,0.45,1,6
1,1,1,0.403594017029,0.45,1,6
2,3,0,0.445642948151,0.45,-2,6
0,0,1,0.463805913925,0.45,-1,6
3,3,1,0.325424909592,0.45,1,6
2,2,1,0.359889984131,0.45,1,6
3,3,1,0.458781003952,0.45,-1,6
0,0,1,0.427135944366,0.45,1,6
2,2,1,0.42430305481,0.45,1,6
1,1,1,0.331130027771,0.45,1,6
3,3,1,0.318468093872,0.45,1,6
1,1,1,0.321958065033,0.45,1,6
0,0,1,0.436784029007,0.45,1,6
1,1,1,0.47132897377,0.45,-1,6
3,3,1,0.40457201004,0.45,1,6
2,2,1,0.41264796257,0.45,1,6
0,0,1,0.330163002014,0.45,1,6
2,2,1,0.446470975876,0.45,1,6
3,3,1,0.424291849136,0.45,1,6
0,0,1,0.571266889572,0.45,-1,6
3,3,1,0.414197921753,0.45,1,6
1,1,1,0.413604021072,0.45,1,6
2,2,1,0.448796033859,0.45,1,6
1,1,1,0.483409166336,0.45,-1,6
0,0,1,0.406065940857,0.45,1,6
1,1,1,0.624871969223,0.45,-1,6
0,0,1,0.459880113602,0.45,-1,6
3,3,1,0.464798927307,0.45,-1,6
2,2,1,0.553601026535,0.45,-1,6
3,3,1,0.487215042114,0.45,-1,6
0,0,1,0.446772813797,0.45,1,6
2,2,1,0.411438941956,0.45,1,6
1,1,1,0.341259002686,0.45,1,6
3,2,0,0.352013111115,0.45,-2,6
1,-1,0,0.7,0.45,-2,6
2,1,0,0.0153579711914,0.45,-2,6
0,0,1,0.459062099457,0.45,-1,6
1,1,1,0.357231140137,0.45,1,6
0,0,1,0.539077997208,0.45,-1,7
3,3,1,0.346073865891,0.45,1,7
1,1,1,0.302929878235,0.45,1,7
2,2,1,0.273005008698,0.45,1,7
1,1,1,0.293437004089,0.45,1,7
3,3,1,0.273920059204,0.45,1,7
2,3,0,0.388885974884,0.45,-2,7
3,3,1,0.397495031357,0.45,1,7
0,0,1,0.323193073273,0.45,1,7
1,1,1,0.356755971909,0.45,1,7
0,0,1,0.410150051117,0.45,1,7
2,2,1,0.3218998909,0.45,1,7
0,0,1,0.302103996277,0.45,1,7
2,2,1,0.30341219902,0.45,1,7
3,3,1,0.310953140259,0.45,1,7
1,1,1,0.257611036301,0.45,1,7
3,3,1,0.401131868362,0.45,1,7
2,2,1,0.432101011276,0.45,1,7
1,1,1,0.33053612709,0.45,1,7
0,0,1,0.260898113251,0.45,1,7
3,2,0,0.285758018494,0.45,-2,7
0,1,0,0.390049219131,0.45,-2,7
1,1,1,0.488094091415,0.45,-1,7
2,2,1,0.28919506073,0.45,1,7
0,3,0,0.13175702095,0.45,-2,7
1,1,1,0.425788879395,0.45,1,7
3,2,0,0.309700965881,0.45,-2,7
2,2,1,0.407629966736,0.45,1,7
1,1,1,0.296508073807,0.45,1,7
2,2,1,0.374341011047,0.45,1,7
3,3,1,0.418049097061,0.45,1,7
0,0,1,0.294257164001,0.45,1,7
3,2,0,0.287485837936,0.45,-2,7
1,1,1,0.338945150375,0.45,1,7
0,0,1,0.437937021255,0.45,1,7
2,3,0,0.295010089874,0.45,-2,7
0,0,1,0.342381000519,0.45,1,7
3,3,1,0.350951194763,0.45,1,7
1,1,1,0.316689968109,0.45,1,7
2,2,1,0.373961210251,0.45,1,7
1,1,1,0.336597919464,0.45,1,7
3,3,1,0.323779821396,0.45,1,7
2,2,1,0.430402994156,0.45,1,7
0,0,1,0.35514998436,0.45,1,7
2,2,1,0.405519008636,0.45,1,7
3,3,1,0.371798038483,0.45,1,7
0,0,1,0.419883966446,0.45,1,7
1,1,1,0.327049970627,0.45,1,7
0,0,1,0.421478033066,0.45,1,7
3,3,1,0.301312923431,0.45,1,7
2,1,0,0.364167928696,0.45,-2,7
1,1,1,0.455353975296,0.45,-1,7
3,3,1,0.362426042557,0.45,1,7
1,1,1,0.452361106873,0.45,-1,7
2,2,1,0.423238039017,0.45,1,7
0,0,1,0.36461019516,0.45,1,7
2,3,0,0.283485889435,0.45,-2,7
3,3,1,0.310699939728,0.45,1,7
0,0,1,0.347369909286,0.45,1,7
1,1,1,0.455781936646,0.45,-1,7
0,0,1,0.499095916748,0.45,-1,7
2,2,1,0.517606973648,0.45,-1,7
1,1,1,0.471987009048,0.45,-1,7
3,3,1,0.438009977341,0.45,1,7
2,2,1,0.479104042053,0.45,-1,7
3,3,1,0.459789037704,0.45,-1,7
1,1,1,0.358263969421,0.45,1,7
0,0,1,0.36953997612,0.45,1,7
3,3,1,0.45378613472,0.45,-1,7
0,0,1,0.440571069717,0.45,1,7
1,1,1,0.436589002609,0.45,1,7
2,2,1,0.333770990372,0.45,1,7
0,0,1,0.36080288887,0.45,1,7
2,2,1,0.333890199661,0.45,1,7
3,3,1,0.370849847794,0.45,1,7
1,1,1,0.365536928177,0.45,1,7
2,2,1,0.5826420784,0.45,-1,7
1,1,1,0.504033088684,0.45,-1,7
3,3,1,0.372064113617,0.45,1,7
0,0,1,0.353064060211,0.45,1,7
3,3,1,0.363862037659,0.45,1,7
2,2,1,0.408715009689,0.45,1,7
0,0,1,0.404399871826,0.45,1,7
1,1,1,0.486846923828,0.45,-1,7
0,0,1,0.450036048889,0.45,-1,7
2,2,1,0.406144857407,0.45,1,7
3,3,1,0.294643878937,0.45,1,7
1,1,1,0.356463909149,0.45,1,7
2,2,1,0.428889989853,0.45,1,7
1,1,1,0.400842905045,0.45,1,7
3,3,1,0.38871383667,0.45,1,7
0,0,1,0.361296892166,0.45,1,7
3,3,1,0.371041059494,0.45,1,7
2,1,0,0.349327087402,0.45,-2,7
0,0,1,0.328648805618,0.45,1,7
1,1,1,0.508729934692,0.45,-1,7
0,0,1,0.414921045303,0.45,1,7
3,3,1,0.371068954468,0.45,1,7
2,3,0,0.429105997086,0.45,-2,7
1,1,1,0.441416025162,0.45,1,7
2,2,1,0.396807193756,0.45,1,7
3,3,1,0.3841381073,0.45,1,7
1,1,1,0.348407030106,0.45,1,7
3,3,1,0.349921226501,0.45,1,7
0,0,1,0.376957893372,0.45,1,7
2,2,1,0.479229927063,0.45,-1,7
0,0,1,0.408672809601,0.45,1,7
1,1,1,0.340015888214,0.45,1,7
0,0,1,0.42180109024,0.45,1,7
2,2,1,0.42714881897,0.45,1,7
3,3,1,0.419728040695,0.45,1,7
1,1,1,0.449608802795,0.45,1,7
2,2,1,0.381871938705,0.45,1,7
1,1,1,0.342242002487,0.45,1,7
3,3,1,0.4043841362,0.45,1,7
0,0,1,0.390126943588,0.45,1,7
3,3,1,0.41162610054,0.45,1,7
2,2,1,0.420091867447,0.45,1,7
0,0,1,0.358826160431,0.45,1,7
1,0,0,0.386688947678,0.45,-2,7
0,-1,0,0.7,0.45,-2,7
1,0,0,0.00327706336975,0.45,-2,7
2,2,1,0.541279792786,0.45,-1,7
3,3,1,0.431809902191,0.45,1,7
1,1,1,0.362582921982,0.45,1,7
3,3,1,0.423094034195,0.45,1,7
2,2,1,0.451088905334,0.45,-1,7
0,0,1,0.318764209747,0.45,1,7
2,2,1,0.44890999794,0.45,1,7
1,1,1,0.405787944794,0.45,1,7
0,0,1,0.462162971497,0.45,-1,7
3,3,1,0.400061845779,0.45,1,7
0,0,1,0.43678188324,0.45,1,7
1,1,1,0.39061999321,0.45,1,7
2,2,1,0.346645116806,0.45,1,7
3,3,1,0.304488897324,0.45,1,7
2,2,1,0.473769903183,0.45,-1,7
1,1,1,0.309551954269,0.45,1,7
3,3,1,0.47100687027,0.45,-1,7
0,0,1,0.373303890228,0.45,1,7
2,2,1,0.312163829803,0.45,1,7
0,1,0,0.339641809464,0.45,-2,7
3,3,1,0.35178399086,0.45,1,7
1,1,1,0.336333036423,0.45,1,7
0,0,1,0.363984107971,0.45,1,7
1,1,1,0.448562860489,0.45,1,7
2,1,0,0.417483091354,0.45,-2,7
3,3,1,0.416203975677,0.45,1,7
1,1,1,0.442407131195,0.45,1,7
3,3,1,0.411250114441,0.45,1,7
2,2,1,0.408878087997,0.45,1,7
1,1,1,0.340159893036,0.45,1,7
0,0,1,0.376195907593,0.45,1,7
3,3,1,0.327198982239,0.45,1,7
0,0,1,0.460150003433,0.45,-1,7
2,2,1,0.369004011154,0.45,1,7
0,0,1,0.404773950577,0.45,1,7
1,1,1,0.413824081421,0.45,1,7
2,1,0,0.379350185394,0.45,-2,7
3,3,1,0.436178922653,0.45,1,7
2,2,1,0.551884889603,0.45,-1,7
1,1,1,0.413482904434,0.45,1,7
3,2,0,0.334260940552,0.45,-2,7
1,1,1,0.392443180084,0.45,1,7
0,0,1,0.365243911743,0.45,1,7
2,2,1,0.263231992722,0.45,1,7
0,0,1,0.379177093506,0.45,1,7
3,3,1,0.335144996643,0.45,1,7
0,0,1,0.35333108902,0.45,1,7
2,2,1,0.414563894272,0.45,1,7
3,3,1,0.410403966904,0.45,1,7
1,1,1,0.414582014084,0.45,1,7
3,3,1,0.304537057877,0.45,1,7
2,2,1,0.467417955399,0.45,-1,7
1,1,1,0.317039012909,0.45,1,7
0,0,1,0.409047842026,0.45,1,7
3,3,1,0.324749946594,0.45,1,7
0,0,1,0.440320968628,0.45,1,7
1,0,0,0.378566980362,0.45,-2,7
2,2,1,0.374029159546,0.45,1,7
0,0,1,0.443724155426,0.45,1,7
1,1,1,0.470160961151,0.45,-1,7
3,3,1,0.321754932404,0.45,1,7
2,1,0,0.305291891098,0.45,-2,7
1,1,1,0.439790010452,0.45,1,7
2,2,1,0.490156888962,0.45,-1,7
3,3,1,0.478959798813,0.45,-1,7
1,1,1,0.338441133499,0.45,1,7
0,0,1,0.426744937897,0.45,1,7
3,3,1,0.373430013657,0.45,1,7
0,0,1,0.395388841629,0.45,1,7
2,2,1,0.318629026413,0.45,1,7
0,0,1,0.432932853699,0.45,1,7
1,1,1,0.435992002487,0.45,1,7
2,2,1,0.36904001236,0.45,1,7
3,3,1,0.401171922684,0.45,1,7
2,2,1,0.413820028305,0.45,1,7
1,1,1,0.353695869446,0.45,1,7
3,3,1,0.390288829803,0.45,1,7
1,1,1,0.366737127304,0.45,1,7
0,0,1,0.379240989685,0.45,1,7
3,3,1,0.310866117477,0.45,1,7
0,0,1,0.394474029541,0.45,1,7
2,3,0,0.341036081314,0.45,-2,7
0,0,1,0.385321140289,0.45,1,7
3,3,1,0.466778993607,0.45,-1,7
1,0,0,0.43133187294,0.45,-2,7
2,2,1,0.392328023911,0.45,1,7
1,1,1,0.371393203735,0.45,1,7
3,3,1,0.36744093895,0.45,1,7
2,2,1,0.425569057465,0.45,1,7
3,3,1,0.420563936234,0.45,1,7
0,0,1,0.450176000595,0.45,-1,7
1,1,1,0.445097923279,0.45,1,7
0,0,1,0.560424089432,0.45,-1,7
2,2,1,0.458964109421,0.45,-1,7
0,0,1,0.432231903076,0.45,1,7
