probe,press,accuracy,rt,threshold,score,run_num
3,-1,0,0.7,0.45,-2,0
1,1,1,0.456442832947,0.45,-1,0
2,2,1,0.383332967758,0.45,1,0
0,0,1,0.344810962677,0.45,1,0
1,1,1,0.29118013382,0.45,1,0
0,0,1,0.336616039276,0.45,1,0
2,2,1,0.314279079437,0.45,1,0
3,3,1,0.302925109863,0.45,1,0
2,2,1,0.308562040329,0.45,1,0
1,1,1,0.299664974213,0.45,1,0
3,3,1,0.279416799545,0.45,1,0
0,0,1,0.249878168106,0.45,1,0
3,2,0,0.279986143112,0.45,-2,0
0,0,1,0.363083839417,0.45,1,0
2,2,1,0.326661109924,0.45,1,0
1,1,1,0.302366018295,0.45,1,0
0,0,1,0.290188074112,0.45,1,0
1,0,0,0.340901851654,0.45,-2,0
2,2,1,0.377199888229,0.45,1,0
3,3,1,0.28239107132,0.45,1,0
2,2,1,0.326349020004,0.45,1,0
0,0,1,0.326434850693,0.45,1,0
3,3,1,0.343400001526,0.45,1,0
1,1,1,0.386964082718,0.45,1,0
3,3,1,0.332857131958,0.45,1,0
0,0,1,0.288677930832,0.45,1,0
2,2,1,0.298027992249,0.45,1,0
1,1,1,0.28803396225,0.45,1,0
2,1,0,0.330655097961,0.45,-2,0
0,0,1,0.391033172607,0.45,1,0
1,0,0,0.367630958557,0.45,-2,0
3,3,1,0.398046970367,0.45,1,0
2,2,1,0.392382860184,0.45,1,0
3,3,1,0.369656085968,0.45,1,0
1,1,1,0.301628112793,0.45,1,0
0,0,1,0.29710817337,0.45,1,0
3,3,1,0.292629003525,0.45,1,0
0,0,1,0.416721105576,0.45,1,0
1,1,1,0.385140895844,0.45,1,0
2,2,1,0.34384393692,0.45,1,0
0,0,1,0.361865997314,0.45,1,0
2,2,1,0.36425113678,0.45,1,0
1,1,1,0.337934017181,0.45,1,0
0,0,1,0.388422012329,0.45,1,0
3,3,1,0.344854831696,0.45,1,0
1,1,1,0.321131944656,0.45,1,0
3,3,1,0.381829977036,0.45,1,0
2,2,1,0.392239093781,0.45,1,0
3,3,1,0.378510951996,0.45,1,0
0,0,1,0.334568023682,0.45,1,0
2,2,1,0.313965797424,0.45,1,0
1,1,1,0.302313089371,0.45,1,0
2,2,1,0.296954154968,0.45,1,0
0,0,1,0.299556016922,0.45,1,0
1,1,1,0.337419986725,0.45,1,0
0,0,1,0.354862928391,0.45,1,0
3,3,1,0.323312044144,0.45,1,0
1,1,1,0.303286075592,0.45,1,0
3,3,1,0.339686870575,0.45,1,0
2,2,1,0.367382049561,0.45,1,0
3,3,1,0.380343914032,0.45,1,0
2,2,1,0.390776872635,0.45,1,0
0,0,1,0.327191114426,0.45,1,0
1,1,1,0.322005987167,0.45,1,0
0,0,1,0.352859973907,0.45,1,0
2,2,1,0.289732933044,0.45,1,0
1,1,1,0.366260051727,0.45,1,0
2,2,1,0.352805137634,0.45,1,0
3,3,1,0.339579105377,0.45,1,0
0,0,1,0.303534030914,0.45,1,0
3,2,0,0.347275018692,0.45,-2,0
1,1,1,0.376871109009,0.45,1,0
3,3,1,0.330778837204,0.45,1,0
0,0,1,0.316607952118,0.45,1,0
1,1,1,0.354077100754,0.45,1,0
2,2,1,0.3495221138,0.45,1,0
1,1,1,0.365883827209,0.45,1,0
0,0,1,0.345138072968,0.45,1,0
2,1,0,0.340393066406,0.45,-2,0
0,0,1,0.457938909531,0.45,-1,0
3,3,1,0.354081869125,0.45,1,0
2,1,0,0.326873064041,0.45,-2,0
3,3,1,0.455846071243,0.45,-1,0
1,1,1,0.419485092163,0.45,1,0
3,3,1,0.346474885941,0.45,1,0
2,3,0,0.322179079056,0.45,-2,0
1,1,1,0.398751020432,0.45,1,0
0,0,1,0.362547874451,0.45,1,0
2,2,1,0.324622154236,0.45,1,0
0,0,1,0.426139831543,0.45,1,0
1,1,1,0.381464004517,0.45,1,0
2,2,1,0.298591852188,0.45,1,0
3,3,1,0.330944061279,0.45,1,0
0,0,1,0.302906036377,0.45,1,0
3,3,1,0.385102033615,0.45,1,0
1,2,0,0.38786482811,0.45,-2,0
3,3,1,0.37447810173,0.45,1,0
2,2,1,0.329471111298,0.45,1,0
0,0,1,0.333435058594,0.45,1,0
1,1,1,0.339301109314,0.45,1,0
0,0,1,0.338374137878,0.45,1,0
2,2,1,0.337179899216,0.45,1,0
1,1,1,0.314821958542,0.45,1,0
2,2,1,0.358302116394,0.45,1,0
3,3,1,0.338976144791,0.45,1,0
1,1,1,0.404330015182,0.45,1,0
3,3,1,0.401846885681,0.45,1,0
0,0,1,0.356760978699,0.45,1,0
3,2,0,0.305475950241,0.45,-2,0
0,0,1,0.410225152969,0.45,1,0
2,2,1,0.367119073868,0.45,1,0
1,1,1,0.328206777573,0.45,1,0
2,2,1,0.381395101547,0.45,1,0
0,0,1,0.358669042587,0.45,1,0
1,1,1,0.395978927612,0.45,1,0
0,0,1,0.465492010117,0.45,-1,0
3,3,1,0.352849960327,0.45,1,0
1,1,1,0.293104887009,0.45,1,0
3,3,1,0.337276935577,0.45,1,0
2,2,1,0.405384063721,0.45,1,0
3,3,1,0.431674003601,0.45,1,0
1,1,1,0.336641073227,0.45,1,0
0,0,1,0.341684103012,0.45,1,0
2,2,1,0.32977604866,0.45,1,0
0,0,1,0.413205862045,0.45,1,0
1,1,1,0.415590047836,0.45,1,0
2,2,1,0.343642950058,0.45,1,0
3,3,1,0.298825025558,0.45,1,0
0,0,1,0.294053792953,0.45,1,0
3,3,1,0.313201189041,0.45,1,0
2,2,1,0.310241937637,0.45,1,0
1,1,1,0.333724975586,0.45,1,0
3,3,1,0.325547933578,0.45,1,0
2,2,1,0.359747886658,0.45,1,0
1,1,1,0.338008165359,0.45,1,0
0,0,1,0.376564979553,0.45,1,0
1,1,1,0.380406141281,0.45,1,0
2,2,1,0.364852905273,0.45,1,0
0,0,1,0.391288995743,0.45,1,0
2,1,0,0.355529069901,0.45,-2,0
3,3,1,0.345027923584,0.45,1,0
1,1,1,0.340271949768,0.45,1,0
3,3,1,0.364567995071,0.45,1,0
0,0,1,0.353368997574,0.45,1,0
3,3,1,0.327440023422,0.45,1,0
1,1,1,0.302173852921,0.45,1,0
2,2,1,0.299731969833,0.45,1,0
0,0,1,0.317896842957,0.45,1,0
1,1,1,0.321957111359,0.45,1,0
0,0,1,0.354097127914,0.45,1,0
2,2,1,0.318503141403,0.45,1,0
1,1,1,0.294044971466,0.45,1,0
3,3,1,0.309953927994,0.45,1,0
2,2,1,0.352041006088,0.45,1,0
3,3,1,0.435623884201,0.45,1,0
0,0,1,0.370253801346,0.45,1,0
3,3,1,0.334346055984,0.45,1,0
1,1,1,0.285140991211,0.45,1,0
0,0,1,0.355679035187,0.45,1,0
2,2,1,0.325535058975,0.45,1,0
0,0,1,0.376172065735,0.45,1,0
1,0,0,0.379707098007,0.45,-2,0
2,2,1,0.463832855225,0.45,-1,0
1,1,1,0.442593097687,0.45,1,0
3,3,1,0.375068902969,0.45,1,0
2,2,1,0.42534995079,0.45,1,0
3,3,1,0.478138923645,0.45,-1,0
0,0,1,0.430260896683,0.45,1,0
3,3,1,0.394143819809,0.45,1,0
2,2,1,0.335046052933,0.45,1,0
0,0,1,0.415911912918,0.45,1,0
1,1,1,0.397091150284,0.45,1,0
2,2,1,0.362323999405,0.45,1,0
1,1,1,0.323719024658,0.45,1,0
0,0,1,0.368579864502,0.45,1,0
2,2,1,0.347393035889,0.45,1,0
3,3,1,0.332395076752,0.45,1,0
1,1,1,0.288727998734,0.45,1,0
3,3,1,0.322429895401,0.45,1,0
0,0,1,0.317053079605,0.45,1,0
3,3,1,0.377603054047,0.45,1,0
0,0,1,0.406177043915,0.45,1,0
1,1,1,0.391654014587,0.45,1,0
2,2,1,0.356155872345,0.45,1,0
1,1,1,0.343943119049,0.45,1,0
0,0,1,0.345279932022,0.45,1,0
2,2,1,0.325579166412,0.45,1,0
3,3,1,0.358632802963,0.45,1,0
1,1,1,0.31662607193,0.45,1,0
3,3,1,0.31326508522,0.45,1,0
2,2,1,0.396638870239,0.45,1,0
0,0,1,0.396796941757,0.45,1,0
3,3,1,0.418667078018,0.45,1,0
1,1,1,0.387056112289,0.45,1,0
2,2,1,1.4778008461,0.45,-1,0
0,-1,0,0.7,0.45,-2,0
2,-1,0,0.7,0.45,-2,0
1,-1,0,0.7,0.45,-2,0
0,0,1,0.49480509758,0.45,-1,0
3,3,1,0.409291982651,0.45,1,0
0,0,1,0.38600897789,0.45,1,0
1,1,1,0.335108041763,0.45,1,0
3,3,1,0.346749067307,0.45,1,0
2,3,0,0.387179136276,0.45,-2,0
3,3,1,0.430588006973,0.45,1,0
2,2,1,0.554690122604,0.45,-1,0
1,1,1,0.542333841324,0.45,-1,0
0,0,1,0.449421167374,0.45,1,0
2,2,1,0.349841117859,0.45,1,0
0,0,1,0.39950299263,0.45,1,0
1,1,1,0.369139909744,0.45,1,0
3,3,1,0.359244823456,0.45,1,0
0,0,1,0.363427877426,0.45,1,0
3,3,1,0.391294002533,0.45,1,0
1,1,1,0.377722024918,0.45,1,0
2,1,0,0.342542886734,0.45,-2,0
3,3,1,0.348771810532,0.45,1,0
3,3,1,0.455274105072,0.45,-1,1
0,0,1,0.391153097153,0.45,1,1
2,1,0,0.297221899033,0.45,-2,1
1,1,1,0.308726787567,0.45,1,1
0,0,1,0.329186916351,0.45,1,1
1,1,1,0.370737075806,0.45,1,1
2,2,1,0.353347063065,0.45,1,1
0,0,1,0.387137889862,0.45,1,1
3,3,1,0.367264986038,0.45,1,1
1,1,1,0.298768997192,0.45,1,1
3,3,1,0.358062028885,0.45,1,1
2,2,1,0.393137931824,0.45,1,1
3,3,1,0.402416944504,0.45,1,1
2,2,1,0.381899118423,0.45,1,1
0,0,1,0.399379014969,0.45,1,1
1,1,1,0.387278795242,0.45,1,1
0,0,1,0.465296030045,0.45,-1,1
2,2,1,0.393604040146,0.45,1,1
1,1,1,0.383889198303,0.45,1,1
2,2,1,0.323277950287,0.45,1,1
3,3,1,0.363310098648,0.45,1,1
1,1,1,0.45735001564,0.45,-1,1
3,3,1,0.340682983398,0.45,1,1
0,0,1,0.319561004639,0.45,1,1
3,2,0,0.38627910614,0.45,-2,1
2,2,1,0.470144987106,0.45,-1,1
1,1,1,0.402517080307,0.45,1,1
0,0,1,0.347534179688,0.45,1,1
2,2,1,0.313076019287,0.45,1,1
0,0,1,0.425309896469,0.45,1,1
1,1,1,0.419747829437,0.45,1,1
2,2,1,0.334669828415,0.45,1,1
3,3,1,0.314353942871,0.45,1,1
0,0,1,0.422362089157,0.45,1,1
3,3,1,0.440953016281,0.45,1,1
1,1,1,0.445060968399,0.45,1,1
3,3,1,0.31914806366,0.45,1,1
2,2,1,0.395812988281,0.45,1,1
1,1,1,0.360803842545,0.45,1,1
0,0,1,0.32318687439,0.45,1,1
2,2,1,0.364351034164,0.45,1,1
0,0,1,0.497628927231,0.45,-1,1
1,1,1,0.43125295639,0.45,1,1
2,2,1,0.359326124191,0.45,1,1
3,3,1,0.339673995972,0.45,1,1
0,0,1,0.390148162842,0.45,1,1
3,3,1,0.323007106781,0.45,1,1
1,1,1,0.325123071671,0.45,1,1
3,3,1,0.334707975388,0.45,1,1
2,3,0,0.372310161591,0.45,-2,1
0,0,1,0.424157857895,0.45,1,1
1,1,1,0.443386077881,0.45,1,1
2,2,1,0.316131830215,0.45,1,1
1,3,0,0.209815979004,0.45,-2,1
0,0,1,0.473923206329,0.45,-1,1
2,2,1,0.359532117844,0.45,1,1
3,3,1,0.393107891083,0.45,1,1
1,1,1,0.343644142151,0.45,1,1
3,3,1,0.36186003685,0.45,1,1
0,0,1,0.42683506012,0.45,1,1
3,3,1,0.472818851471,0.45,-1,1
1,2,0,0.46343588829,0.45,-2,1
2,2,1,0.452054023743,0.45,-1,1
0,0,1,0.394068956375,0.45,1,1
2,2,1,0.357666015625,0.45,1,1
1,1,1,0.326885938644,0.45,1,1
0,0,1,0.378192186356,0.45,1,1
3,3,1,0.373822927475,0.45,1,1
0,1,0,0.378802776337,0.45,-2,1
1,1,1,0.396900177002,0.45,1,1
3,3,1,0.345350980759,0.45,1,1
2,2,1,0.38586807251,0.45,1,1
3,3,1,0.464651107788,0.45,-1,1
1,0,0,0.499393939972,0.45,-2,1
0,0,1,0.485944032669,0.45,-1,1
2,2,1,0.350713014603,0.45,1,1
1,1,1,0.40403008461,0.45,1,1
2,2,1,0.55033493042,0.45,-1,1
0,0,1,0.460180044174,0.45,-1,1
1,1,1,0.387446880341,0.45,1,1
3,3,1,0.3844871521,0.45,1,1
2,2,1,0.370867013931,0.45,1,1
3,3,1,0.396523952484,0.45,1,1
0,0,1,0.363268136978,0.45,1,1
3,3,1,0.435389995575,0.45,1,1
0,0,1,0.367582798004,0.45,1,1
1,1,1,0.38685297966,0.45,1,1
2,2,1,0.358793020248,0.45,1,1
0,0,1,0.338243961334,0.45,1,1
2,2,1,0.358143806458,0.45,1,1
1,1,1,0.336012125015,0.45,1,1
0,0,1,0.347584009171,0.45,1,1
3,3,1,0.383190155029,0.45,1,1
2,2,1,0.364954948425,0.45,1,1
3,3,1,0.463411092758,0.45,-1,1
1,1,1,0.464766979218,0.45,-1,1
3,3,1,0.419574022293,0.45,1,1
2,2,1,0.416988134384,0.45,1,1
0,0,1,0.43417596817,0.45,1,1
1,1,1,0.39723610878,0.45,1,1
0,0,1,0.433437108994,0.45,1,1
2,2,1,0.42809510231,0.45,1,1
1,1,1,0.360380887985,0.45,1,1
2,2,1,0.403305053711,0.45,1,1
3,3,1,0.383677959442,0.45,1,1
1,1,1,0.371490955353,0.45,1,1
3,3,1,0.382595062256,0.45,1,1
0,0,1,0.392633914948,0.45,1,1
3,3,1,0.346070051193,0.45,1,1
0,0,1,0.350805997849,0.45,1,1
1,1,1,0.33615398407,0.45,1,1
2,2,1,0.331799983978,0.45,1,1
1,1,1,0.360188007355,0.45,1,1
0,0,1,0.363137960434,0.45,1,1
2,2,1,0.375217914581,0.45,1,1
0,0,1,0.378583908081,0.45,1,1
3,3,1,0.387882947922,0.45,1,1
2,2,1,0.400500059128,0.45,1,1
3,3,1,0.42023897171,0.45,1,1
1,1,1,0.36843419075,0.45,1,1
3,3,1,0.372344017029,0.45,1,1
2,2,1,0.404829978943,0.45,1,1
1,1,1,0.409050941467,0.45,1,1
0,0,1,0.410733938217,0.45,1,1
2,2,1,0.384731054306,0.45,1,1
0,0,1,0.442609071732,0.45,1,1
1,1,1,0.469743013382,0.45,-1,1
3,3,1,0.474986076355,0.45,-1,1
1,1,1,0.364197969437,0.45,1,1
2,2,1,0.366662025452,0.45,1,1
3,3,1,0.394136190414,0.45,1,1
0,1,0,0.365463972092,0.45,-2,1
3,2,0,0.403718948364,0.45,-2,1
2,2,1,0.502174139023,0.45,-1,1
1,1,1,0.50304889679,0.45,-1,1
0,0,1,0.491730928421,0.45,-1,1
1,1,1,0.448732852936,0.45,1,1
2,2,1,0.402983188629,0.45,1,1
0,0,1,0.335193157196,0.45,1,1
2,2,1,0.312431097031,0.45,1,1
3,3,1,0.355808973312,0.45,1,1
1,1,1,0.391313076019,0.45,1,1
3,3,1,0.451658964157,0.45,-1,1
0,0,1,0.439767837524,0.45,1,1
3,3,1,0.527547121048,0.45,-1,1
1,1,1,0.420778036118,0.45,1,1
2,2,1,0.343602180481,0.45,1,1
0,0,1,0.361891031265,0.45,1,1
2,2,1,0.37263917923,0.45,1,1
1,1,1,0.377205133438,0.45,1,1
0,0,1,0.402132987976,0.45,1,1
3,3,1,0.373902797699,0.45,1,1
2,2,1,0.378908157349,0.45,1,1
3,3,1,0.381013870239,0.45,1,1
0,0,1,0.368717908859,0.45,1,1
1,1,1,0.438202142715,0.45,1,1
3,3,1,0.438153028488,0.45,1,1
0,0,1,0.322134971619,0.45,1,1
2,2,1,0.383450031281,0.45,1,1
1,1,1,0.379767894745,0.45,1,1
2,2,1,0.431148052216,0.45,1,1
0,0,1,0.374834060669,0.45,1,1
1,1,1,0.402010202408,0.45,1,1
0,0,1,0.415392875671,0.45,1,1
3,3,1,0.376260042191,0.45,1,1
1,1,1,0.399230957031,0.45,1,1
3,3,1,0.433470010757,0.45,1,1
2,2,1,0.401412963867,0.45,1,1
3,3,1,0.440270900726,0.45,1,1
2,2,1,0.456300973892,0.45,-1,1
0,0,1,0.499969959259,0.45,-1,1
1,1,1,0.450520992279,0.45,-1,1
0,0,1,0.442340135574,0.45,1,1
2,2,1,0.368586063385,0.45,1,1
1,1,1,0.332888126373,0.45,1,1
2,2,1,0.367290019989,0.45,1,1
3,3,1,0.369471073151,0.45,1,1
0,0,1,0.395258188248,0.45,1,1
3,3,1,0.377880811691,0.45,1,1
1,1,1,0.3619389534,0.45,1,1
3,3,1,0.415019989014,0.45,1,1
0,0,1,0.387073993683,0.45,1,1
1,1,1,0.389399051666,0.45,1,1
2,2,1,0.367142915726,0.45,1,1
1,1,1,0.404250860214,0.45,1,1
0,0,1,0.399667024612,0.45,1,1
2,2,1,0.368253946304,0.45,1,1
0,0,1,0.371550798416,0.45,1,1
3,3,1,0.312477827072,0.45,1,1
2,2,1,0.38047504425,0.45,1,1
3,3,1,0.397480964661,0.45,1,1
1,1,1,0.364727020264,0.45,1,1
3,3,1,0.386969089508,0.45,1,1
1,1,1,0.42575097084,0.45,1,1
0,0,1,0.461894989014,0.45,-1,1
2,2,1,0.40185379982,0.45,1,1
0,0,1,0.467401027679,0.45,-1,1
1,1,1,0.422533035278,0.45,1,1
2,2,1,0.41856098175,0.45,1,1
1,1,1,0.364969015121,0.45,1,1
3,3,1,0.422611951828,0.45,1,1
0,0,1,0.376989841461,0.45,1,1
3,3,1,0.373879909515,0.45,1,1
2,2,1,0.383185148239,0.45,1,1
3,3,1,0.588807106018,0.45,-1,1
2,2,1,0.503961086273,0.45,-1,1
0,0,1,0.412596940994,0.45,1,1
1,1,1,0.389714956284,0.45,1,1
2,2,1,0.360165119171,0.45,1,1
1,1,1,0.403410196304,0.45,1,1
0,0,1,0.333878040314,0.45,1,1
3,3,1,0.450049877167,0.45,-1,1
1,1,1,0.38365483284,0.45,1,1
3,3,1,0.370934009552,0.45,1,1
0,0,1,0.350224971771,0.45,1,1
2,2,1,0.376526832581,0.45,1,1
3,3,1,0.364078998566,0.45,1,1
0,0,1,0.380373001099,0.45,1,2
1,1,1,0.372120141983,0.45,1,2
3,3,1,0.317677974701,0.45,1,2
2,2,1,0.325079917908,0.45,1,2
1,1,1,0.31941986084,0.45,1,2
2,2,1,0.379297971725,0.45,1,2
3,3,1,0.356160163879,0.45,1,2
1,1,1,0.312298059464,0.45,1,2
0,0,1,0.331658840179,0.45,1,2
2,1,0,0.342284202576,0.45,-2,2
0,1,0,0.410938024521,0.45,-2,2
3,3,1,0.359683990479,0.45,1,2
0,0,1,0.424898147583,0.45,1,2
1,1,1,0.388797998428,0.45,1,2
2,2,1,0.320313930511,0.45,1,2
3,3,1,0.314870119095,0.45,1,2
1,1,1,0.38139295578,0.45,1,2
3,3,1,0.367353916168,0.45,1,2
2,2,1,0.381550073624,0.45,1,2
0,0,1,0.441089868546,0.45,1,2
2,2,1,0.385585069656,0.45,1,2
1,1,1,0.350027084351,0.45,1,2
0,0,1,0.363559007645,0.45,1,2
3,3,1,0.310197114944,0.45,1,2
0,0,1,0.400166988373,0.45,1,2
1,1,1,0.404647111893,0.45,1,2
3,3,1,0.399666786194,0.45,1,2
2,2,1,0.377665996552,0.45,1,2
1,1,1,0.330661058426,0.45,1,2
2,2,1,0.399300098419,0.45,1,2
3,3,1,0.484823942184,0.45,-1,2
1,-1,0,0.7,0.45,-2,2
0,1,0,0.0666689872742,0.45,-2,2
2,2,1,0.36736702919,0.45,1,2
0,0,1,0.439697980881,0.45,1,2
3,3,1,0.450364112854,0.45,-1,2
0,0,1,0.439827919006,0.45,1,2
3,3,1,0.665180921555,0.45,-1,2
1,1,1,0.447374105453,0.45,1,2
2,2,1,0.366723060608,0.45,1,2
3,3,1,0.299156904221,0.45,1,2
2,2,1,0.374220848083,0.45,1,2
1,1,1,0.393536090851,0.45,1,2
3,3,1,0.423089027405,0.45,1,2
0,0,1,0.537195920944,0.45,-1,2
2,2,1,0.482233047485,0.45,-1,2
0,0,1,0.438065052032,0.45,1,2
1,1,1,0.408563137054,0.45,1,2
0,0,1,0.383506059647,0.45,1,2
3,3,1,0.361073970795,0.45,1,2
1,1,1,0.390511035919,0.45,1,2
2,2,1,0.376979112625,0.45,1,2
1,1,1,0.434784889221,0.45,1,2
3,3,1,0.357358932495,0.45,1,2
2,2,1,0.363564968109,0.45,1,2
3,3,1,0.386247158051,0.45,1,2
0,0,1,0.424462080002,0.45,1,2
1,1,1,0.402942895889,0.45,1,2
0,0,1,0.421404838562,0.45,1,2
2,2,1,0.362411022186,0.45,1,2
0,0,1,0.372182130814,0.45,1,2
3,3,1,0.302680015564,0.45,1,2
1,0,0,0.325146913528,0.45,-2,2
2,2,1,0.39276099205,0.45,1,2
3,3,1,0.400913953781,0.45,1,2
2,2,1,0.43176317215,0.45,1,2
1,1,1,0.375863075256,0.45,1,2
3,3,1,0.366574048996,0.45,1,2
0,0,1,0.366858959198,0.45,1,2
2,2,1,0.328794002533,0.45,1,2
0,0,1,0.399438858032,0.45,1,2
1,1,1,0.410434007645,0.45,1,2
0,0,1,0.39488196373,0.45,1,2
2,2,1,0.357256889343,0.45,1,2
1,1,1,0.394583940506,0.45,1,2
3,3,1,0.38903093338,0.45,1,2
1,0,0,0.344671964645,0.45,-2,2
2,2,1,0.340971946716,0.45,1,2
3,3,1,0.383999824524,0.45,1,2
2,2,1,0.393808841705,0.45,1,2
0,0,1,0.438323020935,0.45,1,2
1,1,1,0.409328937531,0.45,1,2
0,0,1,0.410911083221,0.45,1,2
3,3,1,0.327925920486,0.45,1,2
0,0,1,0.363821983337,0.45,1,2
2,2,1,0.391103982925,0.45,1,2
1,1,1,0.352759838104,0.45,1,2
3,3,1,0.406874895096,0.45,1,2
1,1,1,0.318973064423,0.45,1,2
2,2,1,0.333899974823,0.45,1,2
3,3,1,0.471320152283,0.45,-1,2
0,0,1,0.426265954971,0.45,1,2
1,1,1,0.415296077728,0.45,1,2
0,0,1,0.446711063385,0.45,1,2
3,3,1,0.330873966217,0.45,1,2
2,2,1,0.383394002914,0.45,1,2
0,1,0,0.351953029633,0.45,-2,2
2,2,1,0.391863822937,0.45,1,2
1,1,1,0.353790044785,0.45,1,2
3,3,1,0.461634159088,0.45,-1,2
1,1,1,0.342170000076,0.45,1,2
2,2,1,0.379241943359,0.45,1,2
3,3,1,0.325331926346,0.45,1,2
2,2,1,0.450695037842,0.45,-1,2
0,0,1,0.466808080673,0.45,-1,2
1,1,1,0.470659017563,0.45,-1,2
0,0,1,0.483583927155,0.45,-1,2
3,2,0,0.348775148392,0.45,-2,2
0,0,1,0.392519950867,0.45,1,2
2,2,1,0.341179132462,0.45,1,2
1,1,1,0.384984016418,0.45,1,2
3,3,1,0.393876075745,0.45,1,2
2,2,1,0.461149930954,0.45,-1,2
3,3,1,0.487850189209,0.45,-1,2
1,1,1,0.41272687912,0.45,1,2
0,0,1,0.399329900742,0.45,1,2
1,1,1,0.377077817917,0.45,1,2
2,2,1,0.383276939392,0.45,1,2
0,0,1,0.410066127777,0.45,1,2
3,3,1,0.34853887558,0.45,1,2
0,0,1,0.406749010086,0.45,1,2
3,2,0,0.56554889679,0.45,-2,2
1,1,1,0.45355796814,0.45,-1,2
2,3,0,0.385046958923,0.45,-2,2
3,3,1,0.446421861649,0.45,1,2
2,3,0,0.41562795639,0.45,-2,2
1,1,1,0.434545993805,0.45,1,2
0,0,1,0.312663078308,0.45,1,2
1,1,1,0.408937931061,0.45,1,2
3,3,1,0.430433988571,0.45,1,2
0,0,1,0.58403301239,0.45,-1,2
2,2,1,0.437735080719,0.45,1,2
0,0,1,0.384953975677,0.45,1,2
1,1,1,0.395816087723,0.45,1,2
2,2,1,0.37403011322,0.45,1,2
3,3,1,0.410823106766,0.45,1,2
1,1,1,0.387524843216,0.45,1,2
3,3,1,0.359606027603,0.45,1,2
2,2,1,0.428351163864,0.45,1,2
0,0,1,0.382205963135,0.45,1,2
3,3,1,0.320760011673,0.45,1,2
0,0,1,0.38338804245,0.45,1,2
2,1,0,0.350250959396,0.45,-2,2
1,1,1,0.378592967987,0.45,1,2
0,0,1,0.376383066177,0.45,1,2
3,3,1,0.393811941147,0.45,1,2
2,2,1,0.390830993652,0.45,1,2
1,1,1,0.433257102966,0.45,1,2
3,3,1,0.413255929947,0.45,1,2
1,1,1,0.349327087402,0.45,1,2
2,2,1,0.312560081482,0.45,1,2
3,3,1,0.367125034332,0.45,1,2
0,0,1,0.402405023575,0.45,1,2
1,1,1,0.446610927582,0.45,1,2
0,0,1,0.45637011528,0.45,-1,2
2,2,1,0.395704984665,0.45,1,2
0,0,1,0.44514799118,0.45,1,2
3,3,1,0.322704076767,0.45,1,2
2,-1,0,0.7,0.45,-2,2
1,2,0,0.341098070145,0.45,-2,2
2,1,0,0.0686321258545,0.45,-2,2
3,3,1,0.365300893784,0.45,1,2
1,1,1,0.345875024796,0.45,1,2
3,3,1,0.366291999817,0.45,1,2
0,0,1,0.360487937927,0.45,1,2
2,2,1,0.386730909348,0.45,1,2
0,0,1,0.421131134033,0.45,1,2
1,1,1,0.400506973267,0.45,1,2
0,0,1,0.419414997101,0.45,1,2
1,1,1,0.43780708313,0.45,1,2
3,3,1,0.417006015778,0.45,1,2
2,2,1,0.388499975204,0.45,1,2
3,3,1,0.416204929352,0.45,1,2
1,1,1,0.373984098434,0.45,1,2
2,2,1,0.391000986099,0.45,1,2
0,0,1,0.403699159622,0.45,1,2
3,3,1,0.516788959503,0.45,-1,2
0,0,1,0.476009130478,0.45,-1,2
2,2,1,0.375200033188,0.45,1,2
1,1,1,0.34369802475,0.45,1,2
0,0,1,0.397608995438,0.45,1,2
1,0,0,0.375374078751,0.45,-2,2
3,3,1,0.388098955154,0.45,1,2
2,2,1,0.389266014099,0.45,1,2
3,3,1,0.473911046982,0.45,-1,2
1,1,1,0.395677089691,0.45,1,2
2,3,0,0.361296892166,0.45,-2,2
0,1,0,0.337619066238,0.45,-2,2
3,3,1,0.414863824844,0.45,1,2
0,0,1,0.425682067871,0.45,1,2
2,2,1,0.338104963303,0.45,1,2
1,1,1,0.302524089813,0.45,1,2
0,0,1,0.363520860672,0.45,1,2
2,2,1,0.373822212219,0.45,1,2
3,3,1,0.411247014999,0.45,1,2
1,1,1,0.328131914139,0.45,1,2
3,3,1,0.410763978958,0.45,1,2
2,2,1,0.402145862579,0.45,1,2
1,1,1,0.356994867325,0.45,1,2
2,2,1,0.328537940979,0.45,1,2
0,1,0,0.309257030487,0.45,-2,2
1,1,1,0.512700080872,0.45,-1,2
0,0,1,0.413733005524,0.45,1,2
3,3,1,0.416094064713,0.45,1,2
0,0,1,0.458265066147,0.45,-1,2
1,1,1,0.380798816681,0.45,1,2
3,3,1,0.393748044968,0.45,1,2
2,2,1,0.380548000336,0.45,1,2
1,1,1,0.377418041229,0.45,1,2
2,2,1,0.378009080887,0.45,1,2
3,3,1,0.384223937988,0.45,1,2
0,0,1,0.38388299942,0.45,1,2
2,2,1,0.308920145035,0.45,1,2
0,0,1,0.397959947586,0.45,1,2
3,3,1,0.314753055573,0.45,1,2
1,1,1,0.309395074844,0.45,1,2
0,0,1,0.455581188202,0.45,-1,2
0,0,1,0.505503892899,0.45,-1,3
2,2,1,0.362164020538,0.45,1,3
1,1,1,0.294054031372,0.45,1,3
3,3,1,0.369112014771,0.45,1,3
1,1,1,0.341835975647,0.45,1,3
2,2,1,0.345773935318,0.45,1,3
3,3,1,0.307327985764,0.45,1,3
2,2,1,0.304491043091,0.45,1,3
0,0,1,0.249912977219,0.45,1,3
1,1,1,0.28271484375,0.45,1,3
0,0,1,0.343695878983,0.45,1,3
3,3,1,0.354979991913,0.45,1,3
0,0,1,0.381513118744,0.45,1,3
2,2,1,0.330321073532,0.45,1,3
3,3,1,0.357589960098,0.45,1,3
1,1,1,0.319575786591,0.45,1,3
3,3,1,0.371667146683,0.45,1,3
2,2,1,0.357177019119,0.45,1,3
1,1,1,0.380187034607,0.45,1,3
0,0,1,0.375000953674,0.45,1,3
1,1,1,0.370052814484,0.45,1,3
2,2,1,0.334151983261,0.45,1,3
0,0,1,0.317723989487,0.45,1,3
3,3,1,0.292771816254,0.45,1,3
0,0,1,0.461388111115,0.45,-1,3
3,2,0,0.386821985245,0.45,-2,3
1,1,1,0.373285055161,0.45,1,3
2,2,1,0.303740024567,0.45,1,3
3,3,1,0.268783807755,0.45,1,3
2,2,1,0.350680112839,0.45,1,3
1,1,1,0.33868098259,0.45,1,3
3,3,1,0.356351852417,0.45,1,3
0,0,1,0.296494960785,0.45,1,3
2,2,1,0.300074100494,0.45,1,3
0,0,1,0.296071052551,0.45,1,3
1,1,1,0.367189884186,0.45,1,3
0,0,1,0.372476100922,0.45,1,3
3,3,1,0.289324045181,0.45,1,3
1,1,1,0.419260978699,0.45,1,3
2,2,1,0.359894037247,0.45,1,3
3,3,1,0.329940080643,0.45,1,3
2,2,1,0.316118001938,0.45,1,3
1,1,1,0.305744886398,0.45,1,3
0,0,1,0.339246034622,0.45,1,3
2,2,1,0.300120830536,0.45,1,3
0,0,1,0.431861162186,0.45,1,3
1,1,1,0.445088148117,0.45,1,3
3,3,1,0.447218894958,0.45,1,3
0,0,1,0.42737698555,0.45,1,3
3,2,0,0.359320878983,0.45,-2,3
1,1,1,0.427356004715,0.45,1,3
2,2,1,0.356393098831,0.45,1,3
1,1,1,0.386773109436,0.45,1,3
3,3,1,0.364421129227,0.45,1,3
2,2,1,0.32642698288,0.45,1,3
0,0,1,0.369863033295,0.45,1,3
2,2,1,0.317903995514,0.45,1,3
3,3,1,0.337822198868,0.45,1,3
0,1,0,0.342129945755,0.45,-2,3
1,1,1,0.400826931,0.45,1,3
0,0,1,0.419442176819,0.45,1,3
3,3,1,0.383571863174,0.45,1,3
1,2,0,0.338896036148,0.45,-2,3
2,2,1,0.380301952362,0.45,1,3
3,3,1,0.41632604599,0.45,1,3
2,2,1,0.628718852997,0.45,-1,3
1,1,1,0.486474990845,0.45,-1,3
0,0,1,0.419462203979,0.45,1,3
1,1,1,0.390039920807,0.45,1,3
3,3,1,0.349936962128,0.45,1,3
0,0,1,0.332797050476,0.45,1,3
2,2,1,0.350986003876,0.45,1,3
0,0,1,0.330706834793,0.45,1,3
3,3,1,0.621824979782,0.45,-1,3
1,1,1,0.417735099792,0.45,1,3
2,2,1,0.394045829773,0.45,1,3
1,1,1,0.3889939785,0.45,1,3
3,3,1,0.367627859116,0.45,1,3
2,2,1,0.332879781723,0.45,1,3
0,0,1,0.377509832382,0.45,1,3
1,1,1,0.40159201622,0.45,1,3
0,0,1,0.416898012161,0.45,1,3
2,2,1,0.339107990265,0.45,1,3
3,3,1,0.381675004959,0.45,1,3
0,0,1,0.329040050507,0.45,1,3
2,2,1,0.311108827591,0.45,1,3
3,3,1,0.288599967957,0.45,1,3
1,1,1,0.333662986755,0.45,1,3
2,2,1,0.375150918961,0.45,1,3
1,1,1,0.419279813766,0.45,1,3
3,3,1,0.407347917557,0.45,1,3
0,0,1,0.342226028442,0.45,1,3
1,1,1,0.397708892822,0.45,1,3
0,0,1,0.381136894226,0.45,1,3
3,3,1,0.378554105759,0.45,1,3
2,1,0,0.317554950714,0.45,-2,3
0,0,1,0.513104915619,0.45,-1,3
1,1,1,0.466631889343,0.45,-1,3
3,2,0,0.423881053925,0.45,-2,3
2,2,1,0.600776910782,0.45,-1,3
1,1,1,0.476207017899,0.45,-1,3
2,2,1,0.394169092178,0.45,1,3
3,3,1,0.38561296463,0.45,1,3
1,1,1,0.357510089874,0.45,1,3
0,0,1,0.347408056259,0.45,1,3
3,3,1,0.364109992981,0.45,1,3
0,0,1,0.402240037918,0.45,1,3
2,2,1,0.349905967712,0.45,1,3
0,0,1,0.450448989868,0.45,-1,3
3,3,1,0.44186091423,0.45,1,3
1,1,1,0.380898952484,0.45,1,3
2,2,1,0.323306083679,0.45,1,3
3,3,1,0.293382883072,0.45,1,3
2,2,1,0.302161931992,0.45,1,3
1,1,1,0.306235074997,0.45,1,3
3,3,1,0.317770004272,0.45,1,3
0,0,1,0.385596990585,0.45,1,3
2,2,1,0.315330028534,0.45,1,3
0,0,1,0.415234088898,0.45,1,3
1,1,1,0.450641870499,0.45,-1,3
0,0,1,0.382488012314,0.45,1,3
2,2,1,0.315509080887,0.45,1,3
3,3,1,0.364162921906,0.45,1,3
1,1,1,0.334493875504,0.45,1,3
2,2,1,0.29976606369,0.45,1,3
1,1,1,0.368051052094,0.45,1,3
3,3,1,0.362609863281,0.45,1,3
2,2,1,0.370886087418,0.45,1,3
0,0,1,0.439996004105,0.45,1,3
1,1,1,0.418395042419,0.45,1,3
0,0,1,0.412914991379,0.45,1,3
3,3,1,0.369272947311,0.45,1,3
0,0,1,0.422868967056,0.45,1,3
1,1,1,0.400170087814,0.45,1,3
3,3,1,0.362637042999,0.45,1,3
2,2,1,0.302560091019,0.45,1,3
3,3,1,0.402637958527,0.45,1,3
1,1,1,0.325353860855,0.45,1,3
2,2,1,0.359866142273,0.45,1,3
1,1,1,0.470517873764,0.45,-1,3
0,0,1,0.38308095932,0.45,1,3
2,1,0,0.387181997299,0.45,-2,3
0,0,1,0.444669961929,0.45,1,3
3,3,1,0.393524885178,0.45,1,3
0,0,1,0.557023048401,0.45,-1,3
2,2,1,0.392408132553,0.45,1,3
1,1,1,0.313668012619,0.45,1,3
3,2,0,0.367614030838,0.45,-2,3
2,2,1,0.463959217072,0.45,-1,3
3,3,1,0.645745992661,0.45,-1,3
1,1,1,0.488315820694,0.45,-1,3
2,2,1,0.404092073441,0.45,1,3
0,0,1,0.415021896362,0.45,1,3
3,3,1,0.355835914612,0.45,1,3
0,3,0,0.223218917847,0.45,-2,3
1,1,1,0.425384998322,0.45,1,3
0,0,1,0.460947036743,0.45,-1,3
1,1,1,0.477718114853,0.45,-1,3
2,2,1,0.410269021988,0.45,1,3
3,3,1,0.368168115616,0.45,1,3
2,2,1,0.347155094147,0.45,1,3
1,1,1,0.354876995087,0.45,1,3
3,3,1,0.350390911102,0.45,1,3
0,0,1,0.379860877991,0.45,1,3
3,3,1,0.494163036346,0.45,-1,3
1,1,1,0.379066944122,0.45,1,3
0,0,1,0.386744022369,0.45,1,3
2,2,1,0.341526031494,0.45,1,3
0,1,0,0.394716024399,0.45,-2,3
1,1,1,0.427571058273,0.45,1,3
2,2,1,0.432799100876,0.45,1,3
3,3,1,0.555051088333,0.45,-1,3
2,2,1,0.424293041229,0.45,1,3
1,1,1,0.40221118927,0.45,1,3
3,3,1,0.479124069214,0.45,-1,3
0,0,1,0.412570953369,0.45,1,3
2,2,1,0.373464107513,0.45,1,3
0,0,1,0.34574007988,0.45,1,3
3,3,1,0.410971879959,0.45,1,3
1,1,1,0.436675071716,0.45,1,3
0,0,1,0.400264978409,0.45,1,3
3,3,1,0.428657054901,0.45,1,3
1,1,1,0.335800886154,0.45,1,3
2,2,1,0.313559055328,0.45,1,3
1,1,1,0.445506095886,0.45,1,3
3,3,1,0.362063169479,0.45,1,3
2,1,0,0.34860086441,0.45,-2,3
0,1,0,0.307549953461,0.45,-2,3
1,1,1,0.403953075409,0.45,1,3
0,0,1,0.416296005249,0.45,1,3
2,2,1,0.364026069641,0.45,1,3
3,3,1,0.421723127365,0.45,1,3
0,0,1,0.367888212204,0.45,1,3
3,3,1,0.365457057953,0.45,1,3
2,1,0,0.367841005325,0.45,-2,3
1,1,1,0.346765995026,0.45,1,3
3,3,1,0.41663813591,0.45,1,3
1,1,1,0.368510007858,0.45,1,3
2,2,1,0.350468158722,0.45,1,3
3,3,1,0.327492952347,0.45,1,3
0,0,1,0.330803155899,0.45,1,3
2,2,1,0.335639953613,0.45,1,3
0,0,1,0.457163095474,0.45,-1,3
1,1,1,0.492885828018,0.45,-1,3
0,0,1,0.535201072693,0.45,-1,3
3,3,1,0.418029069901,0.45,1,3
1,1,1,0.423028945923,0.45,1,3
2,2,1,0.41855096817,0.45,1,3
1,1,1,0.399326086044,0.45,1,3
3,3,1,0.418449163437,0.45,1,3
2,2,1,0.410094976425,0.45,1,3
3,3,1,0.494135856628,0.45,-1,3
0,0,1,0.423855066299,0.45,1,3
2,2,1,0.32572388649,0.45,1,3
0,0,1,0.454857826233,0.45,-1,3
1,1,1,0.453095912933,0.45,-1,3
0,0,1,0.457808017731,0.45,-1,3
1,1,1,0.50145816803,0.45,-1,4
3,3,1,0.397118091583,0.45,1,4
2,2,1,0.343017816544,0.45,1,4
0,0,1,0.309112071991,0.45,1,4
2,2,1,0.279210090637,0.45,1,4
3,3,1,0.389651060104,0.45,1,4
0,0,1,0.335606098175,0.45,1,4
1,1,1,0.298092126846,0.45,1,4
0,0,1,0.371505022049,0.45,1,4
3,2,0,0.337730169296,0.45,-2,4
1,1,1,0.364674806595,0.45,1,4
2,2,1,0.309807062149,0.45,1,4
1,1,1,0.377511024475,0.45,1,4
3,3,1,0.354501008987,0.45,1,4
0,1,0,0.368252038956,0.45,-2,4
2,2,1,0.331570148468,0.45,1,4
3,3,1,0.416601896286,0.45,1,4
2,2,1,0.424603939056,0.45,1,4
0,0,1,0.400310993195,0.45,1,4
3,2,0,0.337215185165,0.45,-2,4
1,1,1,0.411948204041,0.45,1,4
2,2,1,0.383352041245,0.45,1,4
1,1,1,0.402460098267,0.45,1,4
0,0,1,0.336183786392,0.45,1,4
1,1,1,0.377068042755,0.45,1,4
2,2,1,0.347589969635,0.45,1,4
3,3,1,0.337688922882,0.45,1,4
0,0,1,0.40193104744,0.45,1,4
3,3,1,0.452545166016,0.45,-1,4
2,2,1,0.434988021851,0.45,1,4
0,0,1,0.385890960693,0.45,1,4
2,2,1,0.359542131424,0.45,1,4
1,1,1,0.372941017151,0.45,1,4
0,0,1,0.366621017456,0.45,1,4
1,1,1,0.400402069092,0.45,1,4
3,3,1,0.396703958511,0.45,1,4
1,1,1,0.2983751297,0.45,1,4
3,3,1,0.401116132736,0.45,1,4
0,0,1,0.414416790009,0.45,1,4
2,2,1,0.347290992737,0.45,1,4
0,0,1,0.397416830063,0.45,1,4
3,3,1,0.39269900322,0.45,1,4
2,1,0,0.363749980927,0.45,-2,4
1,1,1,0.431334018707,0.45,1,4
0,0,1,0.346812963486,0.45,1,4
1,1,1,0.430863142014,0.45,1,4
2,2,1,0.383259057999,0.45,1,4
3,3,1,0.347310066223,0.45,1,4
1,1,1,0.286479949951,0.45,1,4
2,2,1,0.306098937988,0.45,1,4
3,0,0,0.28596997261,0.45,-2,4
0,0,1,0.418701887131,0.45,1,4
3,3,1,0.394387960434,0.45,1,4
2,2,1,0.35898399353,0.45,1,4
0,0,1,0.395689964294,0.45,1,4
2,2,1,0.360224962234,0.45,1,4
1,1,1,0.347570896149,0.45,1,4
3,3,1,0.366716861725,0.45,1,4
1,1,1,0.318791866302,0.45,1,4
0,0,1,0.371674060822,0.45,1,4
1,1,1,0.456602096558,0.45,-1,4
3,3,1,0.451151132584,0.45,-1,4
0,0,1,0.427129030228,0.45,1,4
2,2,1,0.392014026642,0.45,1,4
0,0,1,0.588176012039,0.45,-1,4
3,3,1,0.438352108002,0.45,1,4
2,2,1,0.372081041336,0.45,1,4
3,3,1,0.515929937363,0.45,-1,4
1,1,1,0.399675130844,0.45,1,4
0,0,1,0.387760162354,0.45,1,4
1,1,1,0.40042090416,0.45,1,4
2,2,1,0.419182062149,0.45,1,4
1,1,1,0.364784955978,0.45,1,4
0,0,1,0.416034936905,0.45,1,4
2,2,1,0.329956054688,0.45,1,4
3,3,1,0.417675018311,0.45,1,4
2,2,1,0.387110948563,0.45,1,4
0,0,1,0.404334068298,0.45,1,4
3,3,1,0.475063085556,0.45,-1,4
0,0,1,0.462578058243,0.45,-1,4
1,1,1,0.440366029739,0.45,1,4
2,2,1,0.313308000565,0.45,1,4
1,1,1,0.300660848618,0.45,1,4
3,3,1,0.400869131088,0.45,1,4
1,1,1,0.363003969193,0.45,1,4
2,2,1,0.42400097847,0.45,1,4
3,3,1,0.604863882065,0.45,-1,4
0,0,1,0.463829040527,0.45,-1,4
3,3,1,0.546540975571,0.45,-1,4
2,2,1,0.450782060623,0.45,-1,4
0,1,0,0.432178020477,0.45,-2,4
1,1,1,0.412431001663,0.45,1,4
3,3,1,0.517992019653,0.45,-1,4
1,1,1,0.367155075073,0.45,1,4
0,0,1,0.405433893204,0.45,1,4
2,2,1,0.431511878967,0.45,1,4
1,1,1,0.385953903198,0.45,1,4
2,2,1,0.358722925186,0.45,1,4
3,3,1,0.42028594017,0.45,1,4
0,0,1,0.39555811882,0.45,1,4
3,2,0,0.377743959427,0.45,-2,4
2,2,1,0.434059143066,0.45,1,4
0,0,1,0.517251014709,0.45,-1,4
2,2,1,0.38729095459,0.45,1,4
1,1,1,0.332327842712,0.45,1,4
3,3,1,0.433912038803,0.45,1,4
1,1,1,0.316018819809,0.45,1,4
0,0,1,0.424431085587,0.45,1,4
1,1,1,0.411036968231,0.45,1,4
2,2,1,0.333417892456,0.45,1,4
3,3,1,0.393858909607,0.45,1,4
0,1,0,0.372966051102,0.45,-2,4
3,2,0,0.400153875351,0.45,-2,4
2,2,1,0.394334077835,0.45,1,4
0,0,1,0.360610961914,0.45,1,4
1,1,1,0.400317907333,0.45,1,4
3,3,1,0.4208548069,0.45,1,4
1,1,1,0.417680978775,0.45,1,4
0,0,1,0.413097858429,0.45,1,4
2,2,1,0.352629899979,0.45,1,4
1,1,1,0.411823987961,0.45,1,4
0,0,1,0.341526031494,0.45,1,4
3,3,1,0.343793869019,0.45,1,4
2,2,1,0.381629943848,0.45,1,4
0,0,1,0.422366857529,0.45,1,4
2,2,1,0.361456871033,0.45,1,4
3,3,1,0.41961479187,0.45,1,4
0,0,1,0.376221895218,0.45,1,4
1,1,1,0.355994939804,0.45,1,4
2,2,1,0.367639064789,0.45,1,4
1,1,1,0.410906076431,0.45,1,4
3,3,1,0.381612062454,0.45,1,4
1,1,1,0.376652002335,0.45,1,4
2,2,1,0.342303037643,0.45,1,4
3,3,1,0.384465932846,0.45,1,4
0,0,1,0.398401975632,0.45,1,4
3,3,1,0.416979074478,0.45,1,4
2,2,1,0.364759206772,0.45,1,4
0,0,1,0.355386972427,0.45,1,4
2,2,1,0.377772808075,0.45,1,4
1,1,1,0.340682029724,0.45,1,4
0,0,1,0.31044793129,0.45,1,4
1,1,1,0.432855129242,0.45,1,4
3,3,1,0.398660898209,0.45,1,4
1,1,1,0.362411022186,0.45,1,4
2,2,1,0.325488090515,0.45,1,4
3,3,1,0.356741905212,0.45,1,4
0,0,1,0.331511974335,0.45,1,4
3,3,1,0.364825963974,0.45,1,4
2,2,1,0.392483949661,0.45,1,4
0,0,1,0.316248178482,0.45,1,4
1,1,1,0.464848041534,0.45,-1,4
0,0,1,0.427709817886,0.45,1,4
2,2,1,0.318994998932,0.45,1,4
1,1,1,0.577149152756,0.45,-1,4
3,3,1,0.330821990967,0.45,1,4
1,1,1,0.311929941177,0.45,1,4
2,2,1,0.354596138,0.45,1,4
0,0,1,0.359915018082,0.45,1,4
3,3,1,0.371427059174,0.45,1,4
0,0,1,0.346827030182,0.45,1,4
2,2,1,0.376471042633,0.45,1,4
3,3,1,0.417999982834,0.45,1,4
1,1,1,0.327811956406,0.45,1,4
0,0,1,0.352200984955,0.45,1,4
1,1,1,0.345873832703,0.45,1,4
3,3,1,0.439070940018,0.45,1,4
2,2,1,0.377990007401,0.45,1,4
1,1,1,0.308647155762,0.45,1,4
3,3,1,0.385210990906,0.45,1,4
2,2,1,0.363511800766,0.45,1,4
0,0,1,0.440783977509,0.45,1,4
2,2,1,0.36275100708,0.45,1,4
3,3,1,0.422713041306,0.45,1,4
0,0,1,0.404396057129,0.45,1,4
3,3,1,0.422125101089,0.45,1,4
1,1,1,0.354485034943,0.45,1,4
2,2,1,0.347615003586,0.45,1,4
1,1,1,0.357567071915,0.45,1,4
0,0,1,0.377996206284,0.45,1,4
1,1,1,0.389633893967,0.45,1,4
0,0,1,0.471004009247,0.45,-1,4
2,2,1,0.417583942413,0.45,1,4
3,3,1,0.352282047272,0.45,1,4
0,0,1,0.435355901718,0.45,1,4
3,3,1,0.382492780685,0.45,1,4
2,2,1,0.339071035385,0.45,1,4
1,1,1,0.453061103821,0.45,-1,4
3,3,1,0.425695896149,0.45,1,4
1,1,1,0.300514936447,0.45,1,4
2,2,1,0.292335033417,0.45,1,4
0,0,1,0.353377819061,0.45,1,4
1,1,1,0.402325868607,0.45,1,4
3,3,1,0.43222784996,0.45,1,4
0,0,1,0.45818901062,0.45,-1,4
2,2,1,0.360239028931,0.45,1,4
3,3,1,0.47598695755,0.45,-1,4
2,3,0,0.470071077347,0.45,-2,4
0,0,1,0.399342775345,0.45,1,4
3,2,0,0.317398071289,0.45,-2,4
1,1,1,0.392189025879,0.45,1,4
2,2,1,0.376613855362,0.45,1,4
1,1,1,0.343562841415,0.45,1,4
0,0,1,0.289163827896,0.45,1,4
1,1,1,0.444605112076,0.45,1,4
2,2,1,0.376125097275,0.45,1,4
3,3,1,0.298141002655,0.45,1,4
0,1,0,0.343213796616,0.45,-2,4
3,3,1,0.455718994141,0.45,-1,4
2,2,1,0.436566114426,0.45,1,4
0,0,1,0.413243055344,0.45,1,4
1,1,1,0.387971878052,0.45,1,4
3,3,1,0.494075059891,0.45,-1,4
1,1,1,0.472550868988,0.45,-1,4
0,0,1,0.418346166611,0.45,1,4
2,2,1,0.352639913559,0.45,1,4
1,1,1,0.26833987236,0.45,1,4
1,1,1,0.399907112122,0.45,1,5
0,0,1,0.335617780685,0.45,1,5
2,2,1,0.316906929016,0.45,1,5
3,3,1,0.343564987183,0.45,1,5
0,1,0,0.322869062424,0.45,-2,5
3,2,0,0.343966007233,0.45,-2,5
2,2,1,0.387398958206,0.45,1,5
0,0,1,0.342540025711,0.45,1,5
1,1,1,0.305902004242,0.45,1,5
3,2,0,0.312762022018,0.45,-2,5
1,1,1,0.359041929245,0.45,1,5
2,2,1,0.424649000168,0.45,1,5
1,1,1,0.372960090637,0.45,1,5
0,0,1,0.311028003693,0.45,1,5
2,2,1,0.322644948959,0.45,1,5
3,3,1,0.367729187012,0.45,1,5
2,2,1,0.44101691246,0.45,1,5
0,0,1,0.55610704422,0.45,-1,5
3,3,1,0.423733949661,0.45,1,5
1,1,1,0.292573213577,0.45,1,5
2,2,1,0.308944940567,0.45,1,5
1,1,1,0.306752920151,0.45,1,5
3,3,1,0.36470413208,0.45,1,5
0,0,1,0.382444858551,0.45,1,5
1,1,1,0.379403829575,0.45,1,5
2,2,1,0.397906780243,0.45,1,5
0,0,1,0.407717943192,0.45,1,5
3,3,1,0.434859037399,0.45,1,5
0,0,1,0.425215005875,0.45,1,5
2,2,1,0.389518976212,0.45,1,5
3,3,1,0.341789960861,0.45,1,5
2,2,1,0.352806806564,0.45,1,5
1,1,1,0.309810161591,0.45,1,5
3,3,1,0.337853193283,0.45,1,5
1,1,1,0.339313030243,0.45,1,5
0,0,1,0.398777961731,0.45,1,5
1,1,1,0.394223928452,0.45,1,5
0,0,1,0.614038944244,0.45,-1,5
3,3,1,0.506201028824,0.45,-1,5
2,2,1,0.438519001007,0.45,1,5
0,0,1,0.392668962479,0.45,1,5
2,2,1,0.32910490036,0.45,1,5
3,3,1,0.50380897522,0.45,-1,5
1,1,1,0.384406089783,0.45,1,5
2,2,1,0.331923007965,0.45,1,5
1,1,1,0.289984941483,0.45,1,5
3,3,1,0.346611976624,0.45,1,5
0,0,1,0.336902141571,0.45,1,5
1,1,1,0.393740177155,0.45,1,5
2,2,1,0.269726991653,0.45,1,5
3,3,1,0.370820045471,0.45,1,5
0,0,1,0.354211807251,0.45,1,5
3,3,1,0.39831495285,0.45,1,5
2,2,1,0.418138980865,0.45,1,5
0,0,1,0.406975030899,0.45,1,5
1,1,1,0.359236955643,0.45,1,5
0,0,1,0.397789955139,0.45,1,5
2,2,1,0.303329944611,0.45,1,5
1,1,1,0.291604995728,0.45,1,5
3,3,1,0.327088117599,0.45,1,5
1,1,1,0.410722017288,0.45,1,5
3,3,1,0.458931922913,0.45,-1,5
0,0,1,0.397652864456,0.45,1,5
2,2,1,0.316170930862,0.45,1,5
3,3,1,0.407003164291,0.45,1,5
2,2,1,0.393443107605,0.45,1,5
0,0,1,0.366908073425,0.45,1,5
1,1,1,0.337239980698,0.45,1,5
0,0,1,0.445076942444,0.45,1,5
3,3,1,0.391659975052,0.45,1,5
1,1,1,0.314983129501,0.45,1,5
2,2,1,0.310823917389,0.45,1,5
1,1,1,0.320909976959,0.45,1,5
0,0,1,0.380315065384,0.45,1,5
2,2,1,0.341170072556,0.45,1,5
3,3,1,0.32102394104,0.45,1,5
2,2,1,0.389432907104,0.45,1,5
0,0,1,0.423768043518,0.45,1,5
3,3,1,0.442727088928,0.45,1,5
1,1,1,0.376615047455,0.45,1,5
3,3,1,0.483493089676,0.45,-1,5
0,0,1,0.382174015045,0.45,1,5
1,1,1,0.384509801865,0.45,1,5
2,2,1,0.332592010498,0.45,1,5
1,1,1,0.425092935562,0.45,1,5
0,0,1,0.338495969772,0.45,1,5
3,3,1,0.293362140656,0.45,1,5
2,2,1,0.281508922577,0.45,1,5
3,3,1,0.333965063095,0.45,1,5
0,0,1,0.417020797729,0.45,1,5
2,2,1,0.314066886902,0.45,1,5
1,1,1,0.316220998764,0.45,1,5
2,3,0,0.243450880051,0.45,-2,5
0,0,1,0.386956930161,0.45,1,5
1,1,1,0.399082899094,0.45,1,5
3,3,1,0.452080965042,0.45,-1,5
1,1,1,0.38374710083,0.45,1,5
3,2,0,0.375943183899,0.45,-2,5
2,2,1,0.370772838593,0.45,1,5
0,0,1,0.336889982224,0.45,1,5
3,2,0,0.300529003143,0.45,-2,5
0,0,1,0.406224012375,0.45,1,5
2,2,1,0.354863882065,0.45,1,5
3,3,1,0.374649047852,0.45,1,5
1,1,1,0.329687833786,0.45,1,5
0,0,1,0.330975055695,0.45,1,5
1,1,1,0.422277927399,0.45,1,5
2,2,1,0.354297876358,0.45,1,5
1,1,1,0.380144119263,0.45,1,5
3,3,1,0.36022901535,0.45,1,5
0,0,1,0.396546840668,0.45,1,5
2,2,1,0.3121509552,0.45,1,5
0,0,1,0.412167072296,0.45,1,5
3,3,1,0.399803161621,0.45,1,5
2,2,1,0.367493867874,0.45,1,5
3,3,1,0.435732126236,0.45,1,5
1,1,1,0.420975923538,0.45,1,5
2,2,1,0.433034181595,0.45,1,5
1,1,1,0.446479082108,0.45,1,5
0,0,1,0.416949033737,0.45,1,5
1,1,1,0.427886009216,0.45,1,5
0,0,1,0.39063501358,0.45,1,5
2,2,1,0.315975189209,0.45,1,5
3,3,1,0.414828062057,0.45,1,5
0,0,1,0.346748113632,0.45,1,5
3,2,0,0.309067964554,0.45,-2,5
2,2,1,0.582515001297,0.45,-1,5
1,1,1,0.418364048004,0.45,1,5
2,2,1,0.422605991364,0.45,1,5
0,0,1,0.395138978958,0.45,1,5
1,1,1,0.414761066437,0.45,1,5
3,3,1,0.353334903717,0.45,1,5
1,1,1,0.411489009857,0.45,1,5
3,2,0,0.351423978806,0.45,-2,5
0,0,1,0.434117078781,0.45,1,5
2,2,1,0.324631929398,0.45,1,5
0,1,0,0.321480035782,0.45,-2,5
3,3,1,0.492555856705,0.45,-1,5
2,2,1,0.334421157837,0.45,1,5
3,3,1,0.490558862686,0.45,-1,5
1,1,1,0.380263090134,0.45,1,5
0,0,1,0.384327888489,0.45,1,5
1,1,1,0.41826415062,0.45,1,5
2,2,1,0.486864089966,0.45,-1,5
1,1,1,0.464712142944,0.45,-1,5
3,3,1,0.422212123871,0.45,1,5
2,2,1,0.423653125763,0.45,1,5
0,0,1,0.340365886688,0.45,1,5
3,2,0,0.3776679039,0.45,-2,5
0,0,1,0.468152046204,0.45,-1,5
2,2,1,0.342783927917,0.45,1,5
3,3,1,0.435642957687,0.45,1,5
1,1,1,0.295152187347,0.45,1,5
2,2,1,0.312824964523,0.45,1,5
1,1,1,0.305859804153,0.45,1,5
0,0,1,0.304406881332,0.45,1,5
1,1,1,0.36786198616,0.45,1,5
3,3,1,0.413926124573,0.45,1,5
0,0,1,0.424721956253,0.45,1,5
2,2,1,0.342089891434,0.45,1,5
3,3,1,0.432835102081,0.45,1,5
2,2,1,0.433754920959,0.45,1,5
0,0,1,0.443737983704,0.45,1,5
3,3,1,0.466604232788,0.45,-1,5
1,1,1,0.331656932831,0.45,1,5
0,0,1,0.348399162292,0.45,1,5
1,0,0,0.37097287178,0.45,-2,5
2,2,1,0.35614991188,0.45,1,5
1,1,1,0.411806106567,0.45,1,5
3,3,1,0.380676031113,0.45,1,5
2,2,1,0.394388914108,0.45,1,5
0,0,1,0.43373298645,0.45,1,5
3,3,1,0.366155862808,0.45,1,5
0,0,1,0.434166908264,0.45,1,5
2,2,1,0.363280057907,0.45,1,5
3,3,1,0.399861097336,0.45,1,5
1,1,1,0.322381019592,0.45,1,5
0,0,1,0.317239999771,0.45,1,5
1,1,1,0.425956010818,0.45,1,5
2,2,1,0.340808868408,0.45,1,5
1,1,1,0.320861101151,0.45,1,5
3,2,0,0.347499847412,0.45,-2,5
2,2,1,0.35889005661,0.45,1,5
0,1,0,0.330456972122,0.45,-2,5
3,3,1,0.662431001663,0.45,-1,5
0,0,1,0.424880981445,0.45,1,5
2,2,1,0.362235784531,0.45,1,5
3,3,1,0.399976015091,0.45,1,5
1,1,1,0.386938095093,0.45,1,5
2,2,1,0.350943088531,0.45,1,5
1,1,1,0.313433885574,0.45,1,5
0,0,1,0.36428809166,0.45,1,5
1,1,1,0.409267902374,0.45,1,5
2,2,1,0.360110998154,0.45,1,5
0,0,1,0.414800882339,0.45,1,5
3,3,1,0.354147911072,0.45,1,5
0,0,1,0.340801000595,0.45,1,5
2,2,1,0.313122987747,0.45,1,5
3,3,1,0.355940103531,0.45,1,5
1,1,1,0.350253105164,0.45,1,5
0,0,1,0.297137022018,0.45,1,5
1,1,1,0.306832075119,0.45,1,5
3,3,1,0.416435956955,0.45,1,5
2,2,1,0.378206014633,0.45,1,5
1,1,1,0.344059944153,0.45,1,5
0,0,1,0.323399066925,0.45,1,5
3,3,1,0.394417047501,0.45,1,5
2,2,1,0.384600162506,0.45,1,5
3,3,1,0.378046989441,0.45,1,5
0,0,1,0.376049995422,0.45,1,5
2,2,1,0.345779895782,0.45,1,5
1,1,1,0.30641412735,0.45,1,5
3,3,1,0.327198028564,0.45,1,5
1,1,1,0.379956007004,0.45,1,5
2,2,1,0.37495803833,0.45,1,5
0,0,1,0.457967996597,0.45,-1,5
1,1,1,0.422133922577,0.45,1,5
1,1,1,0.376035928726,0.45,1,6
0,0,1,0.35363483429,0.45,1,6
2,2,1,0.292865037918,0.45,1,6
3,3,1,0.306149959564,0.45,1,6
0,0,1,0.343351125717,0.45,1,6
3,3,1,0.399194955826,0.45,1,6
2,2,1,0.378769874573,0.45,1,6
0,0,1,0.349488019943,0.45,1,6
1,1,1,0.371275901794,0.45,1,6
2,2,1,0.347026109695,0.45,1,6
1,1,1,0.343840122223,0.45,1,6
3,3,1,0.355016946793,0.45,1,6
1,1,1,0.392678976059,0.45,1,6
0,0,1,0.331284999847,0.45,1,6
3,3,1,0.405550003052,0.45,1,6
2,2,1,0.370009899139,0.45,1,6
0,0,1,0.316165924072,0.45,1,6
2,2,1,0.311784029007,0.45,1,6
3,3,1,0.355360984802,0.45,1,6
1,1,1,0.350775003433,0.45,1,6
2,1,0,0.329658985138,0.45,-2,6
1,1,1,0.429272174835,0.45,1,6
3,3,1,0.373656988144,0.45,1,6
0,0,1,0.345266819,0.45,1,6
1,1,1,0.336477041245,0.45,1,6
2,2,1,0.347496032715,0.45,1,6
0,0,1,0.356180906296,0.45,1,6
3,3,1,0.288571834564,0.45,1,6
0,0,1,0.433450937271,0.45,1,6
2,2,1,0.375385046005,0.45,1,6
3,3,1,0.386595964432,0.45,1,6
2,2,1,0.422307014465,0.45,1,6
1,1,1,0.359231948853,0.45,1,6
0,0,1,0.394406795502,0.45,1,6
1,1,1,0.407299995422,0.45,1,6
3,3,1,0.435675144196,0.45,1,6
1,1,1,0.371871948242,0.45,1,6
2,3,0,0.305636882782,0.45,-2,6
3,3,1,0.451454877853,0.45,-1,6
0,0,1,0.463622808456,0.45,-1,6
3,3,1,0.363307952881,0.45,1,6
2,2,1,0.332306146622,0.45,1,6
0,0,1,0.399878025055,0.45,1,6
1,1,1,0.395182847977,0.45,1,6
3,3,1,0.398380994797,0.45,1,6
1,1,1,0.329509019852,0.45,1,6
0,0,1,0.336735010147,0.45,1,6
2,2,1,0.284427881241,0.45,1,6
1,1,1,0.428070068359,0.45,1,6
3,3,1,0.309594154358,0.45,1,6
2,2,1,0.493715047836,0.45,-1,6
0,0,1,0.412794828415,0.45,1,6
3,3,1,0.425065994263,0.45,1,6
0,0,1,0.366010189056,0.45,1,6
2,2,1,0.327459096909,0.45,1,6
3,3,1,0.397253036499,0.45,1,6
1,1,1,0.349658966064,0.45,1,6
2,2,1,0.353212118149,0.45,1,6
1,1,1,0.463005065918,0.45,-1,6
0,0,1,0.392843008041,0.45,1,6
1,1,1,0.450958013535,0.45,-1,6
3,3,1,0.431416034698,0.45,1,6
2,2,1,0.399128913879,0.45,1,6
0,0,1,0.382894992828,0.45,1,6
3,2,0,0.366353034973,0.45,-2,6
0,0,1,0.516285896301,0.45,-1,6
2,2,1,0.365277051926,0.45,1,6
3,3,1,0.420537948608,0.45,1,6
1,1,1,0.439144134521,0.45,1,6
0,0,1,0.361917972565,0.45,1,6
1,1,1,0.394263982773,0.45,1,6
2,2,1,0.319063901901,0.45,1,6
1,1,1,0.380384922028,0.45,1,6
2,2,1,0.340299844742,0.45,1,6
3,3,1,0.346270084381,0.45,1,6
0,0,1,0.332875967026,0.45,1,6
3,2,0,0.327137947083,0.45,-2,6
2,2,1,0.378262996674,0.45,1,6
0,0,1,0.372404098511,0.45,1,6
1,1,1,0.411545038223,0.45,1,6
0,0,1,0.421706914902,0.45,1,6
2,2,1,0.375878095627,0.45,1,6
1,1,1,0.332778930664,0.45,1,6
3,3,1,0.390923976898,0.45,1,6
1,1,1,0.361642122269,0.45,1,6
3,3,1,0.355971813202,0.45,1,6
2,2,1,0.440717220306,0.45,1,6
0,0,1,0.355530023575,0.45,1,6
2,2,1,0.309629917145,0.45,1,6
3,3,1,0.418280124664,0.45,1,6
0,0,1,0.381014823914,0.45,1,6
3,3,1,0.369981050491,0.45,1,6
1,1,1,0.31026506424,0.45,1,6
0,0,1,0.350347042084,0.45,1,6
1,1,1,0.409509897232,0.45,1,6
2,2,1,0.364414930344,0.45,1,6
1,1,1,0.457464933395,0.45,-1,6
3,3,1,0.426450967789,0.45,1,6
0,0,1,0.376899003983,0.45,1,6
2,2,1,0.32365489006,0.45,1,6
0,0,1,0.32675409317,0.45,1,6
3,2,0,0.366849899292,0.45,-2,6
2,2,1,0.404007911682,0.45,1,6
3,3,1,0.422115087509,0.45,1,6
1,1,1,0.337923049927,0.45,1,6
0,0,1,0.366636037827,0.45,1,6
1,1,1,0.38502907753,0.45,1,6
2,2,1,0.358667135239,0.45,1,6
1,1,1,0.399101018906,0.45,1,6
3,3,1,0.418018817902,0.45,1,6
0,1,0,0.406526088715,0.45,-2,6
2,2,1,0.339442968369,0.45,1,6
3,3,1,0.355636119843,0.45,1,6
2,2,1,0.390700817108,0.45,1,6
0,0,1,0.380594015121,0.45,1,6
1,1,1,0.367962121964,0.45,1,6
2,2,1,0.354797124863,0.45,1,6
1,2,0,0.341418027878,0.45,-2,6
0,0,1,0.392228126526,0.45,1,6
3,3,1,0.388989925385,0.45,1,6
1,1,1,0.383053064346,0.45,1,6
3,3,1,0.392584085464,0.45,1,6
0,0,1,0.379856109619,0.45,1,6
2,2,1,0.320062160492,0.45,1,6
0,0,1,0.402770996094,0.45,1,6
3,3,1,0.430345058441,0.45,1,6
2,2,1,0.361798048019,0.45,1,6
3,3,1,0.44451713562,0.45,1,6
1,1,1,0.415765047073,0.45,1,6
2,2,1,0.418384075165,0.45,1,6
1,1,1,0.431891918182,0.45,1,6
0,0,1,0.396831035614,0.45,1,6
1,1,1,0.375185012817,0.45,1,6
0,0,1,0.51575088501,0.45,-1,6
2,2,1,0.395722150803,0.45,1,6
3,3,1,0.375380039215,0.45,1,6
2,1,0,0.313065052032,0.45,-2,6
0,0,1,0.384104013443,0.45,1,6
3,3,1,0.42578792572,0.45,1,6
0,0,1,0.434500932693,0.45,1,6
1,1,1,0.422856807709,0.45,1,6
3,3,1,0.379671096802,0.45,1,6
1,1,1,0.344769954681,0.45,1,6
2,2,1,0.337516069412,0.45,1,6
1,1,1,0.315888166428,0.45,1,6
2,2,1,0.400442123413,0.45,1,6
3,3,1,0.404268980026,0.45,1,6
0,0,1,0.372485876083,0.45,1,6
2,2,1,0.322957992554,0.45,1,6
0,1,0,0.271979093552,0.45,-2,6
3,2,0,0.31179690361,0.45,-2,6
2,2,1,0.356398105621,0.45,1,6
1,1,1,0.337456941605,0.45,1,6
3,3,1,0.369287014008,0.45,1,6
1,1,1,0.351769924164,0.45,1,6
0,0,1,0.385006904602,0.45,1,6
1,0,0,0.402235984802,0.45,-2,6
3,3,1,0.367529153824,0.45,1,6
0,0,1,0.385053157806,0.45,1,6
2,2,1,0.309075117111,0.45,1,6
0,0,1,0.418426990509,0.45,1,6
3,3,1,0.355643987656,0.45,1,6
2,2,1,0.359293937683,0.45,1,6
3,3,1,0.393424987793,0.45,1,6
1,1,1,0.319514036179,0.45,1,6
2,2,1,0.384573936462,0.45,1,6
1,1,1,0.342637062073,0.45,1,6
0,0,1,0.36590886116,0.45,1,6
1,1,1,0.404745101929,0.45,1,6
2,2,1,0.357662916183,0.45,1,6
0,0,1,0.386121988297,0.45,1,6
3,3,1,0.350140810013,0.45,1,6
0,0,1,0.360485076904,0.45,1,6
2,2,1,0.323911905289,0.45,1,6
3,3,1,0.366009950638,0.45,1,6
2,2,1,0.299900054932,0.45,1,6
1,1,1,0.311733007431,0.45,1,6
0,2,0,0.249443054199,0.45,-2,6
1,1,1,0.426298141479,0.45,1,6
3,3,1,0.398128032684,0.45,1,6
1,1,1,0.314692974091,0.45,1,6
0,0,1,0.326971054077,0.45,1,6
3,2,0,0.312190055847,0.45,-2,6
2,2,1,0.39519405365,0.45,1,6
0,0,1,0.377176046371,0.45,1,6
2,2,1,0.344220876694,0.45,1,6
3,3,1,0.407284975052,0.45,1,6
1,0,0,0.385848045349,0.45,-2,6
3,2,0,0.389668941498,0.45,-2,6
0,0,1,0.368303060532,0.45,1,6
1,1,1,0.402107954025,0.45,1,6
2,2,1,0.311858892441,0.45,1,6
1,1,1,0.377804994583,0.45,1,6
3,3,1,0.500119924545,0.45,-1,6
2,2,1,0.545132160187,0.45,-1,6
0,0,1,0.381009817123,0.45,1,6
2,2,1,0.350908994675,0.45,1,6
3,3,1,0.35468506813,0.45,1,6
0,0,1,0.412014961243,0.45,1,6
3,3,1,0.368191957474,0.45,1,6
1,1,1,0.332749843597,0.45,1,6
2,2,1,0.310476064682,0.45,1,6
1,1,1,0.34507393837,0.45,1,6
0,0,1,0.375656843185,0.45,1,6
1,1,1,0.377866029739,0.45,1,6
2,2,1,0.350054979324,0.45,1,6
0,0,1,0.392306804657,0.45,1,6
3,3,1,0.416936159134,0.45,1,6
2,2,1,0.350172996521,0.45,1,6
3,3,1,0.385958194733,0.45,1,6
0,0,1,0.378577947617,0.45,1,6
2,2,1,0.296255111694,0.45,1,6
1,1,1,0.331811904907,0.45,1,6
3,3,1,0.37290596962,0.45,1,6
1,1,1,0.344668865204,0.45,1,6
0,0,1,0.40503692627,0.45,1,6
1,1,1,0.455935001373,0.45,-1,6
1,1,1,0.340735912323,0.45,1,7
0,0,1,0.341026067734,0.45,1,7
2,2,1,0.354902982712,0.45,1,7
3,3,1,0.427414894104,0.45,1,7
2,2,1,0.367739915848,0.45,1,7
0,0,1,0.3314909935,0.45,1,7
3,3,1,0.36209487915,0.45,1,7
0,0,1,0.385593175888,0.45,1,7
1,1,1,0.389513015747,0.45,1,7
3,3,1,0.394047021866,0.45,1,7
1,1,1,0.332732915878,0.45,1,7
2,2,1,0.377764940262,0.45,1,7
1,1,1,0.396007061005,0.45,1,7
2,2,1,0.375980854034,0.45,1,7
3,3,1,0.411020994186,0.45,1,7
0,0,1,0.349614143372,0.45,1,7
2,2,1,0.351240873337,0.45,1,7
0,0,1,0.363989830017,0.45,1,7
3,3,1,0.324581861496,0.45,1,7
2,2,1,0.313364982605,0.45,1,7
1,1,1,0.323445081711,0.45,1,7
0,0,1,0.336277008057,0.45,1,7
1,1,1,0.390102863312,0.45,1,7
3,3,1,0.456205844879,0.45,-1,7
1,1,1,0.409795999527,0.45,1,7
3,3,1,0.357990026474,0.45,1,7
2,2,1,0.392512083054,0.45,1,7
0,0,1,0.322741985321,0.45,1,7
3,3,1,0.40767288208,0.45,1,7
0,0,1,0.392265081406,0.45,1,7
2,2,1,0.340975999832,0.45,1,7
1,1,1,0.304627895355,0.45,1,7
0,0,1,0.308598041534,0.45,1,7
1,1,1,0.503427028656,0.45,-1,7
2,2,1,0.444120883942,0.45,1,7
3,3,1,0.318186998367,0.45,1,7
1,1,1,0.354405164719,0.45,1,7
2,2,1,0.357648849487,0.45,1,7
0,0,1,0.337278842926,0.45,1,7
3,3,1,0.313886880875,0.45,1,7
2,2,1,0.35190486908,0.45,1,7
3,3,1,0.408915042877,0.45,1,7
0,0,1,0.317764997482,0.45,1,7
2,2,1,0.337574005127,0.45,1,7
1,1,1,0.353698968887,0.45,1,7
3,3,1,0.343324899673,0.45,1,7
1,1,1,0.458154916763,0.45,-1,7
0,0,1,0.38106584549,0.45,1,7
1,1,1,0.368884086609,0.45,1,7
2,2,1,0.290589094162,0.45,1,7
0,1,0,0.317504167557,0.45,-2,7
3,3,1,0.459665060043,0.45,-1,7
2,2,1,0.445977926254,0.45,1,7
3,3,1,0.513484954834,0.45,-1,7
0,0,1,0.434823989868,0.45,1,7
1,1,1,0.485603094101,0.45,-1,7
0,0,1,0.363204956055,0.45,1,7
2,2,1,0.285522937775,0.45,1,7
1,1,1,0.317762136459,0.45,1,7
3,3,1,0.270047903061,0.45,1,7
1,0,0,0.384873151779,0.45,-2,7
3,3,1,0.355584859848,0.45,1,7
2,2,1,0.342175006866,0.45,1,7
0,0,1,0.328613996506,0.45,1,7
2,2,1,0.340023040771,0.45,1,7
3,3,1,0.454651117325,0.45,-1,7
0,0,1,0.452884912491,0.45,-1,7
3,3,1,0.335253000259,0.45,1,7
1,1,1,0.297145843506,0.45,1,7
0,0,1,0.499194145203,0.45,-1,7
1,1,1,0.472352981567,0.45,-1,7
2,2,1,0.353480100632,0.45,1,7
1,1,1,0.367201089859,0.45,1,7
0,0,1,0.393589019775,0.45,1,7
3,3,1,0.363859891891,0.45,1,7
2,2,1,0.334878921509,0.45,1,7
3,3,1,0.442430019379,0.45,1,7
0,0,1,0.50250005722,0.45,-1,7
2,2,1,0.36779999733,0.45,1,7
0,0,1,0.406664133072,0.45,1,7
1,1,1,0.41635799408,0.45,1,7
3,3,1,0.379905939102,0.45,1,7
1,1,1,0.383158922195,0.45,1,7
2,2,1,0.392355203629,0.45,1,7
1,0,0,0.359472036362,0.45,-2,7
0,0,1,0.376134157181,0.45,1,7
3,3,1,0.348402023315,0.45,1,7
2,2,1,0.328899860382,0.45,1,7
0,0,1,0.427486896515,0.45,1,7
2,2,1,0.350623130798,0.45,1,7
3,3,1,0.418379068375,0.45,1,7
1,1,1,0.333036899567,0.45,1,7
3,3,1,0.393499135971,0.45,1,7
0,0,1,0.377822875977,0.45,1,7
1,1,1,0.404309988022,0.45,1,7
2,2,1,0.369071006775,0.45,1,7
1,1,1,0.348189115524,0.45,1,7
0,0,1,0.431036949158,0.45,1,7
3,3,1,0.313493967056,0.45,1,7
2,2,1,0.344028949738,0.45,1,7
0,0,1,0.314195156097,0.45,1,7
2,2,1,0.358449935913,0.45,1,7
3,3,1,0.447720050812,0.45,1,7
1,0,0,0.299754142761,0.45,-2,7
2,2,1,0.341480970383,0.45,1,7
1,1,1,0.409783124924,0.45,1,7
3,3,1,0.414029121399,0.45,1,7
0,0,1,0.385025024414,0.45,1,7
1,1,1,0.405920028687,0.45,1,7
0,0,1,0.416091918945,0.45,1,7
2,2,1,0.323170185089,0.45,1,7
3,3,1,0.559453010559,0.45,-1,7
0,0,1,0.400038957596,0.45,1,7
3,3,1,0.501069068909,0.45,-1,7
2,2,1,0.479020118713,0.45,-1,7
0,1,0,0.378624200821,0.45,-2,7
1,1,1,0.364552021027,0.45,1,7
2,2,1,0.329206943512,0.45,1,7
1,1,1,0.43073797226,0.45,1,7
3,3,1,0.487584114075,0.45,-1,7
1,1,1,0.378283977509,0.45,1,7
0,0,1,0.31155705452,0.45,1,7
2,2,1,0.304640054703,0.45,1,7
3,3,1,0.389857053757,0.45,1,7
0,0,1,0.382283210754,0.45,1,7
3,2,0,0.314624071121,0.45,-2,7
2,1,0,0.35328412056,0.45,-2,7
1,1,1,0.401633024216,0.45,1,7
3,3,1,0.370414018631,0.45,1,7
1,1,1,0.359173059464,0.45,1,7
2,2,1,0.338938951492,0.45,1,7
0,0,1,0.424260139465,0.45,1,7
1,1,1,0.376227140427,0.45,1,7
2,2,1,0.341841936111,0.45,1,7
3,3,1,0.362210988998,0.45,1,7
0,0,1,0.379187822342,0.45,1,7
2,2,1,0.351495027542,0.45,1,7
0,2,0,0.522537946701,0.45,-2,7
3,3,1,0.597079992294,0.45,-1,7
1,1,1,0.422559022903,0.45,1,7
3,3,1,0.41060090065,0.45,1,7
2,2,1,0.399967193604,0.45,1,7
1,1,1,0.444834947586,0.45,1,7
0,0,1,0.41516494751,0.45,1,7
1,1,1,0.423197984695,0.45,1,7
3,3,1,0.395282030106,0.45,1,7
0,0,1,0.389226198196,0.45,1,7
2,2,1,0.385036945343,0.45,1,7
3,3,1,0.492179870605,0.45,-1,7
2,2,1,0.440720796585,0.45,1,7
0,0,1,0.437826871872,0.45,1,7
1,1,1,0.375160217285,0.45,1,7
2,2,1,0.373054027557,0.45,1,7
1,1,1,0.432448148727,0.45,1,7
0,0,1,0.417645931244,0.45,1,7
3,2,0,0.36484503746,0.45,-2,7
1,1,1,0.352707862854,0.45,1,7
2,2,1,0.386887073517,0.45,1,7
0,0,1,0.404806852341,0.45,1,7
3,3,1,0.436056137085,0.45,1,7
2,2,1,0.411988973618,0.45,1,7
3,3,1,0.418354034424,0.45,1,7
0,0,1,0.355740070343,0.45,1,7
2,2,1,0.360494852066,0.45,1,7
1,1,1,0.377811908722,0.45,1,7
3,3,1,0.453961849213,0.45,-1,7
1,1,1,0.415778160095,0.45,1,7
0,0,1,0.396956920624,0.45,1,7
1,1,1,0.406226873398,0.45,1,7
3,3,1,0.419754981995,0.45,1,7
0,0,1,0.333463907242,0.45,1,7
2,2,1,0.296871900558,0.45,1,7
0,0,1,0.397140979767,0.45,1,7
3,3,1,0.432613134384,0.45,1,7
2,2,1,0.389074087143,0.45,1,7
1,1,1,0.376456022263,0.45,1,7
2,2,1,0.354971885681,0.45,1,7
3,3,1,0.525392055511,0.45,-1,7
1,1,1,0.400293827057,0.45,1,7
0,0,1,0.371354103088,0.45,1,7
1,1,1,0.424743175507,0.45,1,7
3,3,1,0.4353120327,0.45,1,7
0,0,1,0.444097995758,0.45,1,7
2,2,1,0.400182962418,0.45,1,7
0,0,1,0.428547143936,0.45,1,7
3,3,1,0.304702997208,0.45,1,7
2,2,1,0.352262973785,0.45,1,7
3,3,1,0.476998090744,0.45,-1,7
1,1,1,0.473124980927,0.45,-1,7
0,0,1,0.395691871643,0.45,1,7
1,1,1,0.360831022263,0.45,1,7
2,2,1,0.355183124542,0.45,1,7
1,1,1,0.357403993607,0.45,1,7
0,0,1,0.528239011765,0.45,-1,7
2,2,1,0.387641906738,0.45,1,7
3,3,1,0.449568033218,0.45,1,7
2,2,1,0.362175941467,0.45,1,7
0,0,1,0.316411972046,0.45,1,7
3,2,0,0.307059049606,0.45,-2,7
0,0,1,0.468439102173,0.45,-1,7
1,1,1,0.384971141815,0.45,1,7
3,3,1,0.449692964554,0.45,1,7
1,1,1,0.408252954483,0.45,1,7
2,2,1,0.351186990738,0.45,1,7
1,1,1,0.389439105988,0.45,1,7
0,0,1,0.337142944336,0.45,1,7
2,2,1,0.329532146454,0.45,1,7
3,3,1,0.405722141266,0.45,1,7
0,0,1,0.378411054611,0.45,1,7
3,3,1,0.477216959,0.45,-1,7
2,2,1,0.377493858337,0.45,1,7
0,0,1,0.385045051575,0.45,1,7
1,1,1,0.342919111252,0.45,1,7
2,2,1,0.312943935394,0.45,1,7
1,1,1,0.334249973297,0.45,1,7
3,3,1,0.360688924789,0.45,1,7
1,0,0,0.324779033661,0.45,-2,7
