probe,press,accuracy,rt,threshold,score,run_num
0,-1,0,0.7,0.45,-2,0
2,-1,0,0.7,0.45,-2,0
1,2,0,0.155879974365,0.45,-2,0
3,3,1,0.504789829254,0.45,-1,0
1,1,1,0.443049907684,0.45,1,0
2,2,1,0.526631116867,0.45,-1,0
3,2,0,0.554536104202,0.45,-2,0
0,0,1,0.515897989273,0.45,-1,0
3,-1,0,0.7,0.45,-2,0
2,2,1,0.523504972458,0.45,-1,0
0,0,1,0.628580093384,0.45,-1,0
1,1,1,0.544106006622,0.45,-1,0
0,0,1,0.586813926697,0.45,-1,0
2,2,1,0.528069972992,0.45,-1,0
3,3,1,0.604470968246,0.45,-1,0
1,-1,0,0.7,0.45,-2,0
2,1,0,0.0420989990234,0.45,-2,0
1,1,1,0.595475196838,0.45,-1,0
3,-1,0,0.7,0.45,-2,0
0,3,0,0.513111114502,0.45,-2,0
3,-1,0,0.7,0.45,-2,0
2,-1,0,0.7,0.45,-2,0
0,-1,0,0.7,0.45,-2,0
1,-1,0,0.7,0.45,-2,0
0,1,0,0.365596055984,0.45,-2,0
2,2,1,0.664614915848,0.45,-1,0
3,3,1,0.682649850845,0.45,-1,0
1,-1,0,0.7,0.45,-2,0
2,1,0,0.159778118134,0.45,-2,0
1,1,1,0.522425889969,0.45,-1,0
3,3,1,0.662863969803,0.45,-1,0
0,0,1,0.559937953949,0.45,-1,0
1,1,1,0.597910165787,0.45,-1,0
0,-1,0,0.7,0.45,-2,0
3,3,1,0.515210866928,0.45,-1,0
2,1,0,0.589674949646,0.45,-2,0
0,0,1,0.56402182579,0.45,-1,0
3,3,1,0.572004079819,0.45,-1,0
1,-1,0,0.7,0.45,-2,0
2,1,0,0.00423717498779,0.45,-2,0
3,-1,0,0.7,0.45,-2,0
2,2,1,0.595993041992,0.45,-1,0
1,1,1,0.492483854294,0.45,-1,0
3,3,1,0.559906005859,0.45,-1,0
0,-1,0,0.7,0.45,-2,0
1,0,0,0.18208193779,0.45,-2,0
0,0,1,0.578246116638,0.45,-1,0
2,2,1,0.542565822601,0.45,-1,0
0,0,1,0.503205060959,0.45,-1,0
3,2,0,0.366712093353,0.45,-2,0
1,0,0,0.471994161606,0.45,-2,0
2,2,1,0.609802961349,0.45,-1,0
3,3,1,0.533827066422,0.45,-1,0
2,2,1,0.561491966248,0.45,-1,0
1,1,1,0.428423166275,0.45,1,0
0,0,1,0.424218893051,0.45,1,0
1,1,1,0.612855911255,0.45,-1,0
3,-1,0,0.7,0.45,-2,0
0,3,0,0.0338838100433,0.45,-2,0
2,2,1,0.659095048904,0.45,-1,0
0,0,1,0.593878984451,0.45,-1,0
1,1,1,0.565425872803,0.45,-1,0
2,2,1,0.462300777435,0.45,-1,0
3,3,1,0.434201002121,0.45,1,0
2,-1,0,0.7,0.45,-2,0
1,1,1,0.0964910984039,0.45,1,0
3,3,1,0.643138170242,0.45,-1,0
0,0,1,0.624382972717,0.45,-1,0
2,2,1,0.649167060852,0.45,-1,0
0,-1,0,0.7,0.45,-2,0
3,0,0,0.0554218292236,0.45,-2,0
1,-1,0,0.7,0.45,-2,0
0,1,0,0.0156269073486,0.45,-2,0
2,2,1,0.61823797226,0.45,-1,0
1,-1,0,0.7,0.45,-2,0
3,1,0,0.0164089202881,0.45,-2,0
2,-1,0,0.7,0.45,-2,0
3,2,0,0.00836896896362,0.45,-2,0
1,-1,0,0.7,0.45,-2,0
2,-1,0,0.7,0.45,-2,0
0,-1,0,0.7,0.45,-2,0
1,-1,0,0.7,0.45,-2,0
0,-1,0,0.7,0.45,-2,0
3,-1,0,0.7,0.45,-2,0
0,-1,0,0.7,0.45,-2,0
3,0,0,0.371258020401,0.45,-2,0
2,2,1,0.606920003891,0.45,-1,0
1,1,1,0.641825914383,0.45,-1,0
3,3,1,0.587957143784,0.45,-1,0
1,1,1,0.520611047745,0.45,-1,0
2,2,1,0.522514104843,0.45,-1,0
0,0,1,0.494430065155,0.45,-1,0
2,1,0,0.578774929047,0.45,-2,0
3,3,1,0.653703927994,0.45,-1,0
0,0,1,0.662750959396,0.45,-1,0
1,-1,0,0.7,0.45,-2,0
0,1,0,0.0062620639801,0.45,-2,0
1,-1,0,0.7,0.45,-2,0
3,1,0,0.062362909317,0.45,-2,0
2,3,0,0.569221973419,0.45,-2,0
3,-1,0,0.7,0.45,-2,0
1,-1,0,0.7,0.45,-2,0
2,1,0,0.249409914017,0.45,-2,0
1,1,1,0.564975976944,0.45,-1,0
0,0,1,0.501310110092,0.45,-1,0
3,-1,0,0.7,0.45,-2,0
0,3,0,0.0309519767761,0.45,-2,0
2,-1,0,0.7,0.45,-2,0
0,-1,0,0.7,0.45,-2,0
2,-1,0,0.7,0.45,-2,0
1,-1,0,0.7,0.45,-2,0
3,1,0,0.0811190605164,0.45,-2,0
2,2,1,0.529073953629,0.45,-1,0
3,3,1,0.41365814209,0.45,1,0
1,1,1,0.626022100449,0.45,-1,0
2,2,1,0.580379962921,0.45,-1,0
0,0,1,0.512960910797,0.45,-1,0
3,3,1,0.603275060654,0.45,-1,0
0,0,1,0.603822946548,0.45,-1,0
1,1,1,0.567075967789,0.45,-1,0
0,0,1,0.587957143784,0.45,-1,0
3,3,1,0.597877025604,0.45,-1,0
1,1,1,0.626931905746,0.45,-1,0
2,-1,0,0.7,0.45,-2,0
1,2,0,0.0162839889526,0.45,-2,0
3,3,1,0.491545915604,0.45,-1,0
2,2,1,0.52559709549,0.45,-1,0
0,0,1,0.459019899368,0.45,-1,0
2,2,1,0.463443040848,0.45,-1,0
3,3,1,0.402229070663,0.45,1,0
0,0,1,0.451415061951,0.45,-1,0
1,2,0,0.43318104744,0.45,-2,0
0,0,1,0.578096151352,0.45,-1,0
3,3,1,0.583008050919,0.45,-1,0
2,-1,0,0.7,0.45,-2,0
1,1,1,0.478852033615,0.45,-1,0
2,2,1,0.562386035919,0.45,-1,0
3,3,1,0.403574943542,0.45,1,0
1,0,0,0.440781116486,0.45,-2,0
0,0,1,0.513689041138,0.45,-1,0
1,1,1,0.431111097336,0.45,1,0
3,2,0,0.409149885178,0.45,-2,0
0,0,1,0.604830026627,0.45,-1,0
2,-1,0,0.7,0.45,-2,0
0,2,0,0.0437641143799,0.45,-2,0
1,1,1,0.627551078796,0.45,-1,0
3,3,1,0.541937112808,0.45,-1,0
2,2,1,0.660562992096,0.45,-1,0
1,1,1,0.525776863098,0.45,-1,0
2,2,1,0.561815023422,0.45,-1,0
3,3,1,0.487928152084,0.45,-1,0
0,0,1,0.610664129257,0.45,-1,0
3,-1,0,0.7,0.45,-2,0
1,3,0,0.054661989212,0.45,-2,0
0,0,1,0.516830921173,0.45,-1,0
2,2,1,0.471982002258,0.45,-1,0
0,3,0,0.314108848572,0.45,-2,0
3,3,1,0.59801197052,0.45,-1,0
2,1,0,0.429496049881,0.45,-2,0
1,1,1,0.652219057083,0.45,-1,0
3,-1,0,0.7,0.45,-2,0
1,3,0,0.0652861595154,0.45,-2,0
2,2,1,0.382678031921,0.45,1,0
0,0,1,0.504560947418,0.45,-1,0
2,2,1,0.388724088669,0.45,1,0
3,3,1,0.384068012238,0.45,1,0
0,-1,0,0.7,0.45,-2,0
1,1,1,0.11630487442,0.45,1,0
0,2,0,0.424483060837,0.45,-2,0
1,3,0,0.57214307785,0.45,-2,0
3,-1,0,0.7,0.45,-2,0
2,1,0,0.628147125244,0.45,-2,0
1,1,1,0.645395994186,0.45,-1,0
2,2,1,0.633970022202,0.45,-1,0
3,-1,0,0.7,0.45,-2,0
0,-1,0,0.7,0.45,-2,0
3,0,0,0.106225013733,0.45,-2,0
1,-1,0,0.7,0.45,-2,0
0,-1,0,0.7,0.45,-2,0
2,2,1,0.66025185585,0.45,-1,0
0,0,1,0.609219074249,0.45,-1,0
2,1,0,0.564809083939,0.45,-2,0
1,2,0,0.487274885178,0.45,-2,0
3,3,1,0.483362913132,0.45,-1,0
2,2,1,0.619976997375,0.45,-1,0
3,2,0,0.590975999832,0.45,-2,0
1,-1,0,0.7,0.45,-2,0
0,1,0,0.0768489837646,0.45,-2,0
1,2,0,0.497948884964,0.45,-2,0
2,-1,0,0.7,0.45,-2,0
0,-1,0,0.7,0.45,-2,0
3,0,0,0.0771169662476,0.45,-2,0
0,-1,0,0.7,0.45,-2,0
3,0,0,0.169560909271,0.45,-2,0
1,2,0,0.500788211823,0.45,-2,0
2,2,1,0.553912162781,0.45,-1,0
1,1,1,0.41181397438,0.45,1,0
3,3,1,0.655735969543,0.45,-1,0
2,-1,0,0.7,0.45,-2,0
3,2,0,0.00455617904663,0.45,-2,0
0,-1,0,0.7,0.45,-2,0
1,0,0,0.197992086411,0.45,-2,0
0,1,0,0.00567078590393,0.45,-2,0
2,2,1,0.513779878616,0.45,-1,0
0,0,1,0.693083047867,0.45,-1,0
1,1,1,0.559224128723,0.45,-1,0
3,3,1,0.595287084579,0.45,-1,0
2,1,0,0.568771123886,0.45,-2,0
1,0,0,0.648764848709,0.45,-2,0
2,2,1,0.596897125244,0.45,-1,0
3,3,1,0.657724142075,0.45,-1,0
0,0,1,0.659019947052,0.45,-1,0
2,2,1,0.5296189785,0.45,-1,0
0,-1,0,0.7,0.45,-2,0
3,0,0,0.0382380485535,0.45,-2,0
1,-1,0,0.7,0.45,-2,0
0,-1,0,0.7,0.45,-2,0
0,-1,0,0.7,0.45,-2,1
2,-1,0,0.7,0.45,-2,1
1,2,0,0.128665924072,0.45,-2,1
3,3,1,0.551166057587,0.45,-1,1
1,1,1,0.58998799324,0.45,-1,1
2,1,0,0.497167110443,0.45,-2,1
3,2,0,0.524654865265,0.45,-2,1
0,0,1,0.636610984802,0.45,-1,1
1,-1,0,0.7,0.45,-2,1
0,1,0,0.108775138855,0.45,-2,1
3,3,1,0.674383878708,0.45,-1,1
2,-1,0,0.7,0.45,-2,1
0,2,0,0.148815870285,0.45,-2,1
2,2,1,0.498756170273,0.45,-1,1
3,1,0,0.476883888245,0.45,-2,1
1,-1,0,0.7,0.45,-2,1
2,1,0,0.156486988068,0.45,-2,1
1,-1,0,0.7,0.45,-2,1
3,-1,0,0.7,0.45,-2,1
0,-1,0,0.7,0.45,-2,1
3,3,1,0.538173913956,0.45,-1,1
2,2,1,0.554616928101,0.45,-1,1
0,0,1,0.561331987381,0.45,-1,1
1,1,1,0.524003982544,0.45,-1,1
0,0,1,0.599473953247,0.45,-1,1
2,2,1,0.473503828049,0.45,-1,1
1,1,1,0.436939954758,0.45,1,1
3,3,1,0.449196100235,0.45,1,1
1,1,1,0.617424964905,0.45,-1,1
2,1,0,0.648300886154,0.45,-2,1
3,-1,0,0.7,0.45,-2,1
2,3,0,0.18048787117,0.45,-2,1
0,0,1,0.51216006279,0.45,-1,1
3,2,0,0.602379083633,0.45,-2,1
0,-1,0,0.7,0.45,-2,1
1,0,0,0.089919090271,0.45,-2,1
0,1,0,0.141461133957,0.45,-2,1
1,-1,0,0.7,0.45,-2,1
3,1,0,0.0109460353851,0.45,-2,1
2,2,1,0.503736019135,0.45,-1,1
1,1,1,0.496929168701,0.45,-1,1
2,2,1,0.444457054138,0.45,1,1
3,-1,0,0.7,0.45,-2,1
1,3,0,0.0092248916626,0.45,-2,1
0,1,0,0.407263994217,0.45,-2,1
2,-1,0,0.7,0.45,-2,1
0,-1,0,0.7,0.45,-2,1
3,3,1,0.631067991257,0.45,-1,1
0,-1,0,0.7,0.45,-2,1
3,3,1,0.622412919998,0.45,-1,1
1,-1,0,0.7,0.45,-2,1
2,1,0,0.111044168472,0.45,-2,1
1,-1,0,0.7,0.45,-2,1
3,1,0,0.0287790298462,0.45,-2,1
2,-1,0,0.7,0.45,-2,1
3,-1,0,0.7,0.45,-2,1
0,-1,0,0.7,0.45,-2,1
1,0,0,0.0807571411133,0.45,-2,1
0,1,0,0.366607904434,0.45,-2,1
2,-1,0,0.7,0.45,-2,1
0,2,0,0.113307952881,0.45,-2,1
1,0,0,0.333841085434,0.45,-2,1
2,1,0,0.505567073822,0.45,-2,1
3,3,1,0.580547094345,0.45,-1,1
2,-1,0,0.7,0.45,-2,1
1,-1,0,0.7,0.45,-2,1
3,-1,0,0.7,0.45,-2,1
1,-1,0,0.7,0.45,-2,1
0,-1,0,0.7,0.45,-2,1
3,-1,0,0.7,0.45,-2,1
0,1,0,0.412357807159,0.45,-2,1
2,2,1,0.607867002487,0.45,-1,1
0,-1,0,0.7,0.45,-2,1
2,1,0,0.0312111377716,0.45,-2,1
1,-1,0,0.7,0.45,-2,1
3,3,1,0.669882059097,0.45,-1,1
1,1,1,0.649110078812,0.45,-1,1
2,-1,0,0.7,0.45,-2,1
3,1,0,0.0858991146088,0.45,-2,1
0,-1,0,0.7,0.45,-2,1
3,-1,0,0.7,0.45,-2,1
2,-1,0,0.7,0.45,-2,1
0,-1,0,0.7,0.45,-2,1
1,-1,0,0.7,0.45,-2,1
0,-1,0,0.7,0.45,-2,1
1,-1,0,0.7,0.45,-2,1
2,-1,0,0.7,0.45,-2,1
3,-1,0,0.7,0.45,-2,1
1,-1,0,0.7,0.45,-2,1
3,1,0,0.106495141983,0.45,-2,1
2,2,1,0.51578783989,0.45,-1,1
0,0,1,0.520984888077,0.45,-1,1
3,3,1,0.65238404274,0.45,-1,1
0,-1,0,0.7,0.45,-2,1
2,0,0,0.283288002014,0.45,-2,1
1,1,1,0.502265930176,0.45,-1,1
0,0,1,0.543529033661,0.45,-1,1
3,2,0,0.547116041183,0.45,-2,1
2,1,0,0.533530950546,0.45,-2,1
1,-1,0,0.7,0.45,-2,1
2,-1,0,0.7,0.45,-2,1
3,2,0,0.0258111953735,0.45,-2,1
1,-1,0,0.7,0.45,-2,1
0,1,0,0.125077009201,0.45,-2,1
2,2,1,0.611207008362,0.45,-1,1
0,-1,0,0.7,0.45,-2,1
1,1,1,0.639591932297,0.45,-1,1
3,3,1,0.634583950043,0.45,-1,1
0,-1,0,0.7,0.45,-2,1
3,-1,0,0.7,0.45,-2,1
1,3,0,0.167340040207,0.45,-2,1
2,-1,0,0.7,0.45,-2,1
1,2,0,0.180990219116,0.45,-2,1
3,1,0,0.215196847916,0.45,-2,1
2,-1,0,0.7,0.45,-2,1
0,2,0,0.111890077591,0.45,-2,1
2,-1,0,0.7,0.45,-2,1
3,-1,0,0.7,0.45,-2,1
0,-1,0,0.7,0.45,-2,1
1,0,0,0.18909907341,0.45,-2,1
0,-1,0,0.7,0.45,-2,1
2,0,0,0.225476980209,0.45,-2,1
3,2,0,0.0151710510254,0.45,-2,1
1,-1,0,0.7,0.45,-2,1
2,2,1,0.0843849182129,0.45,1,1
1,1,1,0.479769945145,0.45,-1,1
3,3,1,0.514987945557,0.45,-1,1
2,1,0,0.533494949341,0.45,-2,1
0,0,1,0.511105060577,0.45,-1,1
1,1,1,0.652649879456,0.45,-1,1
0,-1,0,0.7,0.45,-2,1
3,0,0,0.0419678688049,0.45,-2,1
0,-1,0,0.7,0.45,-2,1
1,-1,0,0.7,0.45,-2,1
2,-1,0,0.7,0.45,-2,1
3,-1,0,0.7,0.45,-2,1
1,1,1,0.63689494133,0.45,-1,1
3,-1,0,0.7,0.45,-2,1
2,3,0,0.049742937088,0.45,-2,1
0,1,0,0.620522975922,0.45,-2,1
2,-1,0,0.7,0.45,-2,1
1,-1,0,0.7,0.45,-2,1
0,-1,0,0.7,0.45,-2,1
3,-1,0,0.7,0.45,-2,1
0,-1,0,0.7,0.45,-2,1
1,-1,0,0.7,0.45,-2,1
3,-1,0,0.7,0.45,-2,1
2,-1,0,0.7,0.45,-2,1
1,-1,0,0.7,0.45,-2,1
2,0,0,0.156557798386,0.45,-2,1
3,-1,0,0.7,0.45,-2,1
0,3,0,0.171074867249,0.45,-2,1
2,0,0,0.0940399169922,0.45,-2,1
0,0,1,0.463564872742,0.45,-1,1
3,2,0,0.596935987473,0.45,-2,1
1,-1,0,0.7,0.45,-2,1
0,1,0,0.21356010437,0.45,-2,1
1,-1,0,0.7,0.45,-2,1
2,-1,0,0.7,0.45,-2,1
3,-1,0,0.7,0.45,-2,1
1,-1,0,0.7,0.45,-2,1
3,-1,0,0.7,0.45,-2,1
2,-1,0,0.7,0.45,-2,1
0,0,1,0.571501016617,0.45,-1,1
3,2,0,0.557866811752,0.45,-2,1
0,0,1,0.575658082962,0.45,-1,1
2,2,1,0.5150411129,0.45,-1,1
1,1,1,0.518774986267,0.45,-1,1
0,0,1,0.450033903122,0.45,-1,1
1,1,1,0.432222127914,0.45,1,1
3,3,1,0.563225984573,0.45,-1,1
2,1,0,0.637455940247,0.45,-2,1
3,-1,0,0.7,0.45,-2,1
1,3,0,0.237139940262,0.45,-2,1
2,-1,0,0.7,0.45,-2,1
1,2,0,0.0807130336761,0.45,-2,1
0,0,1,0.555792093277,0.45,-1,1
3,-1,0,0.7,0.45,-2,1
0,3,0,0.0338850021362,0.45,-2,1
2,2,1,0.59734582901,0.45,-1,1
0,0,1,0.588347911835,0.45,-1,1
3,3,1,0.540993928909,0.45,-1,1
2,-1,0,0.7,0.45,-2,1
1,2,0,0.0193529129028,0.45,-2,1
3,-1,0,0.7,0.45,-2,1
1,-1,0,0.7,0.45,-2,1
2,-1,0,0.7,0.45,-2,1
3,-1,0,0.7,0.45,-2,1
0,-1,0,0.7,0.45,-2,1
1,-1,0,0.7,0.45,-2,1
0,-1,0,0.7,0.45,-2,1
2,2,1,0.470237970352,0.45,-1,1
0,0,1,0.505516052246,0.45,-1,1
1,3,0,0.550335168839,0.45,-2,1
2,-1,0,0.7,0.45,-2,1
3,-1,0,0.7,0.45,-2,1
1,3,0,0.181950092316,0.45,-2,1
3,3,1,0.584578037262,0.45,-1,1
2,2,1,0.613471984863,0.45,-1,1
0,0,1,0.503634929657,0.45,-1,1
3,-1,0,0.7,0.45,-2,1
0,3,0,0.0941908359528,0.45,-2,1
2,2,1,0.674947023392,0.45,-1,1
1,1,1,0.499797105789,0.45,-1,1
0,0,1,0.504610061646,0.45,-1,1
3,-1,0,0.7,0.45,-2,1
2,3,0,0.0727801322937,0.45,-2,1
1,2,0,0.425806999207,0.45,-2,1
2,-1,0,0.7,0.45,-2,1
3,-1,0,0.7,0.45,-2,1
1,-1,0,0.7,0.45,-2,1
0,-1,0,0.7,0.45,-2,1
1,-1,0,0.7,0.45,-2,1
3,-1,0,0.7,0.45,-2,1
0,-1,0,0.7,0.45,-2,1
2,-1,0,0.7,0.45,-2,1
0,1,0,0.406822919846,0.45,-2,1
3,-1,0,0.7,0.45,-2,2
2,-1,0,0.7,0.45,-2,2
0,-1,0,0.7,0.45,-2,2
1,-1,0,0.7,0.45,-2,2
0,-1,0,0.7,0.45,-2,2
2,-1,0,0.7,0.45,-2,2
1,-1,0,0.7,0.45,-2,2
3,-1,0,0.7,0.45,-2,2
1,-1,0,0.7,0.45,-2,2
2,-1,0,0.7,0.45,-2,2
3,-1,0,0.7,0.45,-2,2
0,-1,0,0.7,0.45,-2,2
3,0,0,0.194899082184,0.45,-2,2
1,-1,0,0.7,0.45,-2,2
2,1,0,0.54488492012,0.45,-2,2
0,-1,0,0.7,0.45,-2,2
1,-1,0,0.7,0.45,-2,2
0,-1,0,0.7,0.45,-2,2
2,2,1,0.659474849701,0.45,-1,2
3,-1,0,0.7,0.45,-2,2
2,2,1,0.596993923187,0.45,-1,2
1,1,1,0.472257137299,0.45,-1,2
3,-1,0,0.7,0.45,-2,2
0,0,1,0.583443164825,0.45,-1,2
3,-1,0,0.7,0.45,-2,2
2,2,1,0.526088953018,0.45,-1,2
0,0,1,0.67891907692,0.45,-1,2
1,1,1,0.604716777802,0.45,-1,2
2,2,1,0.436714887619,0.45,1,2
1,1,1,0.626012086868,0.45,-1,2
0,0,1,0.675040960312,0.45,-1,2
2,-1,0,0.7,0.45,-2,2
3,3,1,0.0345230102539,0.45,1,2
0,0,1,0.526981115341,0.45,-1,2
3,3,1,0.456415891647,0.45,-1,2
1,1,1,0.500394105911,0.45,-1,2
3,2,0,0.376157045364,0.45,-2,2
0,0,1,0.597208023071,0.45,-1,2
1,1,1,0.59183716774,0.45,-1,2
2,2,1,0.443557024002,0.45,1,2
0,0,1,0.581549167633,0.45,-1,2
2,2,1,0.470488786697,0.45,-1,2
1,0,0,0.425390005112,0.45,-2,2
0,0,1,0.566262960434,0.45,-1,2
3,3,1,0.555328845978,0.45,-1,2
2,1,0,0.670141935349,0.45,-2,2
3,-1,0,0.7,0.45,-2,2
1,-1,0,0.7,0.45,-2,2
3,-1,0,0.7,0.45,-2,2
2,-1,0,0.7,0.45,-2,2
1,-1,0,0.7,0.45,-2,2
0,0,1,0.31347489357,0.45,1,2
1,1,1,0.557694911957,0.45,-1,2
2,2,1,0.465451955795,0.45,-1,2
0,0,1,0.553111076355,0.45,-1,2
2,2,1,0.541357040405,0.45,-1,2
3,2,0,0.466736078262,0.45,-2,2
1,0,0,0.508183956146,0.45,-2,2
3,3,1,0.613871097565,0.45,-1,2
0,0,1,0.672380924225,0.45,-1,2
3,-1,0,0.7,0.45,-2,2
2,3,0,0.280086040497,0.45,-2,2
0,2,0,0.0785200595856,0.45,-2,2
1,-1,0,0.7,0.45,-2,2
2,1,0,0.0671710968018,0.45,-2,2
1,-1,0,0.7,0.45,-2,2
0,1,0,0.0877799987793,0.45,-2,2
2,-1,0,0.7,0.45,-2,2
3,-1,0,0.7,0.45,-2,2
1,1,1,0.557950973511,0.45,-1,2
3,-1,0,0.7,0.45,-2,2
0,0,1,0.570749044418,0.45,-1,2
3,-1,0,0.7,0.45,-2,2
1,2,0,0.602214097977,0.45,-2,2
2,-1,0,0.7,0.45,-2,2
0,2,0,0.00914287567139,0.45,-2,2
1,-1,0,0.7,0.45,-2,2
0,1,0,0.403794050217,0.45,-2,2
2,-1,0,0.7,0.45,-2,2
3,2,0,0.283215045929,0.45,-2,2
0,-1,0,0.7,0.45,-2,2
3,0,0,0.106613874435,0.45,-2,2
2,2,1,0.612720012665,0.45,-1,2
1,-1,0,0.7,0.45,-2,2
3,1,0,0.00301384925842,0.45,-2,2
2,3,0,0.225506067276,0.45,-2,2
0,-1,0,0.7,0.45,-2,2
1,-1,0,0.7,0.45,-2,2
0,-1,0,0.7,0.45,-2,2
2,-1,0,0.7,0.45,-2,2
1,-1,0,0.7,0.45,-2,2
2,1,0,0.0337700843811,0.45,-2,2
3,2,0,0.462105989456,0.45,-2,2
1,1,1,0.579066038132,0.45,-1,2
3,2,0,0.565301895142,0.45,-2,2
0,0,1,0.657476186752,0.45,-1,2
3,3,1,0.650421857834,0.45,-1,2
1,-1,0,0.7,0.45,-2,2
0,1,0,0.0184590816498,0.45,-2,2
2,2,1,0.443885803223,0.45,1,2
1,1,1,0.494709014893,0.45,-1,2
2,2,1,0.477159023285,0.45,-1,2
0,0,1,0.638185977936,0.45,-1,2
1,1,1,0.68137216568,0.45,-1,2
3,-1,0,0.7,0.45,-2,2
0,3,0,0.00678992271423,0.45,-2,2
3,-1,0,0.7,0.45,-2,2
2,3,0,0.0306661128998,0.45,-2,2
3,-1,0,0.7,0.45,-2,2
2,3,0,0.0999460220337,0.45,-2,2
0,0,1,0.610273838043,0.45,-1,2
1,1,1,0.434951066971,0.45,1,2
0,-1,0,0.7,0.45,-2,2
2,2,1,0.570744037628,0.45,-1,2
1,1,1,0.638919115067,0.45,-1,2
2,2,1,0.48264503479,0.45,-1,2
3,2,0,0.466736078262,0.45,-2,2
1,0,0,0.626060009003,0.45,-2,2
3,-1,0,0.7,0.45,-2,2
0,3,0,0.607213020325,0.45,-2,2
3,3,1,0.650347948074,0.45,-1,2
0,-1,0,0.7,0.45,-2,2
2,-1,0,0.7,0.45,-2,2
1,-1,0,0.7,0.45,-2,2
0,-1,0,0.7,0.45,-2,2
1,-1,0,0.7,0.45,-2,2
2,-1,0,0.7,0.45,-2,2
0,-1,0,0.7,0.45,-2,2
3,-1,0,0.7,0.45,-2,2
2,2,1,0.613857030869,0.45,-1,2
3,-1,0,0.7,0.45,-2,2
1,3,0,0.0911490917206,0.45,-2,2
3,-1,0,0.7,0.45,-2,2
1,-1,0,0.7,0.45,-2,2
0,-1,0,0.7,0.45,-2,2
2,-1,0,0.7,0.45,-2,2
0,-1,0,0.7,0.45,-2,2
1,-1,0,0.7,0.45,-2,2
2,-1,0,0.7,0.45,-2,2
1,1,1,0.625639200211,0.45,-1,2
3,3,1,0.579100131989,0.45,-1,2
0,0,1,0.574064970016,0.45,-1,2
3,3,1,0.619049787521,0.45,-1,2
2,-1,0,0.7,0.45,-2,2
3,2,0,0.0969641208649,0.45,-2,2
2,1,0,0.514654159546,0.45,-2,2
1,1,1,0.58074092865,0.45,-1,2
0,0,1,0.570266008377,0.45,-1,2
2,2,1,0.491809844971,0.45,-1,2
0,1,0,0.422240972519,0.45,-2,2
1,1,1,0.546441078186,0.45,-1,2
3,2,0,0.493204116821,0.45,-2,2
0,0,1,0.568892002106,0.45,-1,2
3,-1,0,0.7,0.45,-2,2
1,3,0,0.0482769012451,0.45,-2,2
2,-1,0,0.7,0.45,-2,2
3,-1,0,0.7,0.45,-2,2
1,3,0,0.17822098732,0.45,-2,2
2,-1,0,0.7,0.45,-2,2
0,-1,0,0.7,0.45,-2,2
2,-1,0,0.7,0.45,-2,2
1,-1,0,0.7,0.45,-2,2
0,-1,0,0.7,0.45,-2,2
1,-1,0,0.7,0.45,-2,2
3,-1,0,0.7,0.45,-2,2
2,2,1,0.243938922882,0.45,1,2
3,3,1,0.640329122543,0.45,-1,2
0,0,1,0.659386873245,0.45,-1,2
3,3,1,0.565009832382,0.45,-1,2
1,-1,0,0.7,0.45,-2,2
2,-1,0,0.7,0.45,-2,2
0,-1,0,0.7,0.45,-2,2
2,-1,0,0.7,0.45,-2,2
1,-1,0,0.7,0.45,-2,2
0,-1,0,0.7,0.45,-2,2
3,3,1,0.645272016525,0.45,-1,2
0,0,1,0.511314868927,0.45,-1,2
1,2,0,0.443780899048,0.45,-2,2
3,3,1,0.680845975876,0.45,-1,2
2,2,1,0.634577989578,0.45,-1,2
3,-1,0,0.7,0.45,-2,2
2,3,0,0.167331933975,0.45,-2,2
0,1,0,0.508459091187,0.45,-2,2
1,1,1,0.521332025528,0.45,-1,2
2,2,1,0.520974874496,0.45,-1,2
1,1,1,0.622678995132,0.45,-1,2
0,0,1,0.490571975708,0.45,-1,2
3,3,1,0.482396125793,0.45,-1,2
0,0,1,0.50483417511,0.45,-1,2
2,2,1,0.481794118881,0.45,-1,2
3,3,1,0.621857881546,0.45,-1,2
1,1,1,0.616317033768,0.45,-1,2
3,2,0,0.603473901749,0.45,-2,2
0,0,1,0.607909917831,0.45,-1,2
2,2,1,0.539034128189,0.45,-1,2
1,1,1,0.494398117065,0.45,-1,2
2,2,1,0.53102517128,0.45,-1,2
0,0,1,0.645956039429,0.45,-1,2
1,-1,0,0.7,0.45,-2,2
0,1,0,0.10511803627,0.45,-2,2
3,-1,0,0.7,0.45,-2,2
2,3,0,0.208854198456,0.45,-2,2
3,-1,0,0.7,0.45,-2,2
1,-1,0,0.7,0.45,-2,2
3,-1,0,0.7,0.45,-2,2
2,-1,0,0.7,0.45,-2,2
0,2,0,0.0244770050049,0.45,-2,2
1,-1,0,0.7,0.45,-2,2
2,-1,0,0.7,0.45,-2,2
1,-1,0,0.7,0.45,-2,2
0,-1,0,0.7,0.45,-2,2
2,-1,0,0.7,0.45,-2,2
3,-1,0,0.7,0.45,-2,2
1,-1,0,0.7,0.45,-2,2
3,-1,0,0.7,0.45,-2,2
0,-1,0,0.7,0.45,-2,2
3,-1,0,0.7,0.45,-2,2
3,-1,0,0.7,0.45,-2,3
2,-1,0,0.7,0.45,-2,3
1,2,0,0.297779083252,0.45,-2,3
0,0,1,0.422875165939,0.45,1,3
2,2,1,0.482810020447,0.45,-1,3
0,0,1,0.405753135681,0.45,1,3
1,1,1,0.455441951752,0.45,-1,3
3,2,0,0.477732896805,0.45,-2,3
0,0,1,0.471242904663,0.45,-1,3
3,-1,0,0.7,0.45,-2,3
1,-1,0,0.7,0.45,-2,3
2,-1,0,0.7,0.45,-2,3
3,-1,0,0.7,0.45,-2,3
2,-1,0,0.7,0.45,-2,3
0,-1,0,0.7,0.45,-2,3
1,3,0,0.0876619815826,0.45,-2,3
0,0,1,0.608356952667,0.45,-1,3
2,2,1,0.554518938065,0.45,-1,3
1,1,1,0.41327214241,0.45,1,3
2,2,1,0.449462175369,0.45,1,3
3,2,0,0.452441930771,0.45,-2,3
1,-1,0,0.7,0.45,-2,3
3,-1,0,0.7,0.45,-2,3
0,3,0,0.0791280269623,0.45,-2,3
3,3,1,0.530422925949,0.45,-1,3
0,-1,0,0.7,0.45,-2,3
2,0,0,0.0494179725647,0.45,-2,3
1,1,1,0.4613468647,0.45,-1,3
2,2,1,0.321171045303,0.45,1,3
0,0,1,0.493443012238,0.45,-1,3
1,1,1,0.493714809418,0.45,-1,3
0,0,1,0.443372011185,0.45,1,3
3,2,0,0.492645025253,0.45,-2,3
2,2,1,0.574496984482,0.45,-1,3
3,-1,0,0.7,0.45,-2,3
1,3,0,0.245299816132,0.45,-2,3
3,1,0,0.124028921127,0.45,-2,3
1,-1,0,0.7,0.45,-2,3
0,-1,0,0.7,0.45,-2,3
2,-1,0,0.7,0.45,-2,3
0,-1,0,0.7,0.45,-2,3
1,-1,0,0.7,0.45,-2,3
2,-1,0,0.7,0.45,-2,3
3,-1,0,0.7,0.45,-2,3
2,1,0,0.314701080322,0.45,-2,3
1,-1,0,0.7,0.45,-2,3
3,-1,0,0.7,0.45,-2,3
0,-1,0,0.7,0.45,-2,3
3,0,0,0.21916103363,0.45,-2,3
2,1,0,0.222216844559,0.45,-2,3
1,2,0,0.160508871078,0.45,-2,3
0,-1,0,0.7,0.45,-2,3
2,-1,0,0.7,0.45,-2,3
0,-1,0,0.7,0.45,-2,3
1,0,0,0.12291097641,0.45,-2,3
2,-1,0,0.7,0.45,-2,3
3,-1,0,0.7,0.45,-2,3
1,-1,0,0.7,0.45,-2,3
3,-1,0,0.7,0.45,-2,3
0,-1,0,0.7,0.45,-2,3
3,-1,0,0.7,0.45,-2,3
0,-1,0,0.7,0.45,-2,3
1,1,1,0.317790031433,0.45,1,3
2,2,1,0.505651950836,0.45,-1,3
1,0,0,0.454807043076,0.45,-2,3
0,0,1,0.648274183273,0.45,-1,3
2,-1,0,0.7,0.45,-2,3
3,2,0,0.0781319141388,0.45,-2,3
1,2,0,0.61793589592,0.45,-2,3
3,-1,0,0.7,0.45,-2,3
2,-1,0,0.7,0.45,-2,3
0,-1,0,0.7,0.45,-2,3
3,1,0,0.199868917465,0.45,-2,3
0,-1,0,0.7,0.45,-2,3
1,1,1,0.42838716507,0.45,1,3
2,2,1,0.473733186722,0.45,-1,3
1,1,1,0.501648902893,0.45,-1,3
0,0,1,0.581968069077,0.45,-1,3
2,1,0,0.657217979431,0.45,-2,3
0,-1,0,0.7,0.45,-2,3
3,0,0,0.0431439876556,0.45,-2,3
1,1,1,0.549108982086,0.45,-1,3
3,2,0,0.488037109375,0.45,-2,3
2,-1,0,0.7,0.45,-2,3
3,-1,0,0.7,0.45,-2,3
2,-1,0,0.7,0.45,-2,3
0,-1,0,0.7,0.45,-2,3
1,-1,0,0.7,0.45,-2,3
0,-1,0,0.7,0.45,-2,3
2,-1,0,0.7,0.45,-2,3
1,-1,0,0.7,0.45,-2,3
2,-1,0,0.7,0.45,-2,3
3,-1,0,0.7,0.45,-2,3
0,2,0,0.250475883484,0.45,-2,3
3,1,0,0.0717399120331,0.45,-2,3
1,-1,0,0.7,0.45,-2,3
3,1,0,0.356546878815,0.45,-2,3
1,1,1,0.583467006683,0.45,-1,3
0,0,1,0.476062059402,0.45,-1,3
2,2,1,0.54230594635,0.45,-1,3
0,0,1,0.466713905334,0.45,-1,3
1,1,1,0.404654979706,0.45,1,3
2,2,1,0.432178020477,0.45,1,3
3,3,1,0.6614818573,0.45,-1,3
2,2,1,0.6085729599,0.45,-1,3
1,1,1,0.481023073196,0.45,-1,3
3,-1,0,0.7,0.45,-2,3
0,0,1,0.537227153778,0.45,-1,3
3,3,1,0.668875932693,0.45,-1,3
2,2,1,0.671563863754,0.45,-1,3
1,1,1,0.512308835983,0.45,-1,3
0,0,1,0.645045995712,0.45,-1,3
2,2,1,0.512284994125,0.45,-1,3
0,0,1,0.467858076096,0.45,-1,3
1,2,0,0.370346069336,0.45,-2,3
2,-1,0,0.7,0.45,-2,3
3,-1,0,0.7,0.45,-2,3
1,-1,0,0.7,0.45,-2,3
3,1,0,0.0455858707428,0.45,-2,3
0,1,0,0.602110862732,0.45,-2,3
3,-1,0,0.7,0.45,-2,3
2,-1,0,0.7,0.45,-2,3
1,-1,0,0.7,0.45,-2,3
0,-1,0,0.7,0.45,-2,3
1,-1,0,0.7,0.45,-2,3
2,-1,0,0.7,0.45,-2,3
0,-1,0,0.7,0.45,-2,3
2,-1,0,0.7,0.45,-2,3
3,0,0,0.0369050502777,0.45,-2,3
0,-1,0,0.7,0.45,-2,3
3,0,0,0.0611090660095,0.45,-2,3
1,2,0,0.428707122803,0.45,-2,3
3,-1,0,0.7,0.45,-2,3
1,3,0,0.343507051468,0.45,-2,3
0,-1,0,0.7,0.45,-2,3
2,0,0,0.510311126709,0.45,-2,3
1,-1,0,0.7,0.45,-2,3
2,1,0,0.0587599277496,0.45,-2,3
0,-1,0,0.7,0.45,-2,3
1,0,0,0.0262970924377,0.45,-2,3
3,-1,0,0.7,0.45,-2,3
0,0,1,0.678829193115,0.45,-1,3
3,2,0,0.621576070786,0.45,-2,3
2,-1,0,0.7,0.45,-2,3
3,2,0,0.0255830287933,0.45,-2,3
0,0,1,0.502119064331,0.45,-1,3
1,1,1,0.401960134506,0.45,1,3
2,2,1,0.418684959412,0.45,1,3
1,-1,0,0.7,0.45,-2,3
0,1,0,0.331118106842,0.45,-2,3
2,1,0,0.662354946136,0.45,-2,3
3,2,0,0.578478097916,0.45,-2,3
2,2,1,0.642598152161,0.45,-1,3
0,-1,0,0.7,0.45,-2,3
3,0,0,0.00871706008911,0.45,-2,3
1,1,1,0.45233798027,0.45,-1,3
3,2,0,0.39327287674,0.45,-2,3
1,1,1,0.580017089844,0.45,-1,3
2,2,1,0.646817922592,0.45,-1,3
0,0,1,0.67538690567,0.45,-1,3
2,1,0,0.456166982651,0.45,-2,3
1,0,0,0.481436014175,0.45,-2,3
0,0,1,0.654628038406,0.45,-1,3
3,-1,0,0.7,0.45,-2,3
2,-1,0,0.7,0.45,-2,3
3,-1,0,0.7,0.45,-2,3
0,1,0,0.119589090347,0.45,-2,3
1,1,1,0.612889051437,0.45,-1,3
3,-1,0,0.7,0.45,-2,3
0,3,0,0.259867191315,0.45,-2,3
1,-1,0,0.7,0.45,-2,3
2,1,0,0.00916409492493,0.45,-2,3
0,0,1,0.574621915817,0.45,-1,3
2,2,1,0.663946866989,0.45,-1,3
1,1,1,0.683716058731,0.45,-1,3
0,0,1,0.492758989334,0.45,-1,3
3,-1,0,0.7,0.45,-2,3
2,-1,0,0.7,0.45,-2,3
3,2,0,0.0180051326752,0.45,-2,3
1,1,1,0.581273078918,0.45,-1,3
3,-1,0,0.7,0.45,-2,3
0,0,1,0.643458127975,0.45,-1,3
1,2,0,0.566573858261,0.45,-2,3
2,2,1,0.567038059235,0.45,-1,3
1,1,1,0.557045221329,0.45,-1,3
0,0,1,0.559949874878,0.45,-1,3
2,2,1,0.595761060715,0.45,-1,3
3,-1,0,0.7,0.45,-2,3
2,2,1,0.617921113968,0.45,-1,3
0,-1,0,0.7,0.45,-2,3
3,-1,0,0.7,0.45,-2,3
1,-1,0,0.7,0.45,-2,3
3,-1,0,0.7,0.45,-2,3
1,-1,0,0.7,0.45,-2,3
0,-1,0,0.7,0.45,-2,3
2,-1,0,0.7,0.45,-2,3
1,-1,0,0.7,0.45,-2,3
2,-1,0,0.7,0.45,-2,3
0,-1,0,0.7,0.45,-2,3
3,-1,0,0.7,0.45,-2,3
2,-1,0,0.7,0.45,-2,3
3,-1,0,0.7,0.45,-2,3
0,1,0,0.661612033844,0.45,-2,3
1,1,1,0.657860994339,0.45,-1,3
3,2,0,0.607328891754,0.45,-2,3
2,-1,0,0.7,0.45,-2,3
0,-1,0,0.7,0.45,-2,3
1,-1,0,0.7,0.45,-2,3
0,-1,0,0.7,0.45,-2,3
2,-1,0,0.7,0.45,-2,3
1,1,1,0.233947038651,0.45,1,3
2,2,1,0.380217075348,0.45,1,3
3,2,0,0.447197198868,0.45,-2,3
0,0,1,0.601619958878,0.45,-1,3
3,-1,0,0.7,0.45,-2,3
1,-1,0,0.7,0.45,-2,3
3,-1,0,0.7,0.45,-2,3
0,-1,0,0.7,0.45,-2,4
2,2,1,0.536509990692,0.45,-1,4
1,1,1,0.515547037125,0.45,-1,4
3,2,0,0.452978134155,0.45,-2,4
1,1,1,0.498861074448,0.45,-1,4
2,-1,0,0.7,0.45,-2,4
3,-1,0,0.7,0.45,-2,4
0,-1,0,0.7,0.45,-2,4
1,0,0,0.269957065582,0.45,-2,4
0,-1,0,0.7,0.45,-2,4
3,-1,0,0.7,0.45,-2,4
2,-1,0,0.7,0.45,-2,4
0,3,0,0.296622037888,0.45,-2,4
3,-1,0,0.7,0.45,-2,4
1,-1,0,0.7,0.45,-2,4
2,-1,0,0.7,0.45,-2,4
1,1,1,0.161098003387,0.45,1,4
3,2,0,0.340995073318,0.45,-2,4
2,2,1,0.471244812012,0.45,-1,4
0,0,1,0.448822021484,0.45,1,4
2,2,1,0.518200874329,0.45,-1,4
3,-1,0,0.7,0.45,-2,4
0,0,1,0.652503013611,0.45,-1,4
1,1,1,0.64009308815,0.45,-1,4
0,0,1,0.576058149338,0.45,-1,4
2,2,1,0.636482000351,0.45,-1,4
1,1,1,0.648219823837,0.45,-1,4
3,-1,0,0.7,0.45,-2,4
1,3,0,0.256134986877,0.45,-2,4
2,-1,0,0.7,0.45,-2,4
3,2,0,0.0709648132324,0.45,-2,4
2,2,1,0.530063867569,0.45,-1,4
0,0,1,0.633853197098,0.45,-1,4
3,-1,0,0.7,0.45,-2,4
0,0,1,0.604130029678,0.45,-1,4
1,-1,0,0.7,0.45,-2,4
0,1,0,0.0739641189575,0.45,-2,4
3,-1,0,0.7,0.45,-2,4
1,-1,0,0.7,0.45,-2,4
2,-1,0,0.7,0.45,-2,4
3,-1,0,0.7,0.45,-2,4
2,-1,0,0.7,0.45,-2,4
1,-1,0,0.7,0.45,-2,4
3,3,1,0.624934911728,0.45,-1,4
0,0,1,0.642357110977,0.45,-1,4
2,-1,0,0.7,0.45,-2,4
0,-1,0,0.7,0.45,-2,4
1,-1,0,0.7,0.45,-2,4
0,0,1,0.496659040451,0.45,-1,4
1,1,1,0.434342861176,0.45,1,4
2,2,1,0.373034954071,0.45,1,4
3,2,0,0.330856084824,0.45,-2,4
1,2,0,0.421920776367,0.45,-2,4
3,-1,0,0.7,0.45,-2,4
2,3,0,0.0932631492615,0.45,-2,4
1,2,0,0.0152790546417,0.45,-2,4
0,0,1,0.514276981354,0.45,-1,4
3,3,1,0.595558166504,0.45,-1,4
0,-1,0,0.7,0.45,-2,4
2,0,0,0.0215709209442,0.45,-2,4
0,0,1,0.622617959976,0.45,-1,4
3,3,1,0.651126861572,0.45,-1,4
2,1,0,0.580703020096,0.45,-2,4
1,1,1,0.673135995865,0.45,-1,4
2,-1,0,0.7,0.45,-2,4
3,2,0,0.0329749584198,0.45,-2,4
1,-1,0,0.7,0.45,-2,4
3,-1,0,0.7,0.45,-2,4
0,-1,0,0.7,0.45,-2,4
1,-1,0,0.7,0.45,-2,4
0,-1,0,0.7,0.45,-2,4
2,-1,0,0.7,0.45,-2,4
0,-1,0,0.7,0.45,-2,4
3,-1,0,0.7,0.45,-2,4
2,-1,0,0.7,0.45,-2,4
1,-1,0,0.7,0.45,-2,4
2,-1,0,0.7,0.45,-2,4
3,-1,0,0.7,0.45,-2,4
1,-1,0,0.7,0.45,-2,4
0,-1,0,0.7,0.45,-2,4
1,-1,0,0.7,0.45,-2,4
3,-1,0,0.7,0.45,-2,4
0,-1,0,0.7,0.45,-2,4
2,1,0,0.115277051926,0.45,-2,4
0,0,1,0.381431818008,0.45,1,4
2,2,1,0.457962989807,0.45,-1,4
3,3,1,0.498064041138,0.45,-1,4
1,1,1,0.413651227951,0.45,1,4
3,-1,0,0.7,0.45,-2,4
2,-1,0,0.7,0.45,-2,4
1,2,0,0.0477850437164,0.45,-2,4
2,0,0,0.0838971138,0.45,-2,4
0,0,1,0.456473112106,0.45,-1,4
1,1,1,0.458968877792,0.45,-1,4
0,0,1,0.55145406723,0.45,-1,4
3,2,0,0.448203086853,0.45,-2,4
0,0,1,0.483457803726,0.45,-1,4
3,3,1,0.670053958893,0.45,-1,4
1,2,0,0.547841072083,0.45,-2,4
2,2,1,0.52455496788,0.45,-1,4
1,1,1,0.491303920746,0.45,-1,4
3,2,0,0.574728965759,0.45,-2,4
2,-1,0,0.7,0.45,-2,4
0,2,0,0.0753860473633,0.45,-2,4
2,-1,0,0.7,0.45,-2,4
3,-1,0,0.7,0.45,-2,4
0,-1,0,0.7,0.45,-2,4
1,-1,0,0.7,0.45,-2,4
0,1,0,0.475055932999,0.45,-2,4
1,-1,0,0.7,0.45,-2,4
2,-1,0,0.7,0.45,-2,4
3,1,0,0.164664983749,0.45,-2,4
2,-1,0,0.7,0.45,-2,4
1,1,1,0.108684062958,0.45,1,4
3,-1,0,0.7,0.45,-2,4
0,2,0,0.59232711792,0.45,-2,4
2,-1,0,0.7,0.45,-2,4
0,2,0,0.0810961723328,0.45,-2,4
3,-1,0,0.7,0.45,-2,4
1,-1,0,0.7,0.45,-2,4
0,-1,0,0.7,0.45,-2,4
3,-1,0,0.7,0.45,-2,4
2,-1,0,0.7,0.45,-2,4
1,-1,0,0.7,0.45,-2,4
3,-1,0,0.7,0.45,-2,4
1,-1,0,0.7,0.45,-2,4
2,-1,0,0.7,0.45,-2,4
0,-1,0,0.7,0.45,-2,4
1,-1,0,0.7,0.45,-2,4
0,-1,0,0.7,0.45,-2,4
2,-1,0,0.7,0.45,-2,4
3,2,0,0.0378799438477,0.45,-2,4
0,0,1,0.450144052505,0.45,-1,4
2,1,0,0.430799007416,0.45,-2,4
1,1,1,0.416656970978,0.45,1,4
3,2,0,0.677453994751,0.45,-2,4
2,2,1,0.647311925888,0.45,-1,4
3,-1,0,0.7,0.45,-2,4
1,-1,0,0.7,0.45,-2,4
2,1,0,0.0804240703583,0.45,-2,4
0,0,1,0.602703094482,0.45,-1,4
1,1,1,0.464179992676,0.45,-1,4
0,0,1,0.505722999573,0.45,-1,4
3,-1,0,0.7,0.45,-2,4
0,-1,0,0.7,0.45,-2,4
3,-1,0,0.7,0.45,-2,4
1,1,1,0.480659008026,0.45,-1,4
2,2,1,0.412252187729,0.45,1,4
1,1,1,0.470448970795,0.45,-1,4
3,-1,0,0.7,0.45,-2,4
2,-1,0,0.7,0.45,-2,4
3,1,0,0.0474970340729,0.45,-2,4
0,0,1,0.435115098953,0.45,1,4
1,1,1,0.588832855225,0.45,-1,4
0,0,1,0.488916873932,0.45,-1,4
2,2,1,0.417739152908,0.45,1,4
0,0,1,0.488001823425,0.45,-1,4
1,2,0,0.53202009201,0.45,-2,4
3,3,1,0.67773604393,0.45,-1,4
2,2,1,0.625091075897,0.45,-1,4
3,-1,0,0.7,0.45,-2,4
1,1,1,0.650283813477,0.45,-1,4
2,2,1,0.545853853226,0.45,-1,4
1,1,1,0.40887093544,0.45,1,4
0,0,1,0.417313814163,0.45,1,4
3,2,0,0.555628061295,0.45,-2,4
0,0,1,0.567867994308,0.45,-1,4
2,2,1,0.565188884735,0.45,-1,4
0,0,1,0.550636053085,0.45,-1,4
2,2,1,0.555425167084,0.45,-1,4
1,1,1,0.565403938293,0.45,-1,4
3,-1,0,0.7,0.45,-2,4
2,2,1,0.174033880234,0.45,1,4
3,-1,0,0.7,0.45,-2,4
1,1,1,0.45032286644,0.45,-1,4
2,2,1,0.547466993332,0.45,-1,4
0,0,1,0.544826984406,0.45,-1,4
1,1,1,0.482294082642,0.45,-1,4
0,0,1,0.454888105392,0.45,-1,4
3,-1,0,0.7,0.45,-2,4
0,0,1,0.655812978745,0.45,-1,4
1,1,1,0.504462003708,0.45,-1,4
3,3,1,0.619302034378,0.45,-1,4
2,2,1,0.574484109879,0.45,-1,4
1,-1,0,0.7,0.45,-2,4
2,1,0,0.0875959396362,0.45,-2,4
3,2,0,0.626831054688,0.45,-2,4
0,0,1,0.492370128632,0.45,-1,4
3,-1,0,0.7,0.45,-2,4
1,-1,0,0.7,0.45,-2,4
0,1,0,0.0808889865875,0.45,-2,4
2,2,1,0.666929006577,0.45,-1,4
0,1,0,0.645097017288,0.45,-2,4
2,-1,0,0.7,0.45,-2,4
1,-1,0,0.7,0.45,-2,4
3,-1,0,0.7,0.45,-2,4
1,2,0,0.571148872375,0.45,-2,4
2,-1,0,0.7,0.45,-2,4
3,-1,0,0.7,0.45,-2,4
0,-1,0,0.7,0.45,-2,4
1,1,1,0.239539861679,0.45,1,4
0,0,1,0.65127491951,0.45,-1,4
3,-1,0,0.7,0.45,-2,4
2,1,0,0.407522201538,0.45,-2,4
0,0,1,0.466881036758,0.45,-1,4
3,2,0,0.511352062225,0.45,-2,4
1,0,0,0.450451850891,0.45,-2,4
2,2,1,0.584134101868,0.45,-1,4
1,1,1,0.497573137283,0.45,-1,4
3,-1,0,0.7,0.45,-2,4
2,2,1,0.599284887314,0.45,-1,4
3,-1,0,0.7,0.45,-2,4
0,0,1,0.671667098999,0.45,-1,4
2,1,0,0.619293928146,0.45,-2,4
0,0,1,0.652405023575,0.45,-1,4
1,2,0,0.560184001923,0.45,-2,4
0,-1,0,0.7,0.45,-2,4
2,2,1,0.478953838348,0.45,-1,5
1,1,1,0.431990861893,0.45,1,5
3,2,0,0.493525028229,0.45,-2,5
0,0,1,0.413677930832,0.45,1,5
1,1,1,0.410121917725,0.45,1,5
0,0,1,0.671427965164,0.45,-1,5
3,-1,0,0.7,0.45,-2,5
2,2,1,0.58155298233,0.45,-1,5
3,-1,0,0.7,0.45,-2,5
1,-1,0,0.7,0.45,-2,5
2,-1,0,0.7,0.45,-2,5
0,-1,0,0.7,0.45,-2,5
2,-1,0,0.7,0.45,-2,5
0,1,0,0.50276184082,0.45,-2,5
1,1,1,0.612377882004,0.45,-1,5
3,-1,0,0.7,0.45,-2,5
1,1,1,0.618148803711,0.45,-1,5
0,0,1,0.445312976837,0.45,1,5
3,-1,0,0.7,0.45,-2,5
2,2,1,0.600492954254,0.45,-1,5
1,1,1,0.652740955353,0.45,-1,5
2,0,0,0.631592988968,0.45,-2,5
3,2,0,0.637229919434,0.45,-2,5
0,-1,0,0.7,0.45,-2,5
2,0,0,0.0817260742188,0.45,-2,5
0,0,1,0.612621068954,0.45,-1,5
3,3,1,0.683044910431,0.45,-1,5
1,1,1,0.646169900894,0.45,-1,5
0,0,1,0.617527008057,0.45,-1,5
1,2,0,0.613497972488,0.45,-2,5
3,-1,0,0.7,0.45,-2,5
2,-1,0,0.7,0.45,-2,5
1,1,1,0.527284860611,0.45,-1,5
2,-1,0,0.7,0.45,-2,5
3,2,0,0.308318138123,0.45,-2,5
0,0,1,0.542597055435,0.45,-1,5
2,1,0,0.552211999893,0.45,-2,5
0,-1,0,0.7,0.45,-2,5
1,0,0,0.106517076492,0.45,-2,5
3,-1,0,0.7,0.45,-2,5
0,-1,0,0.7,0.45,-2,5
3,-1,0,0.7,0.45,-2,5
1,-1,0,0.7,0.45,-2,5
0,-1,0,0.7,0.45,-2,5
2,-1,0,0.7,0.45,-2,5
1,-1,0,0.7,0.45,-2,5
2,-1,0,0.7,0.45,-2,5
3,-1,0,0.7,0.45,-2,5
2,-1,0,0.7,0.45,-2,5
0,-1,0,0.7,0.45,-2,5
3,-1,0,0.7,0.45,-2,5
1,-1,0,0.7,0.45,-2,5
3,3,1,0.48059296608,0.45,-1,5
0,-1,0,0.7,0.45,-2,5
1,-1,0,0.7,0.45,-2,5
0,1,0,0.625,0.45,-2,5
2,-1,0,0.7,0.45,-2,5
3,2,0,0.66412115097,0.45,-2,5
2,2,1,0.569184064865,0.45,-1,5
1,1,1,0.422519922256,0.45,1,5
2,2,1,0.653829097748,0.45,-1,5
1,1,1,0.427656888962,0.45,1,5
3,2,0,0.535634040833,0.45,-2,5
0,0,1,0.554661035538,0.45,-1,5
3,2,0,0.573672056198,0.45,-2,5
1,1,1,0.600336074829,0.45,-1,5
0,0,1,0.493663072586,0.45,-1,5
1,2,0,0.489012002945,0.45,-2,5
2,2,1,0.520858049393,0.45,-1,5
3,-1,0,0.7,0.45,-2,5
2,2,1,0.0106549263,0.45,1,5
0,0,1,0.478163003922,0.45,-1,5
2,2,1,0.456498861313,0.45,-1,5
1,1,1,0.458988904953,0.45,-1,5
3,2,0,0.397575855255,0.45,-2,5
0,0,1,0.683053016663,0.45,-1,5
3,-1,0,0.7,0.45,-2,5
1,-1,0,0.7,0.45,-2,5
0,-1,0,0.7,0.45,-2,5
1,-1,0,0.7,0.45,-2,5
2,-1,0,0.7,0.45,-2,5
3,-1,0,0.7,0.45,-2,5
2,-1,0,0.7,0.45,-2,5
0,-1,0,0.7,0.45,-2,5
2,-1,0,0.7,0.45,-2,5
3,1,0,0.43535900116,0.45,-2,5
0,0,1,0.566565990448,0.45,-1,5
1,1,1,0.440220117569,0.45,1,5
0,-1,0,0.7,0.45,-2,5
3,0,0,0.119819164276,0.45,-2,5
1,-1,0,0.7,0.45,-2,5
3,2,0,0.0207810401917,0.45,-2,5
2,2,1,0.575836896896,0.45,-1,5
0,0,1,0.562686920166,0.45,-1,5
2,-1,0,0.7,0.45,-2,5
1,2,0,0.0435230731964,0.45,-2,5
2,1,0,0.662367105484,0.45,-2,5
0,-1,0,0.7,0.45,-2,5
3,0,0,0.0507891178131,0.45,-2,5
1,1,1,0.54310297966,0.45,-1,5
3,-1,0,0.7,0.45,-2,5
0,2,0,0.279336929321,0.45,-2,5
1,1,1,0.642235994339,0.45,-1,5
0,0,1,0.60606098175,0.45,-1,5
2,2,1,0.513632059097,0.45,-1,5
1,1,1,0.505832910538,0.45,-1,5
2,2,1,0.438477039337,0.45,1,5
3,-1,0,0.7,0.45,-2,5
2,2,1,0.630432844162,0.45,-1,5
3,-1,0,0.7,0.45,-2,5
0,-1,0,0.7,0.45,-2,5
1,2,0,0.0450420379639,0.45,-2,5
0,-1,0,0.7,0.45,-2,5
3,-1,0,0.7,0.45,-2,5
1,-1,0,0.7,0.45,-2,5
3,-1,0,0.7,0.45,-2,5
2,-1,0,0.7,0.45,-2,5
1,-1,0,0.7,0.45,-2,5
2,-1,0,0.7,0.45,-2,5
0,-1,0,0.7,0.45,-2,5
2,-1,0,0.7,0.45,-2,5
0,-1,0,0.7,0.45,-2,5
1,-1,0,0.7,0.45,-2,5
3,-1,0,0.7,0.45,-2,5
1,-1,0,0.7,0.45,-2,5
0,-1,0,0.7,0.45,-2,5
3,2,0,0.582306146622,0.45,-2,5
2,2,1,0.625028133392,0.45,-1,5
1,1,1,0.455628871918,0.45,-1,5
2,2,1,0.384854078293,0.45,1,5
3,3,1,0.570196866989,0.45,-1,5
0,-1,0,0.7,0.45,-2,5
2,-1,0,0.7,0.45,-2,5
1,2,0,0.127737998962,0.45,-2,5
3,-1,0,0.7,0.45,-2,5
0,3,0,0.10985994339,0.45,-2,5
1,1,1,0.621807098389,0.45,-1,5
0,0,1,0.493057966232,0.45,-1,5
3,2,0,0.678297042847,0.45,-2,5
2,2,1,0.563644170761,0.45,-1,5
3,-1,0,0.7,0.45,-2,5
1,2,0,0.55367898941,0.45,-2,5
2,2,1,0.541219949722,0.45,-1,5
0,1,0,0.528797864914,0.45,-2,5
2,-1,0,0.7,0.45,-2,5
1,-1,0,0.7,0.45,-2,5
3,-1,0,0.7,0.45,-2,5
0,-1,0,0.7,0.45,-2,5
1,0,0,0.228580951691,0.45,-2,5
0,0,1,0.472894906998,0.45,-1,5
3,2,0,0.511244058609,0.45,-2,5
2,2,1,0.456717967987,0.45,-1,5
3,-1,0,0.7,0.45,-2,5
1,3,0,0.0229389667511,0.45,-2,5
2,2,1,0.459182024002,0.45,-1,5
0,0,1,0.495241880417,0.45,-1,5
2,2,1,0.491369009018,0.45,-1,5
1,1,1,0.419856071472,0.45,1,5
0,0,1,0.569623947144,0.45,-1,5
3,-1,0,0.7,0.45,-2,5
1,1,1,0.494841098785,0.45,-1,5
3,-1,0,0.7,0.45,-2,5
0,0,1,0.453946113586,0.45,-1,5
2,2,1,0.48095703125,0.45,-1,5
3,-1,0,0.7,0.45,-2,5
2,-1,0,0.7,0.45,-2,5
0,2,0,0.0255181789398,0.45,-2,5
1,1,1,0.612435102463,0.45,-1,5
2,2,1,0.534785985947,0.45,-1,5
1,1,1,0.565441846848,0.45,-1,5
3,-1,0,0.7,0.45,-2,5
0,0,1,0.633598089218,0.45,-1,5
3,2,0,0.63868188858,0.45,-2,5
1,-1,0,0.7,0.45,-2,5
0,1,0,0.0664739608765,0.45,-2,5
2,-1,0,0.7,0.45,-2,5
3,-1,0,0.7,0.45,-2,5
2,-1,0,0.7,0.45,-2,5
0,-1,0,0.7,0.45,-2,5
1,1,1,0.259910106659,0.45,1,5
2,2,1,0.288303136826,0.45,1,5
1,0,0,0.468422889709,0.45,-2,5
0,-1,0,0.7,0.45,-2,5
3,-1,0,0.7,0.45,-2,5
0,-1,0,0.7,0.45,-2,5
1,1,1,0.278810024261,0.45,1,5
3,1,0,0.275746107101,0.45,-2,5
1,1,1,0.452726125717,0.45,-1,5
2,2,1,0.448216199875,0.45,1,5
3,-1,0,0.7,0.45,-2,5
2,2,1,0.621443986893,0.45,-1,5
0,-1,0,0.7,0.45,-2,5
2,0,0,0.0219399929047,0.45,-2,5
0,-1,0,0.7,0.45,-2,5
3,-1,0,0.7,0.45,-2,5
1,1,1,0.320196151733,0.45,1,5
0,0,1,0.603089809418,0.45,-1,5
1,1,1,0.535904884338,0.45,-1,5
3,2,0,0.577442884445,0.45,-2,5
2,2,1,0.603151082993,0.45,-1,5
1,1,1,0.566879034042,0.45,-1,5
2,2,1,0.585994005203,0.45,-1,5
3,-1,0,0.7,0.45,-2,5
0,0,1,0.603973865509,0.45,-1,5
2,2,1,0.485903024673,0.45,-1,5
1,1,1,0.4333319664,0.45,1,5
3,-1,0,0.7,0.45,-2,5
0,1,0,0.440001010895,0.45,-2,5
1,1,1,0.633004903793,0.45,-1,5
0,1,0,0.671406984329,0.45,-2,5
3,-1,0,0.7,0.45,-2,5
2,2,1,0.142024040222,0.45,1,5
3,-1,0,0.7,0.45,-2,5
1,1,1,0.603511095047,0.45,-1,5
2,2,1,0.644987106323,0.45,-1,5
0,0,1,0.616207838058,0.45,-1,5
2,2,1,0.563361167908,0.45,-1,5
3,-1,0,0.7,0.45,-2,6
2,-1,0,0.7,0.45,-2,6
1,1,1,0.481448888779,0.45,-1,6
0,0,1,0.436685085297,0.45,1,6
2,-1,0,0.7,0.45,-2,6
0,0,1,0.648553133011,0.45,-1,6
1,1,1,0.572079181671,0.45,-1,6
2,2,1,0.598259925842,0.45,-1,6
3,-1,0,0.7,0.45,-2,6
0,-1,0,0.7,0.45,-2,6
3,-1,0,0.7,0.45,-2,6
1,-1,0,0.7,0.45,-2,6
3,-1,0,0.7,0.45,-2,6
2,-1,0,0.7,0.45,-2,6
1,-1,0,0.7,0.45,-2,6
0,-1,0,0.7,0.45,-2,6
2,2,1,0.550400018692,0.45,-1,6
0,0,1,0.536428928375,0.45,-1,6
1,1,1,0.474870204926,0.45,-1,6
3,-1,0,0.7,0.45,-2,6
1,-1,0,0.7,0.45,-2,6
2,-1,0,0.7,0.45,-2,6
3,-1,0,0.7,0.45,-2,6
0,3,0,0.570723056793,0.45,-2,6
3,-1,0,0.7,0.45,-2,6
1,-1,0,0.7,0.45,-2,6
0,-1,0,0.7,0.45,-2,6
2,-1,0,0.7,0.45,-2,6
0,-1,0,0.7,0.45,-2,6
1,-1,0,0.7,0.45,-2,6
2,-1,0,0.7,0.45,-2,6
1,1,1,0.36673784256,0.45,1,6
3,-1,0,0.7,0.45,-2,6
0,0,1,0.659246921539,0.45,-1,6
3,2,0,0.671300888062,0.45,-2,6
2,-1,0,0.7,0.45,-2,6
3,2,0,0.0761499404907,0.45,-2,6
1,1,1,0.47403383255,0.45,-1,6
0,0,1,0.427594184875,0.45,1,6
2,2,1,0.446861028671,0.45,1,6
0,0,1,0.538676977158,0.45,-1,6
1,1,1,0.484877109528,0.45,-1,6
2,-1,0,0.7,0.45,-2,6
3,2,0,0.0464551448822,0.45,-2,6
2,2,1,0.48167014122,0.45,-1,6
1,1,1,0.365640878677,0.45,1,6
3,-1,0,0.7,0.45,-2,6
0,-1,0,0.7,0.45,-2,6
3,-1,0,0.7,0.45,-2,6
2,2,1,0.0798778533936,0.45,1,6
1,1,1,0.533411979675,0.45,-1,6
0,0,1,0.656405925751,0.45,-1,6
1,1,1,0.499582052231,0.45,-1,6
2,2,1,0.477675914764,0.45,-1,6
0,0,1,0.522780179977,0.45,-1,6
2,2,1,0.492708921432,0.45,-1,6
3,3,1,0.63792514801,0.45,-1,6
1,1,1,0.580421924591,0.45,-1,6
3,2,0,0.565001964569,0.45,-2,6
0,-1,0,0.7,0.45,-2,6
3,0,0,0.00277304649353,0.45,-2,6
1,-1,0,0.7,0.45,-2,6
2,1,0,0.0283298492432,0.45,-2,6
0,0,1,0.511018037796,0.45,-1,6
2,2,1,0.434297084808,0.45,1,6
1,1,1,0.571943044662,0.45,-1,6
0,0,1,0.393418073654,0.45,1,6
3,2,0,0.466691970825,0.45,-2,6
2,2,1,0.559798002243,0.45,-1,6
3,-1,0,0.7,0.45,-2,6
0,-1,0,0.7,0.45,-2,6
1,1,1,0.519742965698,0.45,-1,6
3,-1,0,0.7,0.45,-2,6
0,0,1,0.552921056747,0.45,-1,6
2,2,1,0.411244869232,0.45,1,6
1,1,1,0.516929864883,0.45,-1,6
0,0,1,0.343317985535,0.45,1,6
1,1,1,0.373310089111,0.45,1,6
2,2,1,0.350023984909,0.45,1,6
3,2,0,0.442342996597,0.45,-2,6
1,1,1,0.517639875412,0.45,-1,6
3,2,0,0.490206956863,0.45,-2,6
2,-1,0,0.7,0.45,-2,6
0,-1,0,0.7,0.45,-2,6
3,0,0,0.0417737960815,0.45,-2,6
1,1,1,0.485166072845,0.45,-1,6
0,0,1,0.504534959793,0.45,-1,6
2,2,1,0.451051950455,0.45,-1,6
1,1,1,0.543235063553,0.45,-1,6
2,2,1,0.436961889267,0.45,1,6
0,0,1,0.544393777847,0.45,-1,6
1,1,1,0.539680957794,0.45,-1,6
3,-1,0,0.7,0.45,-2,6
2,2,1,0.550536155701,0.45,-1,6
3,2,0,0.674793958664,0.45,-2,6
0,0,1,0.647577047348,0.45,-1,6
3,-1,0,0.7,0.45,-2,6
2,2,1,0.554747104645,0.45,-1,6
0,0,1,0.575989961624,0.45,-1,6
1,1,1,0.546518087387,0.45,-1,6
2,2,1,0.399919033051,0.45,1,6
1,1,1,0.449466943741,0.45,1,6
0,1,0,0.47550702095,0.45,-2,6
2,2,1,0.586300849915,0.45,-1,6
3,-1,0,0.7,0.45,-2,6
1,-1,0,0.7,0.45,-2,6
3,1,0,0.427688121796,0.45,-2,6
0,-1,0,0.7,0.45,-2,6
3,-1,0,0.7,0.45,-2,6
2,-1,0,0.7,0.45,-2,6
0,-1,0,0.7,0.45,-2,6
1,-1,0,0.7,0.45,-2,6
0,-1,0,0.7,0.45,-2,6
2,-1,0,0.7,0.45,-2,6
1,0,0,0.0210819244385,0.45,-2,6
3,-1,0,0.7,0.45,-2,6
0,1,0,0.603535175323,0.45,-2,6
3,2,0,0.600343942642,0.45,-2,6
1,1,1,0.608959197998,0.45,-1,6
2,-1,0,0.7,0.45,-2,6
3,2,0,0.176978111267,0.45,-2,6
0,0,1,0.540199995041,0.45,-1,6
2,2,1,0.502429008484,0.45,-1,6
1,1,1,0.641356945038,0.45,-1,6
0,0,1,0.542999982834,0.45,-1,6
1,1,1,0.502710103989,0.45,-1,6
2,2,1,0.436527013779,0.45,1,6
3,2,0,0.432667016983,0.45,-2,6
1,1,1,0.432826042175,0.45,1,6
3,2,0,0.652408123016,0.45,-2,6
2,-1,0,0.7,0.45,-2,6
0,-1,0,0.7,0.45,-2,6
3,0,0,0.112947940826,0.45,-2,6
1,2,0,0.401141166687,0.45,-2,6
0,0,1,0.671433925629,0.45,-1,6
2,2,1,0.507057189941,0.45,-1,6
1,1,1,0.362724065781,0.45,1,6
2,2,1,0.399912118912,0.45,1,6
0,0,1,0.402122974396,0.45,1,6
3,2,0,0.54814696312,0.45,-2,6
2,2,1,0.625958919525,0.45,-1,6
3,-1,0,0.7,0.45,-2,6
0,0,1,0.440897941589,0.45,1,6
1,1,1,0.34805893898,0.45,1,6
3,2,0,0.583456039429,0.45,-2,6
0,-1,0,0.7,0.45,-2,6
2,0,0,0.14849281311,0.45,-2,6
1,1,1,0.446099042892,0.45,1,6
0,0,1,0.681287050247,0.45,-1,6
1,1,1,0.5489320755,0.45,-1,6
2,-1,0,0.7,0.45,-2,6
0,1,0,0.0360939502716,0.45,-2,6
3,-1,0,0.7,0.45,-2,6
1,-1,0,0.7,0.45,-2,6
3,-1,0,0.7,0.45,-2,6
2,1,0,0.195474863052,0.45,-2,6
3,1,0,0.33479309082,0.45,-2,6
2,-1,0,0.7,0.45,-2,6
0,-1,0,0.7,0.45,-2,6
1,3,0,0.144585132599,0.45,-2,6
2,2,1,0.131155967712,0.45,1,6
1,1,1,0.3833360672,0.45,1,6
0,0,1,0.512861967087,0.45,-1,6
3,3,1,0.627034187317,0.45,-1,6
1,1,1,0.614558935165,0.45,-1,6
3,-1,0,0.7,0.45,-2,6
0,3,0,0.0598609447479,0.45,-2,6
2,2,1,0.377082824707,0.45,1,6
3,-1,0,0.7,0.45,-2,6
1,1,1,0.484941959381,0.45,-1,6
0,0,1,0.586654901505,0.45,-1,6
2,2,1,0.501619100571,0.45,-1,6
0,0,1,0.489195823669,0.45,-1,6
1,1,1,0.540046930313,0.45,-1,6
2,2,1,0.544487953186,0.45,-1,6
3,2,0,0.604644060135,0.45,-2,6
0,0,1,0.638219118118,0.45,-1,6
3,-1,0,0.7,0.45,-2,6
2,1,0,0.588227987289,0.45,-2,6
1,1,1,0.664914131165,0.45,-1,6
3,-1,0,0.7,0.45,-2,6
0,-1,0,0.7,0.45,-2,6
1,1,1,0.612260103226,0.45,-1,6
2,2,1,0.447329998016,0.45,1,6
0,0,1,0.456223964691,0.45,-1,6
2,2,1,0.42084813118,0.45,1,6
1,1,1,0.325664997101,0.45,1,6
3,2,0,0.393470048904,0.45,-2,6
1,1,1,0.508328199387,0.45,-1,6
0,0,1,0.440903186798,0.45,1,6
3,-1,0,0.7,0.45,-2,6
2,2,1,0.415678977966,0.45,1,6
3,-1,0,0.7,0.45,-2,6
0,0,1,0.295289993286,0.45,1,6
1,1,1,0.336923122406,0.45,1,6
2,2,1,0.341130971909,0.45,1,6
0,0,1,0.625416994095,0.45,-1,6
2,2,1,0.505697011948,0.45,-1,6
1,1,1,0.508270978928,0.45,-1,6
0,0,1,0.494776010513,0.45,-1,6
3,2,0,0.477066993713,0.45,-2,6
2,2,1,0.6567029953,0.45,-1,6
3,-1,0,0.7,0.45,-2,6
1,-1,0,0.7,0.45,-2,6
3,1,0,0.193148136139,0.45,-2,6
1,-1,0,0.7,0.45,-2,6
0,-1,0,0.7,0.45,-2,6
2,-1,0,0.7,0.45,-2,6
0,-1,0,0.7,0.45,-2,6
1,3,0,0.322113037109,0.45,-2,6
2,-1,0,0.7,0.45,-2,6
3,3,1,0.488629102707,0.45,-1,6
2,2,1,0.524256944656,0.45,-1,6
1,1,1,0.389580011368,0.45,1,6
3,-1,0,0.7,0.45,-2,6
0,-1,0,0.7,0.45,-2,6
3,0,0,0.126215934753,0.45,-2,6
0,0,1,0.630762815475,0.45,-1,7
2,2,1,0.427578926086,0.45,1,7
3,-1,0,0.7,0.45,-2,7
1,2,0,0.0409088134766,0.45,-2,7
2,2,1,0.626634836197,0.45,-1,7
1,1,1,0.510938167572,0.45,-1,7
3,-1,0,0.7,0.45,-2,7
0,-1,0,0.7,0.45,-2,7
1,0,0,0.0149660110474,0.45,-2,7
0,0,1,0.47402215004,0.45,-1,7
3,2,0,0.638098955154,0.45,-2,7
2,1,0,0.676009893417,0.45,-2,7
0,-1,0,0.7,0.45,-2,7
1,0,0,0.13765001297,0.45,-2,7
3,-1,0,0.7,0.45,-2,7
2,3,0,0.423536062241,0.45,-2,7
1,2,0,0.627827882767,0.45,-2,7
2,-1,0,0.7,0.45,-2,7
3,2,0,0.313888072968,0.45,-2,7
0,-1,0,0.7,0.45,-2,7
3,-1,0,0.7,0.45,-2,7
1,-1,0,0.7,0.45,-2,7
0,-1,0,0.7,0.45,-2,7
2,-1,0,0.7,0.45,-2,7
0,-1,0,0.7,0.45,-2,7
3,-1,0,0.7,0.45,-2,7
1,1,1,0.516893863678,0.45,-1,7
2,2,1,0.517848968506,0.45,-1,7
1,-1,0,0.7,0.45,-2,7
3,1,0,0.00406908988953,0.45,-2,7
2,2,1,0.552572011948,0.45,-1,7
0,0,1,0.556793928146,0.45,-1,7
1,1,1,0.521113872528,0.45,-1,7
0,0,1,0.55464887619,0.45,-1,7
2,2,1,0.572098970413,0.45,-1,7
3,-1,0,0.7,0.45,-2,7
0,0,1,0.610126018524,0.45,-1,7
2,2,1,0.496486902237,0.45,-1,7
3,-1,0,0.7,0.45,-2,7
1,1,1,0.534394979477,0.45,-1,7
2,2,1,0.385386943817,0.45,1,7
1,1,1,0.453059911728,0.45,-1,7
3,2,0,0.423044919968,0.45,-2,7
0,0,1,0.392683029175,0.45,1,7
3,-1,0,0.7,0.45,-2,7
2,2,1,0.20774102211,0.45,1,7
0,0,1,0.482523918152,0.45,-1,7
1,1,1,0.415008068085,0.45,1,7
0,-1,0,0.7,0.45,-2,7
2,0,0,0.0630090236664,0.45,-2,7
3,2,0,0.513644933701,0.45,-2,7
1,1,1,0.515190839767,0.45,-1,7
2,2,1,0.414522886276,0.45,1,7
1,1,1,0.379917860031,0.45,1,7
3,2,0,0.464606046677,0.45,-2,7
0,0,1,0.416521072388,0.45,1,7
3,-1,0,0.7,0.45,-2,7
2,2,1,0.486408948898,0.45,-1,7
0,0,1,0.523531913757,0.45,-1,7
1,1,1,0.468878030777,0.45,-1,7
0,0,1,0.522333145142,0.45,-1,7
2,2,1,0.484658956528,0.45,-1,7
1,1,1,0.537212848663,0.45,-1,7
3,-1,0,0.7,0.45,-2,7
2,2,1,0.608554124832,0.45,-1,7
3,-1,0,0.7,0.45,-2,7
1,-1,0,0.7,0.45,-2,7
0,1,0,0.0323388576508,0.45,-2,7
1,-1,0,0.7,0.45,-2,7
2,-1,0,0.7,0.45,-2,7
0,2,0,0.155089855194,0.45,-2,7
3,-1,0,0.7,0.45,-2,7
0,-1,0,0.7,0.45,-2,7
3,3,1,0.395680904388,0.45,1,7
1,-1,0,0.7,0.45,-2,7
2,1,0,0.0264189243317,0.45,-2,7
3,-1,0,0.7,0.45,-2,7
2,-1,0,0.7,0.45,-2,7
1,-1,0,0.7,0.45,-2,7
3,-1,0,0.7,0.45,-2,7
0,-1,0,0.7,0.45,-2,7
1,-1,0,0.7,0.45,-2,7
0,0,1,0.635125160217,0.45,-1,7
2,2,1,0.580088853836,0.45,-1,7
0,0,1,0.631407022476,0.45,-1,7
3,-1,0,0.7,0.45,-2,7
2,2,1,0.558809995651,0.45,-1,7
1,-1,0,0.7,0.45,-2,7
2,1,0,0.0375521183014,0.45,-2,7
3,2,0,0.594100952148,0.45,-2,7
1,1,1,0.412523031235,0.45,1,7
0,0,1,0.391689062119,0.45,1,7
2,2,1,0.339725017548,0.45,1,7
0,0,1,0.396833896637,0.45,1,7
1,1,1,0.480486154556,0.45,-1,7
3,-1,0,0.7,0.45,-2,7
0,0,1,0.501349925995,0.45,-1,7
2,2,1,0.449158906937,0.45,1,7
1,1,1,0.316762924194,0.45,1,7
3,-1,0,0.7,0.45,-2,7
1,1,1,0.659790992737,0.45,-1,7
2,2,1,0.560968160629,0.45,-1,7
3,-1,0,0.7,0.45,-2,7
2,-1,0,0.7,0.45,-2,7
0,0,1,0.679826021194,0.45,-1,7
1,1,1,0.63392496109,0.45,-1,7
0,0,1,0.633809089661,0.45,-1,7
3,-1,0,0.7,0.45,-2,7
0,3,0,0.0241179466248,0.45,-2,7
3,-1,0,0.7,0.45,-2,7
1,3,0,0.011794090271,0.45,-2,7
2,-1,0,0.7,0.45,-2,7
3,-1,0,0.7,0.45,-2,7
2,-1,0,0.7,0.45,-2,7
1,2,0,0.138330936432,0.45,-2,7
0,0,1,0.591383934021,0.45,-1,7
2,2,1,0.49795293808,0.45,-1,7
0,0,1,0.509859085083,0.45,-1,7
1,1,1,0.422198057175,0.45,1,7
3,3,1,0.595198154449,0.45,-1,7
0,3,0,0.00533604621887,0.45,-2,7
2,2,1,0.480101108551,0.45,-1,7
1,1,1,0.497992038727,0.45,-1,7
3,-1,0,0.7,0.45,-2,7
2,2,1,0.578277826309,0.45,-1,7
3,-1,0,0.7,0.45,-2,7
1,-1,0,0.7,0.45,-2,7
2,-1,0,0.7,0.45,-2,7
0,2,0,0.153342962265,0.45,-2,7
3,-1,0,0.7,0.45,-2,7
0,-1,0,0.7,0.45,-2,7
1,1,1,0.0807280540466,0.45,1,7
0,0,1,0.546175003052,0.45,-1,7
2,2,1,0.469966888428,0.45,-1,7
3,-1,0,0.7,0.45,-2,7
1,1,1,0.584270000458,0.45,-1,7
2,2,1,0.464506864548,0.45,-1,7
1,0,0,0.57440495491,0.45,-2,7
3,-1,0,0.7,0.45,-2,7
0,-1,0,0.7,0.45,-2,7
3,-1,0,0.7,0.45,-2,7
2,-1,0,0.7,0.45,-2,7
0,-1,0,0.7,0.45,-2,7
1,1,1,0.607366800308,0.45,-1,7
0,0,1,0.653542041779,0.45,-1,7
2,2,1,0.56778883934,0.45,-1,7
1,1,1,0.515771865845,0.45,-1,7
3,-1,0,0.7,0.45,-2,7
2,2,1,0.0396749973297,0.45,1,7
3,-1,0,0.7,0.45,-2,7
1,1,1,0.48646903038,0.45,-1,7
0,0,1,0.46443605423,0.45,-1,7
3,2,0,0.463959932327,0.45,-2,7
0,0,1,0.609907150269,0.45,-1,7
1,1,1,0.570293188095,0.45,-1,7
2,2,1,0.381772994995,0.45,1,7
0,0,1,0.603182077408,0.45,-1,7
1,1,1,0.48575091362,0.45,-1,7
2,2,1,0.432283878326,0.45,1,7
3,-1,0,0.7,0.45,-2,7
2,-1,0,0.7,0.45,-2,7
1,2,0,0.0198819637299,0.45,-2,7
3,-1,0,0.7,0.45,-2,7
0,0,1,0.561506986618,0.45,-1,7
3,-1,0,0.7,0.45,-2,7
1,1,1,0.633763074875,0.45,-1,7
0,0,1,0.597033023834,0.45,-1,7
2,2,1,0.566903114319,0.45,-1,7
0,0,1,0.515945911407,0.45,-1,7
3,3,1,0.636701107025,0.45,-1,7
1,1,1,0.474035024643,0.45,-1,7
2,2,1,0.513091087341,0.45,-1,7
1,1,1,0.415810108185,0.45,1,7
3,3,1,0.587686061859,0.45,-1,7
2,-1,0,0.7,0.45,-2,7
0,0,1,0.601552009583,0.45,-1,7
2,2,1,0.51570391655,0.45,-1,7
3,2,0,0.640299081802,0.45,-2,7
0,0,1,0.632453918457,0.45,-1,7
1,1,1,0.475718021393,0.45,-1,7
0,0,1,0.610901832581,0.45,-1,7
2,2,1,0.453371047974,0.45,-1,7
1,1,1,0.408201217651,0.45,1,7
3,3,1,0.601684093475,0.45,-1,7
2,2,1,0.54239988327,0.45,-1,7
3,-1,0,0.7,0.45,-2,7
1,1,1,0.45209312439,0.45,-1,7
2,2,1,0.559205055237,0.45,-1,7
0,1,0,0.411186933517,0.45,-2,7
1,1,1,0.615656137466,0.45,-1,7
0,0,1,0.571547985077,0.45,-1,7
3,2,0,0.482216119766,0.45,-2,7
0,0,1,0.639008998871,0.45,-1,7
2,2,1,0.497892141342,0.45,-1,7
1,1,1,0.383887052536,0.45,1,7
3,-1,0,0.7,0.45,-2,7
2,2,1,0.0774660110474,0.45,1,7
3,-1,0,0.7,0.45,-2,7
1,1,1,0.515768051147,0.45,-1,7
0,0,1,0.592287063599,0.45,-1,7
1,2,0,0.483578920364,0.45,-2,7
2,2,1,0.42992401123,0.45,1,7
0,0,1,0.599828004837,0.45,-1,7
3,2,0,0.49344420433,0.45,-2,7
0,0,1,0.447834014893,0.45,1,7
2,2,1,0.442252874374,0.45,1,7
3,-1,0,0.7,0.45,-2,7
1,1,1,0.447973012924,0.45,1,7
3,2,0,0.515800952911,0.45,-2,7
2,-1,0,0.7,0.45,-2,7
1,2,0,0.0672118663788,0.45,-2,7
0,0,1,0.334503173828,0.45,1,7
3,-1,0,0.7,0.45,-2,7
0,-1,0,0.7,0.45,-2,7
1,1,1,0.35821390152,0.45,1,7
2,2,1,0.433883905411,0.45,1,7
0,0,1,0.55862402916,0.45,-1,7
