probe,press,accuracy,rt,threshold,score,run_num
3,3,1,0.472550153732,0.45,-1,0
1,0,0,0.324386119843,0.45,-2,0
0,0,1,0.286601066589,0.45,1,0
2,2,1,0.234064102173,0.45,1,0
1,1,1,0.292714118958,0.45,1,0
2,2,1,0.303639888763,0.45,1,0
0,0,1,0.35804104805,0.45,1,0
3,3,1,0.342296123505,0.45,1,0
0,0,1,0.363261938095,0.45,1,0
1,1,1,0.438138961792,0.45,1,0
3,3,1,0.378824949265,0.45,1,0
2,2,1,0.32664680481,0.45,1,0
3,3,1,0.414829969406,0.45,1,0
2,2,1,0.429044008255,0.45,1,0
1,1,1,0.365704059601,0.45,1,0
0,0,1,0.32067990303,0.45,1,0
2,2,1,0.309900999069,0.45,1,0
0,1,0,0.33358001709,0.45,-2,0
1,1,1,0.376728057861,0.45,1,0
2,2,1,0.301995038986,0.45,1,0
3,3,1,0.271542787552,0.45,1,0
1,1,1,0.342331171036,0.45,1,0
3,3,1,0.568961858749,0.45,-1,0
0,0,1,0.386779069901,0.45,1,0
3,3,1,0.392262935638,0.45,1,0
1,1,1,0.299346923828,0.45,1,0
0,1,0,0.278366088867,0.45,-2,0
2,2,1,0.266603946686,0.45,1,0
1,1,1,0.373147964478,0.45,1,0
2,2,1,0.345232009888,0.45,1,0
0,0,1,0.28374505043,0.45,1,0
3,3,1,0.247718095779,0.45,1,0
0,0,1,0.409835100174,0.45,1,0
1,1,1,0.436465024948,0.45,1,0
3,2,0,0.360291004181,0.45,-2,0
2,2,1,0.40043091774,0.45,1,0
3,2,0,0.42869591713,0.45,-2,0
0,0,1,0.409070014954,0.45,1,0
2,2,1,0.34689116478,0.45,1,0
1,0,0,0.326849937439,0.45,-2,0
0,0,1,0.296985864639,0.45,1,0
1,1,1,0.403665065765,0.45,1,0
2,2,1,0.336108922958,0.45,1,0
0,0,1,0.349914073944,0.45,1,0
3,3,1,0.33537197113,0.45,1,0
1,1,1,0.316789865494,0.45,1,0
3,3,1,0.334889173508,0.45,1,0
2,2,1,0.362322092056,0.45,1,0
3,3,1,0.396507978439,0.45,1,0
2,2,1,0.368489027023,0.45,1,0
0,0,1,0.34730219841,0.45,1,0
1,1,1,0.542098045349,0.45,-1,0
0,0,1,0.425776958466,0.45,1,0
2,2,1,0.342303991318,0.45,1,0
1,1,1,0.383373975754,0.45,1,0
2,2,1,0.324669122696,0.45,1,0
3,3,1,0.3254570961,0.45,1,0
1,1,1,0.304477930069,0.45,1,0
3,2,0,0.293405056,0.45,-2,0
0,0,1,0.391735076904,0.45,1,0
3,3,1,0.333495140076,0.45,1,0
0,0,1,0.377123117447,0.45,1,0
2,1,0,0.368677139282,0.45,-2,0
1,1,1,0.350404977798,0.45,1,0
2,2,1,0.305702924728,0.45,1,0
0,0,1,0.300960063934,0.45,1,0
1,1,1,0.424000024796,0.45,1,0
3,3,1,0.34890294075,0.45,1,0
1,1,1,0.328523159027,0.45,1,0
0,0,1,0.330875873566,0.45,1,0
3,3,1,0.366495847702,0.45,1,0
2,2,1,0.471072912216,0.45,-1,0
3,2,0,0.356636047363,0.45,-2,0
2,1,0,0.406519889832,0.45,-2,0
1,1,1,0.434177875519,0.45,1,0
0,0,1,0.387993097305,0.45,1,0
1,1,1,0.510965824127,0.45,-1,0
2,2,1,0.476323843002,0.45,-1,0
0,0,1,0.383733034134,0.45,1,0
2,2,1,0.289031028748,0.45,1,0
3,3,1,0.276382923126,0.45,1,0
1,1,1,0.273363113403,0.45,1,0
3,2,0,0.252039909363,0.45,-2,0
0,0,1,0.333213090897,0.45,1,0
3,3,1,0.297453165054,0.45,1,0
2,1,0,0.349995136261,0.45,-2,0
1,0,0,0.345105171204,0.45,-2,0
0,0,1,0.38702583313,0.45,1,0
2,1,0,0.384035825729,0.45,-2,0
0,0,1,0.489720106125,0.45,-1,0
1,1,1,0.525640964508,0.45,-1,0
2,2,1,0.454839944839,0.45,-1,0
3,3,1,0.366679191589,0.45,1,0
1,1,1,0.375936031342,0.45,1,0
3,3,1,0.460103034973,0.45,-1,0
0,0,1,0.405719995499,0.45,1,0
3,3,1,0.387406110764,0.45,1,0
1,1,1,0.309725046158,0.45,1,0
2,2,1,0.288660049438,0.45,1,0
0,0,1,0.298836946487,0.45,1,0
2,2,1,0.280519962311,0.45,1,0
1,1,1,0.288794994354,0.45,1,0
0,0,1,0.339129924774,0.45,1,0
3,3,1,0.288506031036,0.45,1,0
2,2,1,0.354926109314,0.45,1,0
3,3,1,0.408560991287,0.45,1,0
0,0,1,0.418873071671,0.45,1,0
1,1,1,0.427560091019,0.45,1,0
3,3,1,0.401354074478,0.45,1,0
0,0,1,0.370517969131,0.45,1,0
1,0,0,0.446202039719,0.45,-2,0
2,2,1,0.409268856049,0.45,1,0
0,0,1,0.395800113678,0.45,1,0
2,2,1,0.394977092743,0.45,1,0
1,0,0,0.34916305542,0.45,-2,0
0,0,1,0.390822887421,0.45,1,0
3,3,1,0.418747901917,0.45,1,0
1,1,1,0.38339805603,0.45,1,0
3,3,1,0.400238990784,0.45,1,0
2,2,1,0.382066965103,0.45,1,0
3,3,1,0.416129112244,0.45,1,0
1,0,0,0.387945890427,0.45,-2,0
0,0,1,0.39653301239,0.45,1,0
2,2,1,0.368290901184,0.45,1,0
0,0,1,0.40275812149,0.45,1,0
1,1,1,0.469685077667,0.45,-1,0
2,2,1,0.402926206589,0.45,1,0
1,1,1,0.396271944046,0.45,1,0
3,3,1,0.410385131836,0.45,1,0
2,2,1,0.34774684906,0.45,1,0
3,3,1,0.366657018661,0.45,1,0
0,0,1,0.333270072937,0.45,1,0
3,3,1,0.356496810913,0.45,1,0
2,2,1,0.362863063812,0.45,1,0
0,0,1,0.43557715416,0.45,1,0
1,1,1,0.446373939514,0.45,1,0
2,2,1,0.371635913849,0.45,1,0
1,1,1,0.384212970734,0.45,1,0
0,0,1,0.348369836807,0.45,1,0
3,3,1,0.36571097374,0.45,1,0
0,0,1,0.383285999298,0.45,1,0
2,2,1,0.331257104874,0.45,1,0
3,3,1,0.303318977356,0.45,1,0
1,1,1,0.346522092819,0.45,1,0
3,3,1,0.33323097229,0.45,1,0
2,2,1,0.344522953033,0.45,1,0
0,0,1,0.332617044449,0.45,1,0
1,1,1,0.36763381958,0.45,1,0
2,2,1,0.332767009735,0.45,1,0
1,0,0,0.391518115997,0.45,-2,0
0,0,1,0.394395112991,0.45,1,0
3,3,1,0.354934215546,0.45,1,0
1,1,1,0.400141000748,0.45,1,0
3,3,1,0.386584043503,0.45,1,0
0,0,1,0.423226833344,0.45,1,0
2,2,1,0.384280204773,0.45,1,0
3,3,1,0.332366943359,0.45,1,0
1,1,1,0.390909910202,0.45,1,0
2,2,1,0.364346981049,0.45,1,0
0,-1,0,0.7,0.45,-2,0
1,0,0,0.0485610961914,0.45,-2,0
0,0,1,0.500127077103,0.45,-1,0
2,2,1,0.375766992569,0.45,1,0
3,2,0,0.300397872925,0.45,-2,0
2,1,0,0.452507972717,0.45,-2,0
1,1,1,0.545842885971,0.45,-1,0
3,3,1,0.50214099884,0.45,-1,0
0,0,1,0.392326116562,0.45,1,0
3,3,1,0.361972093582,0.45,1,0
0,0,1,0.58349609375,0.45,-1,0
2,2,1,0.449621915817,0.45,1,0
1,1,1,0.365213155746,0.45,1,0
0,0,1,0.368577957153,0.45,1,0
1,1,1,0.387763023376,0.45,1,0
2,2,1,0.334583997726,0.45,1,0
0,0,1,0.370581150055,0.45,1,0
3,3,1,0.359613895416,0.45,1,0
1,1,1,0.358987808228,0.45,1,0
3,3,1,0.364259004593,0.45,1,0
2,2,1,0.439551115036,0.45,1,0
3,2,0,0.379956007004,0.45,-2,0
1,1,1,0.367871999741,0.45,1,0
2,2,1,0.42677283287,0.45,1,0
0,0,1,0.398782014847,0.45,1,0
1,1,1,0.409965991974,0.45,1,0
0,0,1,0.385282993317,0.45,1,0
2,2,1,0.397279977798,0.45,1,0
3,3,1,0.410295963287,0.45,1,0
2,2,1,0.370750904083,0.45,1,0
1,1,1,0.392962932587,0.45,1,0
3,2,0,0.356425046921,0.45,-2,0
0,0,1,0.356183052063,0.45,1,0
3,3,1,0.307492017746,0.45,1,0
0,0,1,0.453151941299,0.45,-1,0
2,2,1,0.426148176193,0.45,1,0
1,1,1,0.38617181778,0.45,1,0
0,0,1,0.404985189438,0.45,1,0
1,0,0,0.378252029419,0.45,-2,0
2,2,1,0.412746906281,0.45,1,0
3,3,1,0.366907835007,0.45,1,0
1,1,1,0.331000089645,0.45,1,0
3,3,1,0.360921144485,0.45,1,0
2,2,1,0.30762386322,0.45,1,0
0,0,1,0.388243913651,0.45,1,0
3,3,1,0.387355089188,0.45,1,0
0,0,1,0.435318946838,0.45,1,0
1,1,1,0.439728975296,0.45,1,0
2,2,1,0.393800973892,0.45,1,0
1,1,1,0.407449960709,0.45,1,0
0,0,1,0.376640081406,0.45,1,0
2,2,1,0.339558124542,0.45,1,0
3,3,1,0.368210077286,0.45,1,0
2,2,1,0.284739971161,0.45,1,0
0,0,1,0.300554990768,0.45,1,0
3,3,1,0.384348154068,0.45,1,0
1,1,1,0.388985872269,0.45,1,0
3,3,1,0.328006982803,0.45,1,0
0,0,1,0.45498418808,0.45,-1,1
2,2,1,0.299268007278,0.45,1,1
1,1,1,0.309987068176,0.45,1,1
3,3,1,0.280469894409,0.45,1,1
1,1,1,0.268306016922,0.45,1,1
2,2,1,0.26447892189,0.45,1,1
3,3,1,0.337262153625,0.45,1,1
0,0,1,0.364619970322,0.45,1,1
1,0,0,0.384117841721,0.45,-2,1
0,0,1,0.397910118103,0.45,1,1
3,3,1,0.377399206161,0.45,1,1
2,2,1,0.338931083679,0.45,1,1
0,0,1,0.375761032104,0.45,1,1
1,0,0,0.321861982346,0.45,-2,1
2,2,1,0.394469976425,0.45,1,1
3,3,1,0.400995016098,0.45,1,1
1,1,1,0.410117149353,0.45,1,1
3,3,1,0.413994073868,0.45,1,1
2,2,1,0.393242835999,0.45,1,1
0,0,1,0.354619026184,0.45,1,1
2,2,1,0.350949048996,0.45,1,1
1,1,1,0.362185955048,0.45,1,1
0,0,1,0.376399993896,0.45,1,1
3,3,1,0.33670592308,0.45,1,1
0,0,1,0.387573957443,0.45,1,1
1,1,1,0.433362007141,0.45,1,1
2,2,1,0.357652902603,0.45,1,1
3,3,1,0.316878080368,0.45,1,1
2,2,1,0.506411790848,0.45,-1,1
1,1,1,0.475646018982,0.45,-1,1
3,3,1,0.490633010864,0.45,-1,1
1,1,1,0.48171710968,0.45,-1,1
0,0,1,0.399039030075,0.45,1,1
3,3,1,0.33756685257,0.45,1,1
0,0,1,0.395511865616,0.45,1,1
2,2,1,0.306239128113,0.45,1,1
0,0,1,0.386054992676,0.45,1,1
1,0,0,0.365296125412,0.45,-2,1
3,3,1,0.387722015381,0.45,1,1
2,2,1,0.37228012085,0.45,1,1
3,3,1,0.415544033051,0.45,1,1
1,1,1,0.437878131866,0.45,1,1
2,2,1,0.398917913437,0.45,1,1
0,0,1,0.364448070526,0.45,1,1
2,2,1,0.342091083527,0.45,1,1
1,1,1,0.378746986389,0.45,1,1
0,0,1,0.370984792709,0.45,1,1
3,3,1,0.384865999222,0.45,1,1
0,0,1,0.419596910477,0.45,1,1
3,3,1,0.397626876831,0.45,1,1
2,2,1,0.375947952271,0.45,1,1
1,-1,0,0.7,0.45,-2,1
2,1,0,0.0863649845123,0.45,-2,1
3,2,0,0.330007076263,0.45,-2,1
1,0,0,0.357802152634,0.45,-2,1
3,3,1,0.577539920807,0.45,-1,1
0,0,1,0.437087059021,0.45,1,1
1,0,0,0.456529140472,0.45,-2,1
0,0,1,0.466691970825,0.45,-1,1
2,2,1,0.500418186188,0.45,-1,1
0,0,1,0.491595983505,0.45,-1,1
1,1,1,0.556689977646,0.45,-1,1
2,2,1,0.410243034363,0.45,1,1
3,3,1,0.300716161728,0.45,1,1
1,1,1,0.350140094757,0.45,1,1
3,3,1,0.400655031204,0.45,1,1
2,2,1,0.326240062714,0.45,1,1
1,1,1,0.326860904694,0.45,1,1
0,0,1,0.388738870621,0.45,1,1
3,3,1,0.429191827774,0.45,1,1
0,0,1,0.451201200485,0.45,-1,1
2,2,1,0.398715019226,0.45,1,1
0,0,1,0.377454042435,0.45,1,1
1,1,1,0.419425010681,0.45,1,1
2,2,1,0.344388008118,0.45,1,1
3,3,1,0.356419801712,0.45,1,1
1,1,1,0.344424009323,0.45,1,1
3,3,1,0.34546995163,0.45,1,1
2,2,1,0.41220998764,0.45,1,1
0,0,1,0.342299938202,0.45,1,1
3,3,1,0.330044031143,0.45,1,1
0,0,1,0.376367092133,0.45,1,1
2,2,1,0.330169916153,0.45,1,1
1,1,1,0.300731897354,0.45,1,1
0,0,1,0.370017051697,0.45,1,1
3,3,1,0.570567846298,0.45,-1,1
1,0,0,0.405106782913,0.45,-2,1
2,2,1,0.345403909683,0.45,1,1
3,3,1,0.390709877014,0.45,1,1
2,2,1,0.36890411377,0.45,1,1
1,1,1,0.32597899437,0.45,1,1
0,0,1,0.325634002686,0.45,1,1
2,2,1,0.299903154373,0.45,1,1
0,1,0,0.372034072876,0.45,-2,1
1,1,1,0.439823150635,0.45,1,1
3,3,1,0.371608972549,0.45,1,1
0,0,1,0.376653909683,0.45,1,1
1,1,1,0.420793056488,0.45,1,1
2,2,1,0.31597495079,0.45,1,1
3,3,1,0.402864933014,0.45,1,1
1,1,1,0.381849050522,0.45,1,1
3,3,1,0.392024040222,0.45,1,1
2,2,1,0.378931999207,0.45,1,1
1,1,1,0.388421058655,0.45,1,1
0,0,1,0.407744884491,0.45,1,1
2,2,1,0.307191848755,0.45,1,1
0,0,1,0.409348964691,0.45,1,1
3,3,1,0.356045007706,0.45,1,1
0,0,1,0.519567966461,0.45,-1,1
2,2,1,0.395262956619,0.45,1,1
1,1,1,0.38769698143,0.45,1,1
3,3,1,0.298029899597,0.45,1,1
1,1,1,0.338908910751,0.45,1,1
2,2,1,0.297049999237,0.45,1,1
3,3,1,0.32977604866,0.45,1,1
2,3,0,0.343477964401,0.45,-2,1
0,0,1,0.510870933533,0.45,-1,1
1,3,0,0.501612901688,0.45,-2,1
0,0,1,0.49515414238,0.45,-1,1
3,3,1,0.432703018188,0.45,1,1
0,0,1,0.35604095459,0.45,1,1
3,3,1,0.330987930298,0.45,1,1
2,2,1,0.380282878876,0.45,1,1
1,1,1,0.350008964539,0.45,1,1
3,3,1,0.388285160065,0.45,1,1
1,1,1,0.452741861343,0.45,-1,1
2,2,1,0.302580118179,0.45,1,1
3,3,1,0.330627202988,0.45,1,1
0,0,1,0.416018009186,0.45,1,1
2,2,1,0.305871963501,0.45,1,1
0,0,1,0.404664993286,0.45,1,1
1,2,0,0.275278091431,0.45,-2,1
0,0,1,0.412357091904,0.45,1,1
3,3,1,0.337121963501,0.45,1,1
2,2,1,0.349378824234,0.45,1,1
1,1,1,0.300815105438,0.45,1,1
3,3,1,0.352358818054,0.45,1,1
1,1,1,0.348173141479,0.45,1,1
2,3,0,0.359611034393,0.45,-2,1
3,3,1,0.362838029861,0.45,1,1
0,0,1,0.384474992752,0.45,1,1
1,1,1,0.458333969116,0.45,-1,1
0,0,1,0.479381799698,0.45,-1,1
2,2,1,0.407655954361,0.45,1,1
0,0,1,0.356646060944,0.45,1,1
1,1,1,0.407542943954,0.45,1,1
2,2,1,0.337973117828,0.45,1,1
3,3,1,0.324897050858,0.45,1,1
2,2,1,0.45442700386,0.45,-1,1
1,1,1,0.341617107391,0.45,1,1
3,3,1,0.337501049042,0.45,1,1
1,1,1,0.316065073013,0.45,1,1
0,0,1,0.403182029724,0.45,1,1
2,2,1,0.346588850021,0.45,1,1
0,0,1,0.420373916626,0.45,1,1
3,3,1,0.392985105515,0.45,1,1
0,0,1,0.466743946075,0.45,-1,1
3,3,1,0.388809919357,0.45,1,1
1,1,1,0.312150001526,0.45,1,1
2,2,1,0.266577005386,0.45,1,1
1,1,1,0.358558177948,0.45,1,1
3,3,1,0.337872982025,0.45,1,1
2,2,1,0.40568113327,0.45,1,1
0,0,1,0.451105117798,0.45,-1,1
2,2,1,0.275203943253,0.45,1,1
3,3,1,0.361243963242,0.45,1,1
0,0,1,0.43547296524,0.45,1,1
1,1,1,0.392512083054,0.45,1,1
0,0,1,0.567497968674,0.45,-1,1
3,3,1,0.411362171173,0.45,1,1
2,2,1,0.353771209717,0.45,1,1
1,1,1,0.313940048218,0.45,1,1
2,2,1,0.311964035034,0.45,1,1
3,3,1,0.362920045853,0.45,1,1
1,1,1,0.324378967285,0.45,1,1
3,3,1,0.441184997559,0.45,1,1
0,0,1,0.435920953751,0.45,1,1
2,2,1,0.325511932373,0.45,1,1
0,0,1,0.409479856491,0.45,1,1
1,1,1,0.607602119446,0.45,-1,1
0,1,0,0.471320867538,0.45,-2,1
3,3,1,0.494552850723,0.45,-1,1
1,1,1,0.445911884308,0.45,1,1
2,2,1,0.346668958664,0.45,1,1
3,3,1,0.374928951263,0.45,1,1
2,2,1,0.29133605957,0.45,1,1
1,1,1,0.380367994308,0.45,1,1
3,3,1,0.352061986923,0.45,1,1
0,0,1,0.412759065628,0.45,1,1
2,2,1,0.280015945435,0.45,1,1
0,1,0,0.423135995865,0.45,-2,1
1,-1,0,0.7,0.45,-2,1
0,1,0,0.0418741703033,0.45,-2,1
2,2,1,0.266214132309,0.45,1,1
1,1,1,0.358775854111,0.45,1,1
3,3,1,0.249253988266,0.45,1,1
1,1,1,0.276255846024,0.45,1,1
2,2,1,0.246799945831,0.45,1,1
3,3,1,0.332024097443,0.45,1,1
2,2,1,0.373430013657,0.45,1,1
0,0,1,0.458791017532,0.45,-1,1
3,3,1,0.479561805725,0.45,-1,1
0,0,1,0.466204881668,0.45,-1,1
1,1,1,0.435637950897,0.45,1,1
0,1,0,0.481307029724,0.45,-2,1
2,2,1,0.339312076569,0.45,1,1
1,1,1,0.356498003006,0.45,1,1
3,3,1,0.304141998291,0.45,1,1
2,2,1,0.307386875153,0.45,1,1
3,3,1,0.397682905197,0.45,1,1
1,1,1,0.362063169479,0.45,1,1
2,2,1,0.331588983536,0.45,1,1
0,0,1,0.416705131531,0.45,1,1
1,2,0,0.37114906311,0.45,-2,1
0,0,1,0.504570007324,0.45,-1,1
3,3,1,0.552634000778,0.45,-1,1
0,0,1,0.404381036758,0.45,1,1
1,1,1,0.412273168564,0.45,1,2
2,2,1,0.305073976517,0.45,1,2
0,0,1,0.3405148983,0.45,1,2
3,3,1,0.324113130569,0.45,1,2
2,2,1,0.2810151577,0.45,1,2
3,3,1,0.342532873154,0.45,1,2
0,0,1,0.328903913498,0.45,1,2
2,2,1,0.29926109314,0.45,1,2
1,1,1,0.295386791229,0.45,1,2
3,2,0,0.27524805069,0.45,-2,2
1,1,1,0.318027019501,0.45,1,2
0,0,1,0.358235836029,0.45,1,2
1,0,0,0.371729850769,0.45,-2,2
3,3,1,0.477652788162,0.45,-1,2
2,2,1,0.384765148163,0.45,1,2
0,0,1,0.349994182587,0.45,1,2
2,2,1,0.320690870285,0.45,1,2
3,3,1,0.265372991562,0.45,1,2
0,0,1,0.332668066025,0.45,1,2
1,1,1,0.352087020874,0.45,1,2
2,2,1,0.365364074707,0.45,1,2
1,1,1,0.408931970596,0.45,1,2
0,1,0,0.413913011551,0.45,-2,2
3,3,1,0.439927101135,0.45,1,2
1,1,1,0.395130872726,0.45,1,2
3,3,1,0.380000114441,0.45,1,2
2,2,1,0.417459964752,0.45,1,2
0,0,1,0.361890792847,0.45,1,2
3,3,1,0.343063116074,0.45,1,2
0,0,1,0.409983873367,0.45,1,2
2,2,1,0.356550931931,0.45,1,2
3,3,1,0.366847991943,0.45,1,2
1,0,0,0.325609922409,0.45,-2,2
2,2,1,0.357794046402,0.45,1,2
1,1,1,0.337418079376,0.45,1,2
0,0,1,0.373893976212,0.45,1,2
1,1,1,0.450695991516,0.45,-1,2
2,2,1,0.36489200592,0.45,1,2
3,3,1,0.321207046509,0.45,1,2
0,0,1,0.340809822083,0.45,1,2
3,3,1,0.367591142654,0.45,1,2
2,2,1,0.315044879913,0.45,1,2
0,0,1,0.34125995636,0.45,1,2
1,1,1,0.383535861969,0.45,1,2
0,0,1,0.451155900955,0.45,-1,2
2,2,1,0.384468078613,0.45,1,2
1,-1,0,0.7,0.45,-2,2
3,1,0,0.0775148868561,0.45,-2,2
1,1,1,0.346190929413,0.45,1,2
3,3,1,0.373270988464,0.45,1,2
0,0,1,0.343532085419,0.45,1,2
2,2,1,0.283295869827,0.45,1,2
3,3,1,0.198823928833,0.45,1,2
2,2,1,0.370127916336,0.45,1,2
0,0,1,0.404301166534,0.45,1,2
1,1,1,0.405426979065,0.45,1,2
0,0,1,0.393036842346,0.45,1,2
3,3,1,0.359581947327,0.45,1,2
1,1,1,0.312479019165,0.45,1,2
2,2,1,0.250815868378,0.45,1,2
1,3,0,0.257204055786,0.45,-2,2
0,0,1,0.36870098114,0.45,1,2
3,3,1,0.359841108322,0.45,1,2
2,2,1,0.335495948792,0.45,1,2
3,3,1,0.508833885193,0.45,-1,2
0,0,1,0.414900779724,0.45,1,2
2,2,1,0.290734052658,0.45,1,2
0,0,1,0.335173130035,0.45,1,2
1,1,1,0.384686946869,0.45,1,2
2,2,1,0.31657910347,0.45,1,2
1,1,1,0.36226606369,0.45,1,2
3,3,1,0.411413908005,0.45,1,2
1,1,1,0.349257946014,0.45,1,2
0,0,1,0.362378120422,0.45,1,2
3,3,1,0.532405853271,0.45,-1,2
2,2,1,0.354403018951,0.45,1,2
0,0,1,0.420860767365,0.45,1,2
2,2,1,0.341951847076,0.45,1,2
3,3,1,0.395592927933,0.45,1,2
1,1,1,0.36471414566,0.45,1,2
2,2,1,0.320920944214,0.45,1,2
1,1,1,0.340469837189,0.45,1,2
3,3,1,0.296476840973,0.45,1,2
0,0,1,0.328718900681,0.45,1,2
1,1,1,0.422904014587,0.45,1,2
3,3,1,0.466265916824,0.45,-1,2
2,2,1,0.381142854691,0.45,1,2
0,0,1,0.35165810585,0.45,1,2
2,2,1,0.32120513916,0.45,1,2
3,3,1,0.350182056427,0.45,1,2
0,0,1,0.393899917603,0.45,1,2
3,3,1,0.340767145157,0.45,1,2
1,1,1,0.367634057999,0.45,1,2
0,0,1,0.363867998123,0.45,1,2
1,1,1,0.395889043808,0.45,1,2
2,2,1,0.344232082367,0.45,1,2
1,1,1,0.429396152496,0.45,1,2
0,0,1,0.394128084183,0.45,1,2
2,2,1,0.306297063828,0.45,1,2
3,3,1,0.349935054779,0.45,1,2
2,3,0,0.368836164474,0.45,-2,2
0,0,1,0.388616085052,0.45,1,2
3,3,1,0.345335960388,0.45,1,2
0,0,1,0.346848964691,0.45,1,2
1,1,1,0.391607999802,0.45,1,2
3,3,1,0.354512214661,0.45,1,2
1,1,1,0.38282418251,0.45,1,2
2,2,1,0.374461889267,0.45,1,2
1,1,1,0.355302095413,0.45,1,2
3,2,0,0.364264011383,0.45,-2,2
0,0,1,0.425835847855,0.45,1,2
2,2,1,0.406469106674,0.45,1,2
0,0,1,0.367218971252,0.45,1,2
3,3,1,0.41187787056,0.45,1,2
2,2,1,0.358690977097,0.45,1,2
1,1,1,0.289822101593,0.45,1,2
2,2,1,0.432129859924,0.45,1,2
3,3,1,0.417451858521,0.45,1,2
1,1,1,0.347571849823,0.45,1,2
0,0,1,0.272976160049,0.45,1,2
1,1,1,0.362726926804,0.45,1,2
3,3,1,0.399079084396,0.45,1,2
2,2,1,0.320362091064,0.45,1,2
0,0,1,0.373557806015,0.45,1,2
3,3,1,0.399341821671,0.45,1,2
0,0,1,0.378535032272,0.45,1,2
2,2,1,0.342292070389,0.45,1,2
3,3,1,0.360476016998,0.45,1,2
1,1,1,0.373111963272,0.45,1,2
2,2,1,0.360946893692,0.45,1,2
1,0,0,0.412127971649,0.45,-2,2
0,0,1,0.350616931915,0.45,1,2
1,2,0,0.378096103668,0.45,-2,2
0,1,0,0.43626999855,0.45,-2,2
2,-1,0,0.7,0.45,-2,2
3,2,0,0.0138549804688,0.45,-2,2
2,2,1,0.520972013474,0.45,-1,2
0,0,1,0.401483774185,0.45,1,2
3,3,1,0.367109060287,0.45,1,2
1,0,0,0.33546090126,0.45,-2,2
2,2,1,0.290754079819,0.45,1,2
1,1,1,0.365513801575,0.45,1,2
3,3,1,0.385759115219,0.45,1,2
0,0,1,0.372587203979,0.45,1,2
1,1,1,0.377670049667,0.45,1,2
2,2,1,0.316915988922,0.45,1,2
0,0,1,0.383801937103,0.45,1,2
3,3,1,0.393191099167,0.45,1,2
0,0,1,0.416086196899,0.45,1,2
2,2,1,0.307250976562,0.45,1,2
3,3,1,0.339024066925,0.45,1,2
2,2,1,0.326377868652,0.45,1,2
1,1,1,0.396664142609,0.45,1,2
0,0,1,0.334165811539,0.45,1,2
1,0,0,0.368926048279,0.45,-2,2
3,2,0,0.342101097107,0.45,-2,2
1,0,0,0.368586778641,0.45,-2,2
2,2,1,0.347985982895,0.45,1,2
3,3,1,0.382178068161,0.45,1,2
0,0,1,0.376610040665,0.45,1,2
3,3,1,0.359179019928,0.45,1,2
2,2,1,0.378110170364,0.45,1,2
0,0,1,0.388723134995,0.45,1,2
1,1,1,0.399996995926,0.45,1,2
3,3,1,0.474687099457,0.45,-1,2
1,0,0,0.430986881256,0.45,-2,2
0,0,1,0.478211164474,0.45,-1,2
2,2,1,0.355772018433,0.45,1,2
1,0,0,0.343966960907,0.45,-2,2
0,0,1,0.392498970032,0.45,1,2
2,2,1,0.286396980286,0.45,1,2
3,3,1,0.256303787231,0.45,1,2
2,2,1,0.347844839096,0.45,1,2
0,0,1,0.313009023666,0.45,1,2
3,3,1,0.362190008163,0.45,1,2
0,0,1,0.389698982239,0.45,1,2
1,1,1,0.416764974594,0.45,1,2
3,3,1,0.387681007385,0.45,1,2
1,1,1,0.326874017715,0.45,1,2
2,2,1,0.313191890717,0.45,1,2
1,1,1,0.270807027817,0.45,1,2
0,0,1,0.394113063812,0.45,1,2
2,2,1,0.269879817963,0.45,1,2
3,3,1,0.248175144196,0.45,1,2
0,0,1,0.387894153595,0.45,1,2
3,3,1,0.366036891937,0.45,1,2
2,2,1,0.338905096054,0.45,1,2
0,0,1,0.340106010437,0.45,1,2
1,0,0,0.342618942261,0.45,-2,2
2,2,1,0.298142910004,0.45,1,2
1,1,1,0.392360925674,0.45,1,2
3,3,1,0.380272865295,0.45,1,2
1,1,1,0.319011926651,0.45,1,2
3,3,1,0.346689939499,0.45,1,2
2,2,1,0.308391809464,0.45,1,2
0,0,1,0.42353105545,0.45,1,2
3,3,1,0.514334917068,0.45,-1,2
0,0,1,0.431060791016,0.45,1,2
2,2,1,0.303045988083,0.45,1,2
1,1,1,0.269854068756,0.45,1,2
2,2,1,0.329240083694,0.45,1,2
3,3,1,0.379483938217,0.45,1,2
1,1,1,0.295478820801,0.45,1,2
0,0,1,0.295800924301,0.45,1,2
1,1,1,0.371088027954,0.45,1,2
3,2,0,0.262309074402,0.45,-2,2
2,1,0,0.307332038879,0.45,-2,2
0,0,1,0.422235012054,0.45,1,2
2,2,1,0.283181905746,0.45,1,2
3,3,1,0.26265001297,0.45,1,2
0,0,1,0.288400173187,0.45,1,2
1,1,1,0.64496588707,0.45,-1,2
2,2,1,0.423233985901,0.45,1,2
1,0,0,0.403105974197,0.45,-2,2
0,0,1,0.46883893013,0.45,-1,2
3,3,1,0.327522993088,0.45,1,2
1,1,1,0.305227994919,0.45,1,2
3,3,1,0.468925952911,0.45,-1,3
0,0,1,0.359347105026,0.45,1,3
1,1,1,0.394505977631,0.45,1,3
2,2,1,0.285301923752,0.45,1,3
0,0,1,0.335302114487,0.45,1,3
2,2,1,0.27583694458,0.45,1,3
1,1,1,0.276777982712,0.45,1,3
0,0,1,0.311548948288,0.45,1,3
3,2,0,0.308653831482,0.45,-2,3
2,2,1,0.302263975143,0.45,1,3
3,2,0,0.457041978836,0.45,-2,3
1,-1,0,0.7,0.45,-2,3
3,1,0,0.0502138137817,0.45,-2,3
1,1,1,0.355976819992,0.45,1,3
0,0,1,0.41440486908,0.45,1,3
2,2,1,0.303974866867,0.45,1,3
0,0,1,0.358438968658,0.45,1,3
1,0,0,0.337668180466,0.45,-2,3
2,2,1,0.306619167328,0.45,1,3
3,3,1,0.374745845795,0.45,1,3
2,3,0,0.460295915604,0.45,-2,3
1,1,1,0.405118942261,0.45,1,3
3,2,0,0.362412929535,0.45,-2,3
0,0,1,0.327000141144,0.45,1,3
3,3,1,0.344996929169,0.45,1,3
2,2,1,0.402407884598,0.45,1,3
1,1,1,0.381152153015,0.45,1,3
0,0,1,0.409041881561,0.45,1,3
2,2,1,0.315263986588,0.45,1,3
0,0,1,0.360050916672,0.45,1,3
1,0,0,0.365422964096,0.45,-2,3
2,2,1,0.400089025497,0.45,1,3
3,3,1,0.443513154984,0.45,1,3
1,1,1,0.453070878983,0.45,-1,3
3,2,0,0.321521997452,0.45,-2,3
0,0,1,0.277655124664,0.45,1,3
3,3,1,0.356281042099,0.45,1,3
2,2,1,0.299998998642,0.45,1,3
1,1,1,0.270346164703,0.45,1,3
0,0,1,0.311235904694,0.45,1,3
1,1,1,0.330132961273,0.45,1,3
2,2,1,0.350686073303,0.45,1,3
0,0,1,0.386538982391,0.45,1,3
2,2,1,0.35745382309,0.45,1,3
3,3,1,0.347413063049,0.45,1,3
0,0,1,0.396973848343,0.45,1,3
3,3,1,0.462368011475,0.45,-1,3
1,1,1,0.500148057938,0.45,-1,3
3,3,1,0.544270038605,0.45,-1,3
2,2,1,0.528214216232,0.45,-1,3
0,0,1,0.500202894211,0.45,-1,3
1,1,1,0.421916007996,0.45,1,3
0,0,1,0.466773986816,0.45,-1,3
2,2,1,0.390717983246,0.45,1,3
1,1,1,0.480002880096,0.45,-1,3
3,3,1,0.388768196106,0.45,1,3
0,0,1,0.345352888107,0.45,1,3
3,3,1,0.323857069016,0.45,1,3
1,1,1,0.284974813461,0.45,1,3
2,2,1,0.272832155228,0.45,1,3
3,3,1,0.317831039429,0.45,1,3
0,0,1,0.294157981873,0.45,1,3
1,0,0,0.309385061264,0.45,-2,3
2,2,1,0.300699949265,0.45,1,3
0,0,1,0.425705909729,0.45,1,3
2,3,0,0.310724020004,0.45,-2,3
1,0,0,0.215287923813,0.45,-2,3
3,2,0,0.362599134445,0.45,-2,3
1,0,0,0.447347164154,0.45,-2,3
0,-1,0,0.7,0.45,-2,3
3,3,1,0.470244884491,0.45,-1,3
2,-1,0,0.7,0.45,-2,3
3,3,1,0.491121053696,0.45,-1,3
2,2,1,0.42410993576,0.45,1,3
1,1,1,0.500076055527,0.45,-1,3
0,0,1,0.366992950439,0.45,1,3
1,1,1,0.408582925797,0.45,1,3
2,2,1,0.290165185928,0.45,1,3
0,0,1,0.304504871368,0.45,1,3
3,3,1,0.354666948318,0.45,1,3
0,0,1,0.391031980515,0.45,1,3
2,2,1,0.31262087822,0.45,1,3
3,3,1,0.356865882874,0.45,1,3
1,1,1,0.303788900375,0.45,1,3
3,3,1,0.371317863464,0.45,1,3
2,2,1,0.367779970169,0.45,1,3
1,1,1,0.351129055023,0.45,1,3
0,0,1,0.355149030685,0.45,1,3
1,1,1,0.38352894783,0.45,1,3
2,2,1,0.338937997818,0.45,1,3
0,0,1,0.423413038254,0.45,1,3
2,2,1,0.314022064209,0.45,1,3
3,3,1,0.237682104111,0.45,1,3
1,1,1,0.290926933289,0.45,1,3
3,3,1,0.350016832352,0.45,1,3
0,0,1,0.398222923279,0.45,1,3
3,3,1,0.345309019089,0.45,1,3
1,1,1,0.350769042969,0.45,1,3
0,0,1,0.34317612648,0.45,1,3
2,2,1,0.282685995102,0.45,1,3
1,0,0,0.340850114822,0.45,-2,3
2,2,1,0.396749019623,0.45,1,3
0,-1,0,0.7,0.45,-2,3
1,1,1,0.650542974472,0.45,-1,3
3,3,1,0.426712989807,0.45,1,3
0,0,1,0.409322977066,0.45,1,3
3,3,1,0.441646099091,0.45,1,3
2,2,1,0.32594203949,0.45,1,3
3,3,1,0.375621080399,0.45,1,3
0,0,1,0.365339994431,0.45,1,3
1,1,1,0.366588115692,0.45,1,3
2,2,1,0.32195687294,0.45,1,3
0,-1,0,0.7,0.45,-2,3
2,0,0,0.0265839099884,0.45,-2,3
1,1,1,0.494532108307,0.45,-1,3
3,3,1,0.360058069229,0.45,1,3
1,1,1,0.357645988464,0.45,1,3
0,0,1,0.348922014236,0.45,1,3
3,3,1,0.38397693634,0.45,1,3
2,2,1,0.335071086884,0.45,1,3
3,3,1,0.408202886581,0.45,1,3
0,0,1,0.394423007965,0.45,1,3
1,1,1,0.517742156982,0.45,-1,3
2,2,1,0.43418598175,0.45,1,3
0,3,0,0.373327970505,0.45,-2,3
2,3,0,0.353502035141,0.45,-2,3
1,1,1,0.509129047394,0.45,-1,3
0,0,1,0.431891918182,0.45,1,3
3,3,1,0.34703707695,0.45,1,3
2,2,1,0.318697929382,0.45,1,3
3,3,1,0.410557031631,0.45,1,3
1,1,1,0.405379056931,0.45,1,3
3,3,1,0.39262509346,0.45,1,3
0,0,1,0.362709999084,0.45,1,3
1,1,1,0.32773399353,0.45,1,3
2,2,1,0.315917015076,0.45,1,3
0,0,1,0.388592004776,0.45,1,3
2,2,1,0.327289104462,0.45,1,3
1,1,1,0.419842004776,0.45,1,3
3,3,1,0.454554080963,0.45,-1,3
2,2,1,0.379466056824,0.45,1,3
3,3,1,0.38058590889,0.45,1,3
1,1,1,0.399955034256,0.45,1,3
0,0,1,0.426982164383,0.45,1,3
3,3,1,0.390080928802,0.45,1,3
1,0,0,0.346531867981,0.45,-2,3
0,0,1,0.438699960709,0.45,1,3
2,2,1,0.33776807785,0.45,1,3
0,0,1,0.530641078949,0.45,-1,3
1,1,1,0.390779972076,0.45,1,3
2,2,1,0.264724969864,0.45,1,3
3,3,1,0.36652803421,0.45,1,3
0,0,1,0.425472021103,0.45,1,3
3,3,1,0.363260984421,0.45,1,3
2,2,1,0.416584968567,0.45,1,3
1,1,1,0.352979898453,0.45,1,3
3,3,1,0.327117919922,0.45,1,3
2,2,1,0.299210071564,0.45,1,3
0,0,1,0.261124134064,0.45,1,3
1,1,1,0.566951990128,0.45,-1,3
2,2,1,0.33765912056,0.45,1,3
1,1,1,0.405210018158,0.45,1,3
0,0,1,0.497993946075,0.45,-1,3
3,3,1,0.397041082382,0.45,1,3
1,1,1,0.377767086029,0.45,1,3
3,3,1,0.521420955658,0.45,-1,3
0,0,1,0.413079977036,0.45,1,3
2,2,1,0.31454205513,0.45,1,3
3,3,1,0.292355060577,0.45,1,3
2,3,0,0.386121034622,0.45,-2,3
1,1,1,0.41103887558,0.45,1,3
0,0,1,0.351001977921,0.45,1,3
2,2,1,0.30769610405,0.45,1,3
0,0,1,0.347320079803,0.45,1,3
1,1,1,0.414622068405,0.45,1,3
3,3,1,0.4763879776,0.45,-1,3
0,0,1,0.478106021881,0.45,-1,3
3,3,1,0.433404922485,0.45,1,3
1,1,1,0.390029907227,0.45,1,3
2,2,1,0.362036943436,0.45,1,3
3,3,1,0.362738847733,0.45,1,3
2,2,1,0.357830047607,0.45,1,3
1,1,1,0.331881046295,0.45,1,3
0,0,1,0.373250007629,0.45,1,3
1,1,1,0.384471893311,0.45,1,3
2,2,1,0.31719994545,0.45,1,3
0,1,0,0.377812147141,0.45,-2,3
3,3,1,0.449056148529,0.45,1,3
0,0,1,0.518509149551,0.45,-1,3
2,2,1,0.427335977554,0.45,1,3
3,3,1,0.374392986298,0.45,1,3
1,0,0,0.359966993332,0.45,-2,3
3,2,0,0.386840105057,0.45,-2,3
1,1,1,0.445508003235,0.45,1,3
0,0,1,0.426891088486,0.45,1,3
2,2,1,0.324506044388,0.45,1,3
0,0,1,0.409380912781,0.45,1,3
1,1,1,0.4099650383,0.45,1,3
2,2,1,0.357727050781,0.45,1,3
3,3,1,0.496149778366,0.45,-1,3
2,2,1,0.394982099533,0.45,1,3
1,1,1,0.337672948837,0.45,1,3
3,3,1,0.378523111343,0.45,1,3
0,0,1,0.383291006088,0.45,1,3
3,3,1,0.369918823242,0.45,1,3
2,2,1,0.357563018799,0.45,1,3
0,0,1,0.45830488205,0.45,-1,3
1,1,1,0.44540810585,0.45,1,3
0,0,1,0.526507854462,0.45,-1,3
2,2,1,0.395965099335,0.45,1,3
1,1,1,0.387830018997,0.45,1,3
2,2,1,0.450597047806,0.45,-1,3
3,3,1,0.34779882431,0.45,1,3
0,0,1,0.400689840317,0.45,1,3
3,3,1,0.498137950897,0.45,-1,3
1,1,1,0.467761039734,0.45,-1,3
3,3,1,0.50310587883,0.45,-1,3
2,2,1,0.476882219315,0.45,-1,4
0,0,1,0.364394187927,0.45,1,4
3,3,1,0.330088853836,0.45,1,4
1,1,1,0.285309791565,0.45,1,4
0,0,1,0.366658210754,0.45,1,4
1,1,1,0.393352031708,0.45,1,4
3,3,1,0.389328956604,0.45,1,4
2,2,1,0.353559970856,0.45,1,4
1,1,1,0.309568166733,0.45,1,4
2,2,1,0.334841966629,0.45,1,4
3,3,1,0.347677946091,0.45,1,4
0,0,1,0.423499822617,0.45,1,4
2,2,1,0.345900058746,0.45,1,4
1,1,1,0.338541984558,0.45,1,4
0,0,1,0.398947954178,0.45,1,4
3,3,1,0.371172904968,0.45,1,4
0,0,1,0.415815830231,0.45,1,4
1,0,0,0.426697969437,0.45,-2,4
3,3,1,0.436504125595,0.45,1,4
2,2,1,0.333638906479,0.45,1,4
3,3,1,0.380617856979,0.45,1,4
1,1,1,0.332153081894,0.45,1,4
2,2,1,0.320932149887,0.45,1,4
0,0,1,0.299900054932,0.45,1,4
2,3,0,0.257848024368,0.45,-2,4
1,1,1,0.355546951294,0.45,1,4
3,3,1,0.326080799103,0.45,1,4
0,0,1,0.328840017319,0.45,1,4
3,3,1,0.365545988083,0.45,1,4
1,1,1,0.321126937866,0.45,1,4
0,0,1,0.380417108536,0.45,1,4
1,1,1,0.480405807495,0.45,-1,4
2,2,1,0.376513957977,0.45,1,4
3,3,1,0.283386945724,0.45,1,4
2,1,0,0.271834135056,0.45,-2,4
0,0,1,0.244868040085,0.45,1,4
2,2,1,0.280148983002,0.45,1,4
0,0,1,0.379959821701,0.45,1,4
3,3,1,0.390668153763,0.45,1,4
1,2,0,0.462749004364,0.45,-2,4
3,2,0,0.47495508194,0.45,-2,4
0,0,1,0.420648097992,0.45,1,4
1,1,1,0.436192989349,0.45,1,4
0,-1,0,0.7,0.45,-2,4
2,2,1,0.451094150543,0.45,-1,4
1,1,1,0.434823989868,0.45,1,4
2,2,1,0.537281036377,0.45,-1,4
3,3,1,0.435378074646,0.45,1,4
2,2,1,0.336256980896,0.45,1,4
1,1,1,0.306569099426,0.45,1,4
3,3,1,0.33411693573,0.45,1,4
0,0,1,0.335985898972,0.45,1,4
1,0,0,0.3386759758,0.45,-2,4
0,1,0,0.429531097412,0.45,-2,4
3,3,1,0.376619100571,0.45,1,4
2,2,1,0.333793878555,0.45,1,4
3,3,1,0.376709938049,0.45,1,4
1,1,1,0.421144962311,0.45,1,4
2,2,1,0.366626024246,0.45,1,4
0,0,1,0.361873149872,0.45,1,4
2,2,1,0.340682983398,0.45,1,4
0,0,1,0.400462150574,0.45,1,4
1,0,0,0.467736959457,0.45,-2,4
3,3,1,0.437458992004,0.45,1,4
0,0,1,0.443903923035,0.45,1,4
3,3,1,0.41371512413,0.45,1,4
1,1,1,0.369261980057,0.45,1,4
2,2,1,0.332833051682,0.45,1,4
1,2,0,0.400017976761,0.45,-2,4
0,0,1,0.43447303772,0.45,1,4
2,2,1,0.36018204689,0.45,1,4
3,3,1,0.354374885559,0.45,1,4
2,2,1,0.294588804245,0.45,1,4
3,2,0,0.330368995667,0.45,-2,4
1,0,0,0.417443990707,0.45,-2,4
0,0,1,0.430910110474,0.45,1,4
3,3,1,0.458936929703,0.45,-1,4
0,0,1,0.52419090271,0.45,-1,4
1,1,1,0.430384159088,0.45,1,4
2,2,1,0.305397987366,0.45,1,4
1,1,1,0.408423900604,0.45,1,4
3,3,1,0.386815071106,0.45,1,4
2,2,1,0.332243204117,0.45,1,4
0,0,1,0.417687177658,0.45,1,4
2,2,1,0.445373058319,0.45,1,4
3,3,1,0.375780105591,0.45,1,4
1,1,1,0.354381084442,0.45,1,4
0,0,1,0.39022898674,0.45,1,4
1,1,1,0.392077207565,0.45,1,4
3,3,1,0.404411077499,0.45,1,4
0,0,1,0.457020044327,0.45,-1,4
2,2,1,0.409934997559,0.45,1,4
1,1,1,0.357328176498,0.45,1,4
2,2,1,0.393253803253,0.45,1,4
0,0,1,0.43556189537,0.45,1,4
3,3,1,0.350300788879,0.45,1,4
2,2,1,0.388103961945,0.45,1,4
0,0,1,0.40623497963,0.45,1,4
3,3,1,0.296265125275,0.45,1,4
1,0,0,0.278365850449,0.45,-2,4
3,2,0,0.246140003204,0.45,-2,4
0,0,1,0.260971069336,0.45,1,4
1,0,0,0.420655012131,0.45,-2,4
2,2,1,0.441577911377,0.45,1,4
3,3,1,0.419778108597,0.45,1,4
2,2,1,0.349739074707,0.45,1,4
1,1,1,0.379888057709,0.45,1,4
0,0,1,0.335464000702,0.45,1,4
2,2,1,0.274008989334,0.45,1,4
3,3,1,0.235234022141,0.45,1,4
0,0,1,0.42272901535,0.45,1,4
1,1,1,0.452930927277,0.45,-1,4
3,3,1,0.400059938431,0.45,1,4
1,1,1,0.38675403595,0.45,1,4
0,0,1,0.405289888382,0.45,1,4
2,2,1,0.369931936264,0.45,1,4
1,1,1,0.418656826019,0.45,1,4
2,2,1,0.34214091301,0.45,1,4
0,1,0,0.37197804451,0.45,-2,4
3,3,1,0.430225849152,0.45,1,4
2,2,1,0.377017021179,0.45,1,4
0,0,1,0.338526964188,0.45,1,4
3,3,1,0.343090057373,0.45,1,4
1,1,1,0.304164886475,0.45,1,4
3,3,1,0.349289894104,0.45,1,4
0,0,1,0.399021863937,0.45,1,4
1,1,1,0.434627056122,0.45,1,4
2,2,1,0.367856025696,0.45,1,4
3,3,1,0.337733030319,0.45,1,4
2,2,1,0.355479955673,0.45,1,4
1,1,1,0.344211816788,0.45,1,4
0,0,1,0.283184051514,0.45,1,4
2,2,1,0.329612970352,0.45,1,4
0,1,0,0.361171007156,0.45,-2,4
1,1,1,0.544330835342,0.45,-1,4
3,3,1,0.442456007004,0.45,1,4
0,0,1,0.396605014801,0.45,1,4
3,3,1,0.416640996933,0.45,1,4
1,1,1,0.363515138626,0.45,1,4
2,2,1,0.28641295433,0.45,1,4
1,0,0,0.315176963806,0.45,-2,4
0,0,1,0.381993055344,0.45,1,4
2,2,1,0.321662187576,0.45,1,4
3,3,1,0.282582998276,0.45,1,4
2,2,1,0.311013221741,0.45,1,4
1,1,1,0.291860103607,0.45,1,4
0,0,1,0.279399871826,0.45,1,4
3,3,1,0.314387083054,0.45,1,4
0,0,1,0.417438983917,0.45,1,4
1,1,1,0.400021076202,0.45,1,4
3,3,1,0.33781003952,0.45,1,4
2,2,1,0.286494016647,0.45,1,4
0,0,1,0.40709400177,0.45,1,4
2,2,1,0.349749088287,0.45,1,4
3,3,1,0.36843085289,0.45,1,4
1,1,1,0.28864979744,0.45,1,4
2,2,1,0.28782582283,0.45,1,4
0,0,1,0.427636146545,0.45,1,4
3,3,1,0.302567005157,0.45,1,4
1,1,1,0.312420845032,0.45,1,4
3,1,0,0.260157823563,0.45,-2,4
0,0,1,0.45450091362,0.45,-1,4
1,1,1,0.611096858978,0.45,-1,4
2,2,1,0.412104129791,0.45,1,4
1,1,1,0.408207893372,0.45,1,4
0,0,1,0.428969144821,0.45,1,4
2,2,1,0.350243091583,0.45,1,4
3,3,1,0.315614938736,0.45,1,4
2,2,1,0.443474054337,0.45,1,4
1,1,1,0.297471046448,0.45,1,4
3,2,0,0.364758968353,0.45,-2,4
0,0,1,0.333286046982,0.45,1,4
1,1,1,0.401124000549,0.45,1,4
0,-1,0,0.7,0.45,-2,4
3,3,1,0.465862989426,0.45,-1,4
2,2,1,0.449302911758,0.45,1,4
0,0,1,0.341188907623,0.45,1,4
2,1,0,0.450992107391,0.45,-2,4
3,3,1,0.404103040695,0.45,1,4
1,0,0,0.368536949158,0.45,-2,4
2,2,1,0.402902126312,0.45,1,4
3,3,1,0.390043973923,0.45,1,4
1,1,1,0.332605838776,0.45,1,4
0,0,1,0.359891176224,0.45,1,4
1,1,1,0.38563990593,0.45,1,4
3,3,1,0.372273921967,0.45,1,4
0,0,1,0.382686138153,0.45,1,4
2,2,1,0.34881901741,0.45,1,4
1,0,0,0.367169141769,0.45,-2,4
2,1,0,0.403348922729,0.45,-2,4
0,0,1,0.450864076614,0.45,-1,4
3,3,1,0.425353050232,0.45,1,4
2,1,0,0.324512958527,0.45,-2,4
3,2,0,0.454426050186,0.45,-2,4
1,1,1,0.455398082733,0.45,-1,4
0,1,0,0.419579982758,0.45,-2,4
3,3,1,0.485783100128,0.45,-1,4
0,0,1,0.459718942642,0.45,-1,4
1,1,1,0.54181599617,0.45,-1,4
2,2,1,0.423923969269,0.45,1,4
1,1,1,0.410943984985,0.45,1,4
3,3,1,0.336255788803,0.45,1,4
2,2,1,0.4024310112,0.45,1,4
0,0,1,0.335800886154,0.45,1,4
2,2,1,0.283122062683,0.45,1,4
3,3,1,0.254287958145,0.45,1,4
1,1,1,0.328748941422,0.45,1,4
0,0,1,0.386927843094,0.45,1,4
3,3,1,0.366142988205,0.45,1,4
0,1,0,0.353479146957,0.45,-2,4
1,0,0,0.398484945297,0.45,-2,4
